!E(eV)		F(ergcm-2s-1)	delta e(-)	delta e(+)	delta F(-)	delta F(+)	Observatory
6.3536E-05	2.0176E-12	0.0000E+00	0.0000E+00	1.0000E-20	1.0000E-20	MOJAVE_k14
1.9528E+00	5.1350E-11	0.0000E+00	0.0000E+00	1.5548E-12	1.5548E-12	Tuorla
2.2675E+00	8.14820153e-11	0.0000E+00	0.0000E+00	3.5893E-12	3.5893E-12	UVOT_Host_removed
2.8230E+00	8.34523278e-11	0.0000E+00	0.0000E+00	2.6689E-12	2.6689E-12	UVOT_Host_removed
3.5782E+00	6.55619226e-11	0.0000E+00	0.0000E+00	1.6162E-12	1.6162E-12	UVOT_Host_removed
4.7686E+00	5.60810990e-11	0.0000E+00	0.0000E+00	1.3883E-12	1.3883E-12	UVOT_Host_removed
5.5202E+00	6.15540415e-11	0.0000E+00	0.0000E+00	1.5122E-12	1.5122E-12	UVOT_Host_removed
6.4307E+00	4.84210196e-11	0.0000E+00	0.0000E+00	1.1936E-12	1.1936E-12	UVOT_Host_removed
4.8000E+02	7.0400E-12	5.8574E+01	3.8459E+01	1.8860E-12	1.8860E-12	XRT_Qi
5.6000E+02	5.5257E-12	4.1541E+01	3.6322E+01	2.2764E-12	2.2764E-12	XRT_Qi
6.3500E+02	1.1554E-11	3.8678E+01	3.1708E+01	2.9159E-12	2.9159E-12	XRT_Qi
7.0000E+02	1.1353E-11	3.3292E+01	2.9383E+01	3.4581E-12	3.4581E-12	XRT_Qi
7.6000E+02	1.2406E-11	3.0617E+01	2.7020E+01	3.7909E-12	3.7909E-12	XRT_Qi
8.1500E+02	9.5758E-12	2.7980E+01	2.4628E+01	4.5541E-12	4.5541E-12	XRT_Qi
8.6500E+02	9.2379E-12	2.5372E+01	2.2215E+01	4.6231E-12	4.6231E-12	XRT_Qi
9.1000E+02	1.8785E-11	2.2785E+01	1.9785E+01	5.3504E-12	5.3504E-12	XRT_Qi
9.5000E+02	2.7433E-11	2.0215E+01	1.9794E+01	5.7550E-12	5.7550E-12	XRT_Qi
9.9000E+02	2.9303E-11	2.0206E+01	1.7348E+01	5.9871E-12	5.9871E-12	XRT_Qi
1.0250E+03	3.4517E-11	1.7652E+01	1.7353E+01	7.2164E-12	7.2164E-12	XRT_Qi
1.0600E+03	2.3927E-11	1.7647E+01	1.9815E+01	6.4472E-12	6.4472E-12	XRT_Qi
1.1000E+03	1.9456E-11	2.0185E+01	1.9821E+01	6.3432E-12	6.3432E-12	XRT_Qi
1.1400E+03	3.3181E-11	2.0179E+01	1.9828E+01	6.8707E-12	6.8707E-12	XRT_Qi
1.1800E+03	2.9371E-11	2.0172E+01	1.9833E+01	6.9058E-12	6.9058E-12	XRT_Qi
1.2200E+03	3.1143E-11	2.0167E+01	1.9839E+01	6.2459E-12	6.2459E-12	XRT_Qi
1.2600E+03	2.6467E-11	2.0161E+01	2.2303E+01	6.8670E-12	6.8670E-12	XRT_Qi
1.3050E+03	2.7680E-11	2.2697E+01	2.2309E+01	6.1861E-12	6.1861E-12	XRT_Qi
1.3500E+03	4.0685E-11	2.2691E+01	2.4773E+01	7.4930E-12	7.4930E-12	XRT_Qi
1.4000E+03	1.8562E-11	2.5227E+01	2.4781E+01	6.1292E-12	6.1292E-12	XRT_Qi
1.4500E+03	3.8349E-11	2.5219E+01	2.2328E+01	8.8284E-12	8.8284E-12	XRT_Qi
1.4950E+03	2.9907E-11	2.2672E+01	2.7252E+01	7.9274E-12	7.9274E-12	XRT_Qi
1.5500E+03	3.0248E-11	2.7748E+01	3.2166E+01	7.0955E-12	7.0955E-12	XRT_Qi
1.6150E+03	1.2748E-11	3.2834E+01	3.4629E+01	7.4036E-12	7.4036E-12	XRT_Qi
1.6850E+03	3.0487E-11	3.5371E+01	3.7092E+01	7.9923E-12	7.9923E-12	XRT_Qi
1.7600E+03	2.6752E-11	3.7908E+01	4.4439E+01	7.7614E-12	7.7614E-12	XRT_Qi
1.8500E+03	2.0431E-11	4.5561E+01	4.9342E+01	7.6506E-12	7.6506E-12	XRT_Qi
1.9500E+03	3.2101E-11	5.0658E+01	5.1812E+01	8.7080E-12	8.7080E-12	XRT_Qi
2.0550E+03	2.4049E-11	5.3188E+01	5.4283E+01	8.7375E-12	8.7375E-12	XRT_Qi
2.1650E+03	4.0587E-11	5.5717E+01	6.4052E+01	9.1141E-12	9.1141E-12	XRT_Qi
2.2950E+03	3.7907E-11	6.5948E+01	7.8652E+01	9.0806E-12	9.0806E-12	XRT_Qi
2.4550E+03	3.2797E-11	8.1348E+01	8.1159E+01	9.6514E-12	9.6514E-12	XRT_Qi
2.6200E+03	4.8043E-11	8.3841E+01	9.8161E+01	1.0408E-11	1.0408E-11	XRT_Qi
2.8200E+03	2.6928E-11	1.0184E+02	1.1515E+02	8.3095E-12	8.3095E-12	XRT_Qi
3.0550E+03	3.3151E-11	1.1985E+02	1.0809E+02	9.3804E-12	9.3804E-12	XRT_Qi
3.2750E+03	3.9512E-11	1.1191E+02	1.1546E+02	1.1402E-11	1.1402E-11	XRT_Qi
3.5100E+03	4.0512E-11	1.1954E+02	1.3731E+02	1.0331E-11	1.0331E-11	XRT_Qi
3.7900E+03	3.6081E-11	1.4269E+02	1.7353E+02	1.0210E-11	1.0210E-11	XRT_Qi
4.1450E+03	2.7713E-11	1.8147E+02	2.5468E+02	9.2541E-12	9.2541E-12	XRT_Qi
4.6700E+03	2.3879E-11	2.7032E+02	3.6568E+02	8.2147E-12	8.2147E-12	XRT_Qi
5.4300E+03	3.4431E-11	3.9432E+02	7.3743E+02	9.7425E-12	9.7425E-12	XRT_Qi
7.0050E+03	4.6077E-11	8.3757E+02	9.8400E+02	1.0916E-11	1.0916E-11	XRT_Qi
1.7716E+08	2.4503E-10	7.7160E+07	1.3670E+08	5.7526E-11	6.5955E-11	Fermi_Block1_Jan1
5.5603E+08	3.6827E-10	2.4217E+08	4.2903E+08	8.2009E-11	9.3744E-11	Fermi_Block1_Jan1
1.7451E+09	4.1010E-10	7.6006E+08	1.3465E+09	1.2563E-10	1.5095E-10	Fermi_Block1_Jan1
5.4772E+09	6.4049E-10	2.3856E+09	4.2263E+09	2.5343E-10	3.1741E-10	Fermi_Block1_Jan1
1.7191E+10	5.3693E-10	7.4872E+09	1.3264E+10	0.0000E+00	0.0000E+00	Fermi_Block1_Jan1
5.3954E+10	1.6705E-09	2.3499E+10	4.1631E+10	0.0000E+00	0.0000E+00	Fermi_Block1_Jan1
8.2247E+10	2.4828E-10	8.3989E+09	9.3541E+09	7.0033E-11	7.0033E-11	MAGIC_Jan1
1.2753E+11	2.2241E-10	1.3022E+10	1.4504E+10	3.6355E-11	3.6355E-11	MAGIC_Jan1
1.9773E+11	1.4223E-10	2.0191E+10	2.2488E+10	2.2026E-11	2.2026E-11	MAGIC_Jan1
3.0658E+11	1.4154E-10	3.1307E+10	3.4868E+10	1.6784E-11	1.6784E-11	MAGIC_Jan1
4.7536E+11	9.6239E-11	4.8542E+10	5.4063E+10	1.1687E-11	1.1687E-11	MAGIC_Jan1
7.3706E+11	5.8023E-11	7.5265E+10	8.3825E+10	8.9806E-12	8.9806E-12	MAGIC_Jan1
1.1428E+12	2.6585E-11	1.1670E+11	1.2997E+11	6.1743E-12	6.1743E-12	MAGIC_Jan1
1.7720E+12	7.0812E-12	1.8094E+11	2.0152E+11	3.8247E-12	3.8247E-12	MAGIC_Jan1
