   220.00     230.00     240.00     250.00     260.00
   270.00     280.00     290.00     300.00     310.00
   320.00     330.00     340.00     350.00     360.00
   370.00     380.00     390.00     400.00     410.00
   420.00     430.00     440.00     450.00     460.00
   470.00     480.00     490.00     500.00     510.00
   520.00     530.00     540.00     550.00     560.00
   570.00     580.00     590.00     600.00     610.00
   620.00     630.00     640.00     650.00     660.00
   670.00     680.00     690.00     700.00     710.00
   720.00     730.00     740.00     750.00     760.00
   770.00     780.00     790.00     800.00     810.00
   820.00     830.00     840.00     850.00     860.00
   870.00     880.00     890.00     900.00     910.00
   920.00     930.00     940.00     950.00     960.00
   970.00     980.00     990.00    1000.00    1010.00
  1020.00    1030.00    1040.00    1050.00    1060.00
  1070.00    1080.00    1090.00    1100.00    1110.00
  1120.00    1130.00    1140.00    1150.00    1160.00
  1170.00    1180.00    1190.00    1200.00    1210.00
  1220.00    1230.00    1240.00    1250.00    1260.00
  1270.00    1280.00    1290.00    1300.00    1310.00
  1320.00    1330.00    1340.00    1350.00    1360.00
  1370.00    1380.00    1390.00    1400.00    1410.00
  1420.00    1430.00    1440.00    1450.00    1460.00
  1470.00    1480.00    1490.00    1500.00    1510.00
  1520.00    1530.00    1540.00    1550.00    1560.00
  1570.00    1580.00    1590.00    1600.00    1610.00
  1620.00    1630.00    1640.00    1650.00    1660.00
  1670.00    1680.00    1690.00    1700.00    1710.00
  1720.00    1730.00    1740.00    1750.00    1760.00
  1770.00    1780.00    1790.00    1800.00    1810.00
  1820.00    1830.00    1840.00    1850.00    1860.00
  1870.00    1880.00    1890.00    1900.00    1910.00
  1920.00    1930.00    1940.00    1950.00    1960.00
  1970.00    1980.00    1990.00    2000.00    2010.00
  2020.00    2030.00    2040.00    2050.00    2060.00
  2070.00    2080.00    2090.00    2100.00    2110.00
  2120.00    2130.00    2140.00    2150.00    2160.00
  2170.00    2180.00    2190.00    2200.00    2210.00
  2220.00    2230.00    2240.00    2250.00    2260.00
  2270.00    2280.00    2290.00    2300.00    2310.00
  2320.00    2330.00    2340.00    2350.00    2360.00
  2370.00    2380.00    2390.00    2400.00    2410.00
  2420.00    2430.00    2440.00    2450.00    2460.00
  2470.00    2480.00    2490.00    2500.00    2510.00
  2520.00    2530.00    2540.00    2550.00    2560.00
  2570.00    2580.00    2590.00    2600.00    2610.00
  2620.00    2630.00    2640.00    2650.00    2660.00
  2670.00    2680.00    2690.00    2700.00    2710.00
  2720.00    2730.00    2740.00    2750.00    2760.00
  2770.00    2780.00    2790.00    2800.00    2810.00
  2820.00    2830.00    2840.00    2850.00    2860.00
  2870.00    2880.00    2890.00    2900.00    2910.00
  2920.00    2930.00    2940.00    2950.00    2960.00
  2970.00    2980.00    2990.00    3000.00    3010.00
  3020.00    3030.00    3040.00    3050.00    3060.00
  3070.00    3080.00    3090.00    3100.00    3110.00
  3120.00    3130.00    3140.00    3150.00    3160.00
  3170.00    3180.00    3190.00    3200.00    3210.00
  3220.00    3230.00    3240.00    3250.00    3260.00
  3270.00    3280.00    3290.00    3300.00    3310.00
  3320.00    3330.00    3340.00    3350.00    3360.00
  3370.00    3380.00    3390.00    3400.00    3410.00
  3420.00    3430.00    3440.00    3450.00    3460.00
  3470.00    3480.00    3490.00    3500.00    3510.00
  3520.00    3530.00    3540.00    3550.00    3560.00
  3570.00    3580.00    3590.00    3600.00    3610.00
  3620.00    3630.00    3640.00    3650.00    3660.00
  3670.00    3680.00    3690.00    3700.00    3710.00
  3720.00    3730.00    3740.00    3750.00    3760.00
  3770.00    3780.00    3790.00    3800.00    3810.00
  3820.00    3830.00    3840.00    3850.00    3860.00
  3870.00    3880.00    3890.00    3900.00    3910.00
  3920.00    3930.00    3940.00    3950.00    3960.00
  3970.00    3980.00    3990.00    4000.00    4010.00
  4020.00    4030.00    4040.00    4050.00    4060.00
  4070.00    4080.00    4090.00    4100.00    4110.00
  4120.00    4130.00    4140.00    4150.00    4160.00
  4170.00    4180.00    4190.00    4200.00    4210.00
  4220.00    4230.00    4240.00    4250.00    4260.00
  4270.00    4280.00    4290.00    4300.00    4310.00
  4320.00    4330.00    4340.00    4350.00    4360.00
  4370.00    4380.00    4390.00    4400.00    4410.00
  4420.00    4430.00    4440.00    4450.00    4460.00
  4470.00    4480.00    4490.00    4500.00    4510.00
  4520.00    4530.00    4540.00    4550.00    4560.00
  4570.00    4580.00    4590.00    4600.00    4610.00
  4620.00    4630.00    4640.00    4650.00    4660.00
  4670.00    4680.00    4690.00    4700.00    4710.00
  4720.00    4730.00    4740.00    4750.00    4760.00
  4770.00    4780.00    4790.00    4800.00    4810.00
  4820.00    4830.00    4840.00    4850.00    4860.00
  4870.00    4880.00    4890.00    4900.00    4910.00
  4920.00    4930.00    4940.00    4950.00    4960.00
  4970.00    4980.00    4990.00    5000.00    5010.00
  5020.00    5030.00    5040.00    5050.00    5060.00
  5070.00    5080.00    5090.00    5100.00    5110.00
  5120.00    5130.00    5140.00    5150.00    5160.00
  5170.00    5180.00    5190.00    5200.00    5210.00
  5220.00    5230.00    5240.00    5250.00    5260.00
  5270.00    5280.00    5290.00    5300.00    5310.00
  5320.00    5330.00    5340.00    5350.00    5360.00
  5370.00    5380.00    5390.00    5400.00    5410.00
  5420.00    5430.00    5440.00    5450.00    5460.00
  5470.00    5480.00    5490.00    5500.00    5510.00
  5520.00    5530.00    5540.00    5550.00    5560.00
  5570.00    5580.00    5590.00    5600.00    5610.00
  5620.00    5630.00    5640.00    5650.00    5660.00
  5670.00    5680.00    5690.00    5700.00    5710.00
  5720.00    5730.00    5740.00    5750.00    5760.00
  5770.00    5780.00    5790.00    5800.00    5810.00
  5820.00    5830.00    5840.00    5850.00    5860.00
  5870.00    5880.00    5890.00    5900.00    5910.00
  5920.00    5930.00    5940.00    5950.00    5960.00
  5970.00    5980.00    5990.00    6000.00    6010.00
  6020.00    6030.00    6040.00    6050.00    6060.00
  6070.00    6080.00    6090.00    6100.00    6110.00
  6120.00    6130.00    6140.00    6150.00    6160.00
  6170.00    6180.00    6190.00    6200.00    6210.00
  6220.00    6230.00    6240.00    6250.00    6260.00
  6270.00    6280.00    6290.00    6300.00    6310.00
  6320.00    6330.00    6340.00    6350.00    6360.00
  6370.00    6380.00    6390.00    6400.00    6410.00
  6420.00    6430.00    6440.00    6450.00    6460.00
  6470.00    6480.00    6490.00    6500.00    6510.00
  6520.00    6530.00    6540.00    6550.00    6560.00
  6570.00    6580.00    6590.00    6600.00    6610.00
  6620.00    6630.00    6640.00    6650.00    6660.00
  6670.00    6680.00    6690.00    6700.00    6710.00
  6720.00    6730.00    6740.00    6750.00    6760.00
  6770.00    6780.00    6790.00    6800.00    6810.00
  6820.00    6830.00    6840.00    6850.00    6860.00
  6870.00    6880.00    6890.00    6900.00    6910.00
  6920.00    6930.00    6940.00    6950.00    6960.00
  6970.00    6980.00    6990.00    7000.00    7010.00
  7020.00    7030.00    7040.00    7050.00    7060.00
  7070.00    7080.00    7090.00    7100.00    7110.00
  7120.00    7130.00    7140.00    7150.00    7160.00
  7170.00    7180.00    7190.00    7200.00    7210.00
  7220.00    7230.00    7240.00    7250.00    7260.00
  7270.00    7280.00    7290.00    7300.00    7310.00
  7320.00    7330.00    7340.00    7350.00    7360.00
  7370.00    7380.00    7390.00    7400.00    7410.00
  7420.00    7430.00    7440.00    7450.00    7460.00
  7470.00    7480.00    7490.00    7500.00    7510.00
  7520.00    7530.00    7540.00    7550.00    7560.00
  7570.00    7580.00    7590.00    7600.00    7610.00
  7620.00    7630.00    7640.00    7650.00    7660.00
  7670.00    7680.00    7690.00    7700.00    7710.00
  7720.00    7730.00    7740.00    7750.00    7760.00
  7770.00    7780.00    7790.00    7800.00    7810.00
  7820.00    7830.00    7840.00    7850.00    7860.00
  7870.00    7880.00    7890.00    7900.00    7910.00
  7920.00    7930.00    7940.00    7950.00    7960.00
  7970.00    7980.00    7990.00    8000.00    8010.00
  8020.00    8030.00    8040.00    8050.00    8060.00
  8070.00    8080.00    8090.00    8100.00    8110.00
  8120.00    8130.00    8140.00    8150.00    8160.00
  8170.00    8180.00    8190.00    8200.00    8210.00
  8220.00    8230.00    8240.00    8250.00    8260.00
  8270.00    8280.00    8290.00    8300.00    8310.00
  8320.00    8330.00    8340.00    8350.00    8360.00
  8370.00    8380.00    8390.00    8400.00    8410.00
  8420.00    8430.00    8440.00    8450.00    8460.00
  8470.00    8480.00    8490.00    8500.00    8510.00
  8520.00    8530.00    8540.00    8550.00    8560.00
  8570.00    8580.00    8590.00    8600.00    8610.00
  8620.00    8630.00    8640.00    8650.00    8660.00
  8670.00    8680.00    8690.00    8700.00    8710.00
  8720.00    8730.00    8740.00    8750.00    8760.00
  8770.00    8780.00    8980.00    9180.00    9380.00
  9580.00    9780.00    9980.00   10180.00   10380.00
 10580.00   10780.00   10980.00   11180.00   11380.00
 11580.00   11780.00   11980.00   12180.00   12380.00
 12580.00   12780.00   12980.00   13180.00   13380.00
 13580.00   13780.00   13980.00   14180.00   14380.00
 14580.00   14780.00   14980.00   15180.00   15380.00
 15580.00   15780.00   15980.00   16180.00   16380.00
 16580.00   16780.00   16980.00   17180.00   17380.00
 17580.00   17780.00   17980.00   18180.00   18380.00
 18580.00   18780.00   18980.00   19180.00   19380.00
 19580.00   19780.00   19980.00   20180.00   20380.00
 20580.00   20780.00   20980.00   21180.00   21380.00
 21580.00   21780.00   21980.00   22180.00   22380.00
 22580.00   22780.00   22980.00   23180.00   23380.00
 23580.00   23780.00   23980.00   24180.00   24380.00
 24580.00   24780.00   24980.00   25180.00   25380.00
 25580.00   25780.00   25980.00   26180.00   26380.00
 26580.00   26780.00   26980.00   27180.00   27380.00
 27580.00   27780.00   27980.00   28180.00   28380.00
 28580.00   28780.00   28980.00   29180.00   29380.00
 29580.00   29780.00   29980.00   30180.00   30380.00
 30580.00   30780.00   30980.00   31180.00   31380.00
 31580.00   31780.00   31980.00   32180.00   32380.00
 32580.00   32780.00   32980.00   33180.00   33380.00
 33580.00   33780.00   33980.00   34180.00   34380.00
 34580.00   34780.00   34980.00   35180.00   35380.00
 35580.00   35780.00   35980.00   36180.00   36380.00
 36580.00   36780.00   36980.00   37180.00   37380.00
 37580.00   37780.00   37980.00   38180.00   38380.00
 38580.00   38780.00   38980.00   39180.00   39380.00
 39580.00   39780.00   39980.00   40180.00   40380.00
 40580.00   40780.00   40980.00   41180.00   41380.00
 41580.00   41780.00   41980.00   42180.00   42380.00
 42580.00   42780.00   42980.00   43180.00   43380.00
 43580.00   43780.00   43980.00   44180.00   44380.00
 44580.00   44780.00   44980.00   45180.00   45380.00
 45580.00   45780.00   45980.00   46180.00   46380.00
 46580.00   46780.00   46980.00   47180.00   47380.00
 47580.00   47780.00   47980.00   48180.00   48380.00
 48580.00   48780.00   48980.00   49180.00   49380.00
 49580.00   49780.00   49980.00   50180.00   50380.00
 50580.00   50780.00   50980.00   51180.00   51380.00
 51580.00   51780.00   51980.00   52180.00   52380.00
 52580.00   52780.00   52980.00   53180.00   53380.00
 53580.00   53780.00   53980.00   54180.00   54380.00
 54580.00   54780.00   54980.00   55180.00   55380.00
 55580.00   55780.00   55980.00   56180.00   56380.00
 56580.00   56780.00   56980.00   57180.00   57380.00
 57580.00   57780.00   57980.00   58180.00   58380.00
 58580.00   58780.00   58980.00   59180.00   59380.00
 59580.00   59780.00   59980.00   60180.00   60380.00
 60580.00   60780.00   60980.00   61180.00   61380.00
 61580.00   61780.00   61980.00   62180.00   62380.00
 62580.00   62780.00   62980.00   63180.00   63380.00
 63580.00   63780.00   63980.00   64180.00   64380.00
 64580.00   64780.00   64980.00   65180.00   65380.00
 65580.00   65780.00   65980.00   66180.00   66380.00
 66580.00   66780.00   66980.00   67180.00   67380.00
 67580.00   67780.00   67980.00   68180.00   68380.00
 68580.00   68780.00   68980.00   69180.00   69380.00
 69580.00   69780.00   69980.00   70180.00   70380.00
 70580.00   70780.00   70980.00   71180.00   71380.00
 71580.00   71780.00   71980.00   72180.00   72380.00
 72580.00   72780.00   72980.00   73180.00   73380.00
 73580.00   73780.00   73980.00   74180.00   74380.00
 74580.00   74780.00   74980.00   75180.00   75380.00
 75580.00   75780.00   75980.00   76180.00   76380.00
 76580.00   76780.00   76980.00   77180.00   77380.00
 77580.00   77780.00   77980.00   78180.00   78380.00
 78580.00   78780.00   78980.00   79180.00   79380.00
 79580.00   79780.00   79980.00   80180.00   80380.00
 80580.00   80780.00   80980.00   81180.00   81380.00
 81580.00   81780.00   81980.00   82180.00   82380.00
 82580.00   82780.00   82980.00   83180.00   83380.00
 83580.00   83780.00   83980.00   84180.00   84380.00
 84580.00   84780.00   84980.00   85180.00   85380.00
 85580.00   85780.00   85980.00   86180.00   86380.00
 86580.00   86780.00   86980.00   87180.00   87380.00
 87580.00   87780.00   87980.00   88180.00   88380.00
 88580.00   88780.00   88980.00   89180.00   89380.00
 89580.00   89780.00   89980.00   90180.00   90380.00
 90580.00   90780.00   90980.00   91180.00   91380.00
 91580.00   91780.00   91980.00   92180.00   92380.00
 92580.00   92780.00   92980.00   93180.00   93380.00
 93580.00   93780.00   93980.00   94180.00   94380.00
 94580.00   94780.00   94980.00   95180.00   95380.00
 95580.00   95780.00   95980.00   96180.00   96380.00
 96580.00   96780.00   96980.00
