!E(eV)		F(ergcm-2s-1)	Emin            Emax      	delta F(-)	delta F(+)	Observatory
2.2753E-05	5.4702E-14	2.2191E-05	2.3329E-05	1.4454E-15	1.4454E-15	ATCA_kpc
3.7233E-05	7.5995E-14	3.6313E-05	3.8175E-05	2.0372E-15	2.0372E-15	ATCA_kpc
7.0328E-05	1.1064E-13	6.8592E-05	7.2109E-05	2.4731E-15	2.4731E-15	ATCA_kpc
7.8602E-05	1.1985E-13	7.6661E-05	8.0592E-05	2.7641E-15	2.7641E-15	ATCA_kpc
1.5720E-04	2.0355E-13	1.5332E-04	1.6118E-04	6.8591E-15	6.8591E-15	ATCA_kpc
1.6548E-04	2.1827E-13	1.6139E-04	1.6967E-04	7.2201E-15	7.2201E-15	ATCA_kpc
3.4907E-06	1.3022E-14	3.3204E-06	3.6699E-06	7.5970E-16	7.5970E-16	MGPS_kpc
3.7853E-04	3.2065E-13	3.6918E-04	3.8812E-04	2.7484E-14	2.7484E-14	ALMA_kpc
4.0294E-04	3.2182E-13	3.9299E-04	4.1314E-04	2.9257E-14	2.9257E-14	ALMA_kpc
4.2818E-04	3.0053E-13	4.1760E-04	4.3902E-04	3.1089E-14	3.1089E-14	ALMA_kpc
1.4210E-03	4.1272E-13	1.3860E-03	1.4570E-03	6.8786E-14	6.8786E-14	ALMA_kpc
1.3458E-06	7.1047E-15	1.2801E-06	1.4148E-06	7.4438E-16	7.4438E-16	GMRT_kpc
2.5259E-06	1.1721E-14	2.4026E-06	2.6555E-06	1.5284E-15	1.5284E-15	GMRT_kpc
6.2113E-07	1.0583E-15	5.9081E-07	6.5300E-07	1.2814E-16	1.2814E-16	TGSS 
3.4783E-05	1.9311E-14	3.3085E-05	3.6568E-05	9.7861E-16	9.7861E-16	TANAMI_core
9.2341E-05	4.2583E-14	8.7834E-05	9.7079E-05	6.7236E-15	6.7236E-15	TANAMI_core
3.4783E-05	5.0771E-14	3.3085E-05	3.6568E-05	2.9548E-15	2.9548E-15	TANAMI_total
9.2341E-05	6.4995E-14	8.7834E-05	9.7079E-05	8.9648E-15	8.9648E-15	TANAMI_total
5.6350E-02	1.0722E-12	4.9444E-02	6.4220E-02	3.6956E-15	3.6956E-15	WISE_Nhdiff_stat
1.0350E-01	1.0998E-12	9.0813E-02	1.1795E-01	6.9460E-15	6.9460E-15	WISE_Nhdiff_stat
2.7078E-01	3.5554E-12	2.3759E-01	3.0860E-01	5.9321E-14	5.9321E-14	WISE_Nhdiff_stat
3.7127E-01	4.8026E-12	3.2577E-01	4.2313E-01	1.1184E-13	1.1184E-13	WISE_Nhdiff_stat
5.7589E-01	5.8630E-12	5.3420E-01	6.2083E-01	2.3960E-13	2.3960E-13	2MASS_Nhdiff_stat
7.4810E-01	5.0174E-12	6.9395E-01	8.0648E-01	2.8319E-13	2.8319E-13	2MASS_Nhdiff_stat
1.0068E+00	3.9553E-12	9.3388E-01	1.0853E+00	3.2547E-13	3.2547E-13	2MASS_Nhdiff_stat
5.1651E-01	4.3279E-12	5.1624E-01	5.1678E-01	1.6976E-13	1.6976E-13	X-Shooter_Nhdiff_stat
5.1705E-01	4.5862E-12	5.1678E-01	5.1732E-01	1.8012E-13	1.8012E-13	X-Shooter_Nhdiff_stat
5.1759E-01	4.6228E-12	5.1732E-01	5.1786E-01	1.8178E-13	1.8178E-13	X-Shooter_Nhdiff_stat
5.1813E-01	4.6013E-12	5.1786E-01	5.1840E-01	1.8116E-13	1.8116E-13	X-Shooter_Nhdiff_stat
5.1867E-01	4.3549E-12	5.1840E-01	5.1894E-01	1.7168E-13	1.7168E-13	X-Shooter_Nhdiff_stat
5.1922E-01	4.5437E-12	5.1894E-01	5.1949E-01	1.7934E-13	1.7934E-13	X-Shooter_Nhdiff_stat
5.1976E-01	4.6652E-12	5.1949E-01	5.2003E-01	1.8437E-13	1.8437E-13	X-Shooter_Nhdiff_stat
5.2031E-01	4.4876E-12	5.2003E-01	5.2058E-01	1.7757E-13	1.7757E-13	X-Shooter_Nhdiff_stat
5.2085E-01	4.5088E-12	5.2058E-01	5.2113E-01	1.7864E-13	1.7864E-13	X-Shooter_Nhdiff_stat
5.2140E-01	4.4711E-12	5.2113E-01	5.2167E-01	1.7737E-13	1.7737E-13	X-Shooter_Nhdiff_stat
5.2195E-01	4.7903E-12	5.2167E-01	5.2222E-01	1.9027E-13	1.9027E-13	X-Shooter_Nhdiff_stat
5.2250E-01	4.6178E-12	5.2222E-01	5.2277E-01	1.8365E-13	1.8365E-13	X-Shooter_Nhdiff_stat
5.2305E-01	4.3740E-12	5.2277E-01	5.2333E-01	1.7417E-13	1.7417E-13	X-Shooter_Nhdiff_stat
5.2360E-01	4.5701E-12	5.2333E-01	5.2388E-01	1.8221E-13	1.8221E-13	X-Shooter_Nhdiff_stat
5.2416E-01	4.7472E-12	5.2388E-01	5.2443E-01	1.8951E-13	1.8951E-13	X-Shooter_Nhdiff_stat
5.2471E-01	4.7548E-12	5.2443E-01	5.2499E-01	1.9006E-13	1.9006E-13	X-Shooter_Nhdiff_stat
5.2527E-01	4.5828E-12	5.2499E-01	5.2554E-01	1.8341E-13	1.8341E-13	X-Shooter_Nhdiff_stat
5.2582E-01	4.5873E-12	5.2554E-01	5.2610E-01	1.8383E-13	1.8383E-13	X-Shooter_Nhdiff_stat
5.2638E-01	4.9139E-12	5.2610E-01	5.2666E-01	1.9716E-13	1.9716E-13	X-Shooter_Nhdiff_stat
5.2694E-01	4.6701E-12	5.2666E-01	5.2722E-01	1.8762E-13	1.8762E-13	X-Shooter_Nhdiff_stat
5.2750E-01	4.6650E-12	5.2722E-01	5.2778E-01	1.8765E-13	1.8765E-13	X-Shooter_Nhdiff_stat
5.2806E-01	4.6448E-12	5.2778E-01	5.2835E-01	1.8708E-13	1.8708E-13	X-Shooter_Nhdiff_stat
5.2863E-01	4.7786E-12	5.2835E-01	5.2891E-01	1.9272E-13	1.9272E-13	X-Shooter_Nhdiff_stat
5.2919E-01	4.8542E-12	5.2891E-01	5.2947E-01	1.9601E-13	1.9601E-13	X-Shooter_Nhdiff_stat
5.2976E-01	4.7147E-12	5.2947E-01	5.3004E-01	1.9062E-13	1.9062E-13	X-Shooter_Nhdiff_stat
5.3032E-01	4.6840E-12	5.3004E-01	5.3061E-01	1.8963E-13	1.8963E-13	X-Shooter_Nhdiff_stat
5.3089E-01	4.6377E-12	5.3061E-01	5.3117E-01	1.8800E-13	1.8800E-13	X-Shooter_Nhdiff_stat
5.3146E-01	4.8371E-12	5.3117E-01	5.3174E-01	1.9633E-13	1.9633E-13	X-Shooter_Nhdiff_stat
5.3203E-01	4.7896E-12	5.3174E-01	5.3232E-01	1.9465E-13	1.9465E-13	X-Shooter_Nhdiff_stat
5.3260E-01	4.9147E-12	5.3232E-01	5.3289E-01	1.9999E-13	1.9999E-13	X-Shooter_Nhdiff_stat
5.3317E-01	4.9829E-12	5.3289E-01	5.3346E-01	2.0303E-13	2.0303E-13	X-Shooter_Nhdiff_stat
5.3375E-01	4.6683E-12	5.3346E-01	5.3403E-01	1.9046E-13	1.9046E-13	X-Shooter_Nhdiff_stat
5.3432E-01	4.7471E-12	5.3403E-01	5.3461E-01	1.9393E-13	1.9393E-13	X-Shooter_Nhdiff_stat
5.3490E-01	4.8826E-12	5.3461E-01	5.3519E-01	1.9972E-13	1.9972E-13	X-Shooter_Nhdiff_stat
5.3548E-01	4.8914E-12	5.3519E-01	5.3577E-01	2.0034E-13	2.0034E-13	X-Shooter_Nhdiff_stat
5.3606E-01	4.8881E-12	5.3577E-01	5.3635E-01	2.0046E-13	2.0046E-13	X-Shooter_Nhdiff_stat
5.3664E-01	5.0412E-12	5.3635E-01	5.3693E-01	2.0701E-13	2.0701E-13	X-Shooter_Nhdiff_stat
5.3722E-01	4.9956E-12	5.3693E-01	5.3751E-01	2.0541E-13	2.0541E-13	X-Shooter_Nhdiff_stat
5.3780E-01	4.9624E-12	5.3751E-01	5.3809E-01	2.0431E-13	2.0431E-13	X-Shooter_Nhdiff_stat
5.3838E-01	4.7460E-12	5.3809E-01	5.3868E-01	1.9565E-13	1.9565E-13	X-Shooter_Nhdiff_stat
5.3897E-01	4.8328E-12	5.3868E-01	5.3926E-01	1.9950E-13	1.9950E-13	X-Shooter_Nhdiff_stat
5.3955E-01	4.8511E-12	5.3926E-01	5.3985E-01	2.0051E-13	2.0051E-13	X-Shooter_Nhdiff_stat
5.4014E-01	4.9938E-12	5.3985E-01	5.4044E-01	2.0668E-13	2.0668E-13	X-Shooter_Nhdiff_stat
5.4073E-01	4.8225E-12	5.4044E-01	5.4103E-01	1.9986E-13	1.9986E-13	X-Shooter_Nhdiff_stat
5.4132E-01	4.9729E-12	5.4103E-01	5.4162E-01	2.0636E-13	2.0636E-13	X-Shooter_Nhdiff_stat
5.4192E-01	4.9777E-12	5.4162E-01	5.4221E-01	2.0683E-13	2.0683E-13	X-Shooter_Nhdiff_stat
5.4251E-01	4.9733E-12	5.4221E-01	5.4280E-01	2.0692E-13	2.0692E-13	X-Shooter_Nhdiff_stat
5.4310E-01	4.9682E-12	5.4280E-01	5.4340E-01	2.0698E-13	2.0698E-13	X-Shooter_Nhdiff_stat
5.4370E-01	5.0771E-12	5.4340E-01	5.4400E-01	2.1180E-13	2.1180E-13	X-Shooter_Nhdiff_stat
5.4429E-01	5.0684E-12	5.4400E-01	5.4459E-01	2.1172E-13	2.1172E-13	X-Shooter_Nhdiff_stat
5.4489E-01	5.2307E-12	5.4459E-01	5.4519E-01	2.1879E-13	2.1879E-13	X-Shooter_Nhdiff_stat
5.4549E-01	5.5975E-12	5.4519E-01	5.4579E-01	2.3444E-13	2.3444E-13	X-Shooter_Nhdiff_stat
5.4609E-01	4.9735E-12	5.4579E-01	5.4639E-01	2.0858E-13	2.0858E-13	X-Shooter_Nhdiff_stat
5.4669E-01	4.9879E-12	5.4639E-01	5.4700E-01	2.0947E-13	2.0947E-13	X-Shooter_Nhdiff_stat
5.4730E-01	5.0822E-12	5.4700E-01	5.4760E-01	2.1371E-13	2.1371E-13	X-Shooter_Nhdiff_stat
5.4790E-01	4.8622E-12	5.4760E-01	5.4820E-01	2.0473E-13	2.0473E-13	X-Shooter_Nhdiff_stat
5.4851E-01	4.8175E-12	5.4820E-01	5.4881E-01	2.0312E-13	2.0312E-13	X-Shooter_Nhdiff_stat
5.4912E-01	4.9473E-12	5.4881E-01	5.4942E-01	2.0887E-13	2.0887E-13	X-Shooter_Nhdiff_stat
5.4972E-01	4.7328E-12	5.4942E-01	5.5003E-01	2.0008E-13	2.0008E-13	X-Shooter_Nhdiff_stat
5.5033E-01	4.8016E-12	5.5003E-01	5.5064E-01	2.0327E-13	2.0327E-13	X-Shooter_Nhdiff_stat
5.5095E-01	4.9040E-12	5.5064E-01	5.5125E-01	2.0788E-13	2.0788E-13	X-Shooter_Nhdiff_stat
5.5156E-01	4.7489E-12	5.5125E-01	5.5186E-01	2.0158E-13	2.0158E-13	X-Shooter_Nhdiff_stat
5.5217E-01	4.7893E-12	5.5186E-01	5.5248E-01	2.0357E-13	2.0357E-13	X-Shooter_Nhdiff_stat
5.5279E-01	4.6908E-12	5.5248E-01	5.5310E-01	1.9965E-13	1.9965E-13	X-Shooter_Nhdiff_stat
5.5341E-01	4.6680E-12	5.5310E-01	5.5372E-01	1.9895E-13	1.9895E-13	X-Shooter_Nhdiff_stat
5.5403E-01	4.8251E-12	5.5372E-01	5.5433E-01	2.0592E-13	2.0592E-13	X-Shooter_Nhdiff_stat
5.5464E-01	4.6291E-12	5.5433E-01	5.5496E-01	1.9782E-13	1.9782E-13	X-Shooter_Nhdiff_stat
5.5527E-01	4.7171E-12	5.5496E-01	5.5558E-01	2.0186E-13	2.0186E-13	X-Shooter_Nhdiff_stat
5.5589E-01	4.8309E-12	5.5558E-01	5.5620E-01	2.0701E-13	2.0701E-13	X-Shooter_Nhdiff_stat
5.5651E-01	4.8285E-12	5.5620E-01	5.5682E-01	2.0719E-13	2.0719E-13	X-Shooter_Nhdiff_stat
5.5714E-01	4.7255E-12	5.5682E-01	5.5745E-01	2.0305E-13	2.0305E-13	X-Shooter_Nhdiff_stat
5.5776E-01	4.6604E-12	5.5745E-01	5.5808E-01	2.0052E-13	2.0052E-13	X-Shooter_Nhdiff_stat
5.5839E-01	4.6771E-12	5.5808E-01	5.5871E-01	2.0152E-13	2.0152E-13	X-Shooter_Nhdiff_stat
5.5902E-01	4.7329E-12	5.5871E-01	5.5934E-01	2.0420E-13	2.0420E-13	X-Shooter_Nhdiff_stat
5.5965E-01	4.8220E-12	5.5934E-01	5.5997E-01	2.0833E-13	2.0833E-13	X-Shooter_Nhdiff_stat
5.6028E-01	4.8198E-12	5.5997E-01	5.6060E-01	2.0852E-13	2.0852E-13	X-Shooter_Nhdiff_stat
5.6092E-01	4.8284E-12	5.6060E-01	5.6124E-01	2.0918E-13	2.0918E-13	X-Shooter_Nhdiff_stat
5.6155E-01	4.8348E-12	5.6124E-01	5.6187E-01	2.0974E-13	2.0974E-13	X-Shooter_Nhdiff_stat
5.6219E-01	4.8178E-12	5.6187E-01	5.6251E-01	2.0929E-13	2.0929E-13	X-Shooter_Nhdiff_stat
5.6283E-01	4.8708E-12	5.6251E-01	5.6315E-01	2.1189E-13	2.1189E-13	X-Shooter_Nhdiff_stat
5.6347E-01	4.7916E-12	5.6315E-01	5.6379E-01	2.0873E-13	2.0873E-13	X-Shooter_Nhdiff_stat
5.6411E-01	4.8166E-12	5.6379E-01	5.6443E-01	2.1011E-13	2.1011E-13	X-Shooter_Nhdiff_stat
5.6475E-01	4.7936E-12	5.6443E-01	5.6507E-01	2.0940E-13	2.0940E-13	X-Shooter_Nhdiff_stat
5.6540E-01	4.8227E-12	5.6507E-01	5.6572E-01	2.1096E-13	2.1096E-13	X-Shooter_Nhdiff_stat
5.6604E-01	4.8220E-12	5.6572E-01	5.6637E-01	2.1123E-13	2.1123E-13	X-Shooter_Nhdiff_stat
5.6669E-01	4.7726E-12	5.6637E-01	5.6701E-01	2.0935E-13	2.0935E-13	X-Shooter_Nhdiff_stat
5.6734E-01	4.8203E-12	5.6701E-01	5.6766E-01	2.1174E-13	2.1174E-13	X-Shooter_Nhdiff_stat
5.6799E-01	4.8300E-12	5.6766E-01	5.6831E-01	2.1246E-13	2.1246E-13	X-Shooter_Nhdiff_stat
5.6864E-01	4.9336E-12	5.6831E-01	5.6896E-01	2.1732E-13	2.1732E-13	X-Shooter_Nhdiff_stat
5.6929E-01	4.9435E-12	5.6896E-01	5.6962E-01	2.1806E-13	2.1806E-13	X-Shooter_Nhdiff_stat
5.6995E-01	4.9538E-12	5.6962E-01	5.7027E-01	2.1882E-13	2.1882E-13	X-Shooter_Nhdiff_stat
5.7060E-01	4.8656E-12	5.7027E-01	5.7093E-01	2.1523E-13	2.1523E-13	X-Shooter_Nhdiff_stat
5.7126E-01	4.9060E-12	5.7093E-01	5.7159E-01	2.1732E-13	2.1732E-13	X-Shooter_Nhdiff_stat
5.7192E-01	4.8870E-12	5.7159E-01	5.7225E-01	2.1678E-13	2.1678E-13	X-Shooter_Nhdiff_stat
5.7258E-01	5.0072E-12	5.7225E-01	5.7291E-01	2.2243E-13	2.2243E-13	X-Shooter_Nhdiff_stat
5.7324E-01	4.9266E-12	5.7291E-01	5.7357E-01	2.1916E-13	2.1916E-13	X-Shooter_Nhdiff_stat
5.7390E-01	4.9275E-12	5.7357E-01	5.7423E-01	2.1950E-13	2.1950E-13	X-Shooter_Nhdiff_stat
5.7457E-01	4.9471E-12	5.7423E-01	5.7490E-01	2.2069E-13	2.2069E-13	X-Shooter_Nhdiff_stat
5.7523E-01	5.0139E-12	5.7490E-01	5.7557E-01	2.2399E-13	2.2399E-13	X-Shooter_Nhdiff_stat
5.7590E-01	4.9490E-12	5.7557E-01	5.7624E-01	2.2140E-13	2.2140E-13	X-Shooter_Nhdiff_stat
5.7657E-01	5.0138E-12	5.7624E-01	5.7691E-01	2.2462E-13	2.2462E-13	X-Shooter_Nhdiff_stat
5.7724E-01	5.0356E-12	5.7691E-01	5.7758E-01	2.2592E-13	2.2592E-13	X-Shooter_Nhdiff_stat
5.7792E-01	4.9702E-12	5.7758E-01	5.7825E-01	2.2330E-13	2.2330E-13	X-Shooter_Nhdiff_stat
5.7859E-01	4.9222E-12	5.7825E-01	5.7893E-01	2.2146E-13	2.2146E-13	X-Shooter_Nhdiff_stat
5.7927E-01	4.9723E-12	5.7893E-01	5.7961E-01	2.2403E-13	2.2403E-13	X-Shooter_Nhdiff_stat
5.7995E-01	4.9599E-12	5.7961E-01	5.8028E-01	2.2380E-13	2.2380E-13	X-Shooter_Nhdiff_stat
5.8062E-01	4.9419E-12	5.8028E-01	5.8096E-01	2.2330E-13	2.2330E-13	X-Shooter_Nhdiff_stat
5.8131E-01	4.9389E-12	5.8096E-01	5.8165E-01	2.2349E-13	2.2349E-13	X-Shooter_Nhdiff_stat
5.8199E-01	5.0317E-12	5.8165E-01	5.8233E-01	2.2801E-13	2.2801E-13	X-Shooter_Nhdiff_stat
5.8267E-01	5.0824E-12	5.8233E-01	5.8301E-01	2.3064E-13	2.3064E-13	X-Shooter_Nhdiff_stat
5.8336E-01	5.0801E-12	5.8301E-01	5.8370E-01	2.3087E-13	2.3087E-13	X-Shooter_Nhdiff_stat
5.8404E-01	5.0992E-12	5.8370E-01	5.8439E-01	2.3207E-13	2.3207E-13	X-Shooter_Nhdiff_stat
5.8473E-01	5.1028E-12	5.8439E-01	5.8508E-01	2.3257E-13	2.3257E-13	X-Shooter_Nhdiff_stat
5.8542E-01	5.1162E-12	5.8508E-01	5.8577E-01	2.3352E-13	2.3352E-13	X-Shooter_Nhdiff_stat
5.8611E-01	5.1678E-12	5.8577E-01	5.8646E-01	2.3622E-13	2.3622E-13	X-Shooter_Nhdiff_stat
5.8681E-01	5.1231E-12	5.8646E-01	5.8715E-01	2.3451E-13	2.3451E-13	X-Shooter_Nhdiff_stat
5.8750E-01	5.1237E-12	5.8715E-01	5.8785E-01	2.3488E-13	2.3488E-13	X-Shooter_Nhdiff_stat
5.8820E-01	5.0479E-12	5.8785E-01	5.8855E-01	2.3174E-13	2.3174E-13	X-Shooter_Nhdiff_stat
5.8890E-01	5.0332E-12	5.8855E-01	5.8925E-01	2.3141E-13	2.3141E-13	X-Shooter_Nhdiff_stat
5.8960E-01	5.2436E-12	5.8925E-01	5.8995E-01	2.4143E-13	2.4143E-13	X-Shooter_Nhdiff_stat
5.9030E-01	5.4029E-12	5.8995E-01	5.9065E-01	2.4913E-13	2.4913E-13	X-Shooter_Nhdiff_stat
5.9100E-01	5.4020E-12	5.9065E-01	5.9136E-01	2.4945E-13	2.4945E-13	X-Shooter_Nhdiff_stat
5.9171E-01	5.2782E-12	5.9136E-01	5.9206E-01	2.4409E-13	2.4409E-13	X-Shooter_Nhdiff_stat
5.9242E-01	5.3328E-12	5.9206E-01	5.9277E-01	2.4698E-13	2.4698E-13	X-Shooter_Nhdiff_stat
5.9312E-01	5.1076E-12	5.9277E-01	5.9348E-01	2.3690E-13	2.3690E-13	X-Shooter_Nhdiff_stat
5.9384E-01	5.1430E-12	5.9348E-01	5.9419E-01	2.3889E-13	2.3889E-13	X-Shooter_Nhdiff_stat
5.9455E-01	5.1172E-12	5.9419E-01	5.9491E-01	2.3804E-13	2.3804E-13	X-Shooter_Nhdiff_stat
5.9526E-01	5.0663E-12	5.9491E-01	5.9562E-01	2.3602E-13	2.3602E-13	X-Shooter_Nhdiff_stat
5.9598E-01	5.0543E-12	5.9562E-01	5.9634E-01	2.3581E-13	2.3581E-13	X-Shooter_Nhdiff_stat
5.9669E-01	4.9763E-12	5.9634E-01	5.9705E-01	2.3252E-13	2.3252E-13	X-Shooter_Nhdiff_stat
5.9741E-01	4.9156E-12	5.9705E-01	5.9777E-01	2.3002E-13	2.3002E-13	X-Shooter_Nhdiff_stat
5.9813E-01	4.9733E-12	5.9777E-01	5.9849E-01	2.3307E-13	2.3307E-13	X-Shooter_Nhdiff_stat
5.9886E-01	4.9421E-12	5.9849E-01	5.9922E-01	2.3195E-13	2.3195E-13	X-Shooter_Nhdiff_stat
5.9958E-01	4.9461E-12	5.9922E-01	5.9994E-01	2.3248E-13	2.3248E-13	X-Shooter_Nhdiff_stat
6.0031E-01	4.9435E-12	5.9994E-01	6.0067E-01	2.3270E-13	2.3270E-13	X-Shooter_Nhdiff_stat
6.0103E-01	5.0957E-12	6.0067E-01	6.0140E-01	2.4023E-13	2.4023E-13	X-Shooter_Nhdiff_stat
6.0176E-01	5.0468E-12	6.0140E-01	6.0213E-01	2.3828E-13	2.3828E-13	X-Shooter_Nhdiff_stat
6.0249E-01	4.9180E-12	6.0213E-01	6.0286E-01	2.3255E-13	2.3255E-13	X-Shooter_Nhdiff_stat
6.0323E-01	4.7039E-12	6.0286E-01	6.0359E-01	2.2276E-13	2.2276E-13	X-Shooter_Nhdiff_stat
6.0396E-01	5.5285E-12	6.0359E-01	6.0433E-01	2.6220E-13	2.6220E-13	X-Shooter_Nhdiff_stat
6.0470E-01	5.1502E-12	6.0433E-01	6.0507E-01	2.4462E-13	2.4462E-13	X-Shooter_Nhdiff_stat
6.0544E-01	5.1066E-12	6.0507E-01	6.0581E-01	2.4292E-13	2.4292E-13	X-Shooter_Nhdiff_stat
6.0618E-01	4.9600E-12	6.0581E-01	6.0655E-01	2.3630E-13	2.3630E-13	X-Shooter_Nhdiff_stat
6.0692E-01	5.0884E-12	6.0655E-01	6.0729E-01	2.4278E-13	2.4278E-13	X-Shooter_Nhdiff_stat
6.0766E-01	5.0519E-12	6.0729E-01	6.0803E-01	2.4140E-13	2.4140E-13	X-Shooter_Nhdiff_stat
6.0841E-01	5.0116E-12	6.0803E-01	6.0878E-01	2.3984E-13	2.3984E-13	X-Shooter_Nhdiff_stat
6.0916E-01	5.0229E-12	6.0878E-01	6.0953E-01	2.4075E-13	2.4075E-13	X-Shooter_Nhdiff_stat
6.0991E-01	5.1536E-12	6.0953E-01	6.1028E-01	2.4739E-13	2.4739E-13	X-Shooter_Nhdiff_stat
6.1066E-01	5.0782E-12	6.1028E-01	6.1103E-01	2.4414E-13	2.4414E-13	X-Shooter_Nhdiff_stat
6.1141E-01	5.0619E-12	6.1103E-01	6.1179E-01	2.4373E-13	2.4373E-13	X-Shooter_Nhdiff_stat
6.9157E-01	4.8083E-12	6.9109E-01	6.9205E-01	2.6997E-13	2.6997E-13	X-Shooter_Nhdiff_stat
6.9253E-01	4.9960E-12	6.9205E-01	6.9302E-01	2.8100E-13	2.8100E-13	X-Shooter_Nhdiff_stat
6.9350E-01	4.9452E-12	6.9302E-01	6.9399E-01	2.7864E-13	2.7864E-13	X-Shooter_Nhdiff_stat
6.9447E-01	4.8570E-12	6.9399E-01	6.9496E-01	2.7415E-13	2.7415E-13	X-Shooter_Nhdiff_stat
6.9545E-01	4.9700E-12	6.9496E-01	6.9593E-01	2.8102E-13	2.8102E-13	X-Shooter_Nhdiff_stat
6.9642E-01	4.7533E-12	6.9593E-01	6.9691E-01	2.6925E-13	2.6925E-13	X-Shooter_Nhdiff_stat
6.9740E-01	4.9240E-12	6.9691E-01	6.9789E-01	2.7941E-13	2.7941E-13	X-Shooter_Nhdiff_stat
6.9838E-01	4.8436E-12	6.9789E-01	6.9888E-01	2.7533E-13	2.7533E-13	X-Shooter_Nhdiff_stat
6.9937E-01	4.9110E-12	6.9888E-01	6.9987E-01	2.7966E-13	2.7966E-13	X-Shooter_Nhdiff_stat
7.0036E-01	4.8940E-12	6.9987E-01	7.0086E-01	2.7919E-13	2.7919E-13	X-Shooter_Nhdiff_stat
7.0135E-01	4.8287E-12	7.0086E-01	7.0185E-01	2.7596E-13	2.7596E-13	X-Shooter_Nhdiff_stat
7.0234E-01	4.8824E-12	7.0185E-01	7.0284E-01	2.7953E-13	2.7953E-13	X-Shooter_Nhdiff_stat
7.0334E-01	4.9419E-12	7.0284E-01	7.0384E-01	2.8343E-13	2.8343E-13	X-Shooter_Nhdiff_stat
7.0434E-01	4.8294E-12	7.0384E-01	7.0484E-01	2.7748E-13	2.7748E-13	X-Shooter_Nhdiff_stat
7.0534E-01	4.8525E-12	7.0484E-01	7.0584E-01	2.7931E-13	2.7931E-13	X-Shooter_Nhdiff_stat
7.0635E-01	4.8534E-12	7.0584E-01	7.0685E-01	2.7986E-13	2.7986E-13	X-Shooter_Nhdiff_stat
7.0735E-01	4.8636E-12	7.0685E-01	7.0786E-01	2.8095E-13	2.8095E-13	X-Shooter_Nhdiff_stat
7.0836E-01	4.8251E-12	7.0786E-01	7.0887E-01	2.7923E-13	2.7923E-13	X-Shooter_Nhdiff_stat
7.0938E-01	4.8595E-12	7.0887E-01	7.0988E-01	2.8173E-13	2.8173E-13	X-Shooter_Nhdiff_stat
7.1039E-01	4.9044E-12	7.0988E-01	7.1090E-01	2.8485E-13	2.8485E-13	X-Shooter_Nhdiff_stat
7.1141E-01	4.8806E-12	7.1090E-01	7.1192E-01	2.8398E-13	2.8398E-13	X-Shooter_Nhdiff_stat
7.1243E-01	4.9037E-12	7.1192E-01	7.1295E-01	2.8584E-13	2.8584E-13	X-Shooter_Nhdiff_stat
7.1346E-01	4.8430E-12	7.1295E-01	7.1397E-01	2.8281E-13	2.8281E-13	X-Shooter_Nhdiff_stat
7.1449E-01	4.8872E-12	7.1397E-01	7.1500E-01	2.8592E-13	2.8592E-13	X-Shooter_Nhdiff_stat
7.1552E-01	4.9763E-12	7.1500E-01	7.1603E-01	2.9166E-13	2.9166E-13	X-Shooter_Nhdiff_stat
7.1655E-01	4.9523E-12	7.1603E-01	7.1707E-01	2.9078E-13	2.9078E-13	X-Shooter_Nhdiff_stat
7.1759E-01	4.9274E-12	7.1707E-01	7.1811E-01	2.8985E-13	2.8985E-13	X-Shooter_Nhdiff_stat
7.1863E-01	4.9562E-12	7.1811E-01	7.1915E-01	2.9208E-13	2.9208E-13	X-Shooter_Nhdiff_stat
7.1967E-01	4.8735E-12	7.1915E-01	7.2019E-01	2.8773E-13	2.8773E-13	X-Shooter_Nhdiff_stat
7.2072E-01	4.8168E-12	7.2019E-01	7.2125E-01	2.8491E-13	2.8491E-13	X-Shooter_Nhdiff_stat
7.2177E-01	4.9153E-12	7.2125E-01	7.2230E-01	2.9126E-13	2.9126E-13	X-Shooter_Nhdiff_stat
7.2282E-01	4.8397E-12	7.2230E-01	7.2335E-01	2.8732E-13	2.8732E-13	X-Shooter_Nhdiff_stat
7.2388E-01	4.7858E-12	7.2335E-01	7.2441E-01	2.8464E-13	2.8464E-13	X-Shooter_Nhdiff_stat
7.2494E-01	4.8716E-12	7.2441E-01	7.2547E-01	2.9028E-13	2.9028E-13	X-Shooter_Nhdiff_stat
7.2600E-01	4.9539E-12	7.2547E-01	7.2653E-01	2.9573E-13	2.9573E-13	X-Shooter_Nhdiff_stat
7.2706E-01	4.9492E-12	7.2653E-01	7.2759E-01	2.9600E-13	2.9600E-13	X-Shooter_Nhdiff_stat
7.2813E-01	5.0298E-12	7.2759E-01	7.2866E-01	3.0138E-13	3.0138E-13	X-Shooter_Nhdiff_stat
7.2920E-01	4.9826E-12	7.2866E-01	7.2974E-01	2.9910E-13	2.9910E-13	X-Shooter_Nhdiff_stat
7.3027E-01	5.0096E-12	7.2974E-01	7.3081E-01	3.0129E-13	3.0129E-13	X-Shooter_Nhdiff_stat
7.3135E-01	5.0849E-12	7.3081E-01	7.3189E-01	3.0638E-13	3.0638E-13	X-Shooter_Nhdiff_stat
7.3243E-01	5.1540E-12	7.3189E-01	7.3297E-01	3.1113E-13	3.1113E-13	X-Shooter_Nhdiff_stat
7.3351E-01	5.2005E-12	7.3297E-01	7.3406E-01	3.1452E-13	3.1452E-13	X-Shooter_Nhdiff_stat
7.3460E-01	5.1303E-12	7.3406E-01	7.3514E-01	3.1086E-13	3.1086E-13	X-Shooter_Nhdiff_stat
7.3569E-01	5.0369E-12	7.3514E-01	7.3624E-01	3.0577E-13	3.0577E-13	X-Shooter_Nhdiff_stat
7.3678E-01	4.9733E-12	7.3624E-01	7.3733E-01	3.0248E-13	3.0248E-13	X-Shooter_Nhdiff_stat
7.3788E-01	5.0094E-12	7.3733E-01	7.3843E-01	3.0525E-13	3.0525E-13	X-Shooter_Nhdiff_stat
7.3898E-01	4.9950E-12	7.3843E-01	7.3953E-01	3.0495E-13	3.0495E-13	X-Shooter_Nhdiff_stat
7.4008E-01	5.0233E-12	7.3953E-01	7.4063E-01	3.0725E-13	3.0725E-13	X-Shooter_Nhdiff_stat
7.4119E-01	5.0261E-12	7.4063E-01	7.4174E-01	3.0801E-13	3.0801E-13	X-Shooter_Nhdiff_stat
7.4230E-01	4.9556E-12	7.4174E-01	7.4285E-01	3.0426E-13	3.0426E-13	X-Shooter_Nhdiff_stat
7.4341E-01	4.9653E-12	7.4285E-01	7.4397E-01	3.0544E-13	3.0544E-13	X-Shooter_Nhdiff_stat
7.4453E-01	5.0139E-12	7.4397E-01	7.4509E-01	3.0901E-13	3.0901E-13	X-Shooter_Nhdiff_stat
7.4565E-01	5.0126E-12	7.4509E-01	7.4621E-01	3.0952E-13	3.0952E-13	X-Shooter_Nhdiff_stat
7.4677E-01	4.9345E-12	7.4621E-01	7.4733E-01	3.0528E-13	3.0528E-13	X-Shooter_Nhdiff_stat
7.4790E-01	4.9913E-12	7.4733E-01	7.4846E-01	3.0939E-13	3.0939E-13	X-Shooter_Nhdiff_stat
7.4903E-01	4.9589E-12	7.4846E-01	7.4959E-01	3.0797E-13	3.0797E-13	X-Shooter_Nhdiff_stat
7.5016E-01	4.9682E-12	7.4959E-01	7.5073E-01	3.0914E-13	3.0914E-13	X-Shooter_Nhdiff_stat
7.5130E-01	4.9954E-12	7.5073E-01	7.5187E-01	3.1143E-13	3.1143E-13	X-Shooter_Nhdiff_stat
7.5244E-01	4.9542E-12	7.5187E-01	7.5301E-01	3.0945E-13	3.0945E-13	X-Shooter_Nhdiff_stat
7.5358E-01	5.0121E-12	7.5301E-01	7.5415E-01	3.1367E-13	3.1367E-13	X-Shooter_Nhdiff_stat
7.5473E-01	5.1138E-12	7.5415E-01	7.5530E-01	3.2066E-13	3.2066E-13	X-Shooter_Nhdiff_stat
7.5588E-01	5.0107E-12	7.5530E-01	7.5645E-01	3.1480E-13	3.1480E-13	X-Shooter_Nhdiff_stat
7.5703E-01	5.0896E-12	7.5645E-01	7.5761E-01	3.2038E-13	3.2038E-13	X-Shooter_Nhdiff_stat
7.5819E-01	5.0665E-12	7.5761E-01	7.5877E-01	3.1954E-13	3.1954E-13	X-Shooter_Nhdiff_stat
7.5935E-01	5.0781E-12	7.5877E-01	7.5993E-01	3.2090E-13	3.2090E-13	X-Shooter_Nhdiff_stat
7.6051E-01	5.0540E-12	7.5993E-01	7.6110E-01	3.2000E-13	3.2000E-13	X-Shooter_Nhdiff_stat
7.6168E-01	5.0131E-12	7.6110E-01	7.6227E-01	3.1802E-13	3.1802E-13	X-Shooter_Nhdiff_stat
7.6285E-01	4.9507E-12	7.6227E-01	7.6344E-01	3.1468E-13	3.1468E-13	X-Shooter_Nhdiff_stat
7.6403E-01	5.0003E-12	7.6344E-01	7.6462E-01	3.1845E-13	3.1845E-13	X-Shooter_Nhdiff_stat
7.6521E-01	4.9576E-12	7.6462E-01	7.6580E-01	3.1635E-13	3.1635E-13	X-Shooter_Nhdiff_stat
7.6639E-01	4.9120E-12	7.6580E-01	7.6698E-01	3.1406E-13	3.1406E-13	X-Shooter_Nhdiff_stat
7.6758E-01	4.9515E-12	7.6698E-01	7.6817E-01	3.1720E-13	3.1720E-13	X-Shooter_Nhdiff_stat
7.6877E-01	5.0271E-12	7.6817E-01	7.6937E-01	3.2269E-13	3.2269E-13	X-Shooter_Nhdiff_stat
7.6996E-01	4.9979E-12	7.6937E-01	7.7056E-01	3.2144E-13	3.2144E-13	X-Shooter_Nhdiff_stat
7.7116E-01	5.0010E-12	7.7056E-01	7.7176E-01	3.2228E-13	3.2228E-13	X-Shooter_Nhdiff_stat
7.7236E-01	4.9784E-12	7.7176E-01	7.7296E-01	3.2146E-13	3.2146E-13	X-Shooter_Nhdiff_stat
7.7357E-01	4.9489E-12	7.7296E-01	7.7417E-01	3.2019E-13	3.2019E-13	X-Shooter_Nhdiff_stat
7.7478E-01	4.9454E-12	7.7417E-01	7.7538E-01	3.2059E-13	3.2059E-13	X-Shooter_Nhdiff_stat
7.7599E-01	4.9199E-12	7.7538E-01	7.7660E-01	3.1958E-13	3.1958E-13	X-Shooter_Nhdiff_stat
7.7720E-01	4.9080E-12	7.7660E-01	7.7781E-01	3.1944E-13	3.1944E-13	X-Shooter_Nhdiff_stat
7.7842E-01	4.9664E-12	7.7781E-01	7.7903E-01	3.2388E-13	3.2388E-13	X-Shooter_Nhdiff_stat
7.7965E-01	5.0159E-12	7.7903E-01	7.8026E-01	3.2776E-13	3.2776E-13	X-Shooter_Nhdiff_stat
7.8088E-01	4.9980E-12	7.8026E-01	7.8149E-01	3.2725E-13	3.2725E-13	X-Shooter_Nhdiff_stat
7.8211E-01	5.0860E-12	7.8149E-01	7.8272E-01	3.3368E-13	3.3368E-13	X-Shooter_Nhdiff_stat
7.8334E-01	4.9941E-12	7.8272E-01	7.8396E-01	3.2831E-13	3.2831E-13	X-Shooter_Nhdiff_stat
7.8458E-01	4.9939E-12	7.8396E-01	7.8520E-01	3.2896E-13	3.2896E-13	X-Shooter_Nhdiff_stat
7.8582E-01	5.0201E-12	7.8520E-01	7.8645E-01	3.3134E-13	3.3134E-13	X-Shooter_Nhdiff_stat
7.8707E-01	4.9810E-12	7.8645E-01	7.8770E-01	3.2943E-13	3.2943E-13	X-Shooter_Nhdiff_stat
7.8832E-01	4.9171E-12	7.8770E-01	7.8895E-01	3.2586E-13	3.2586E-13	X-Shooter_Nhdiff_stat
7.8958E-01	4.8264E-12	7.8895E-01	7.9021E-01	3.2050E-13	3.2050E-13	X-Shooter_Nhdiff_stat
7.9084E-01	4.8769E-12	7.9021E-01	7.9147E-01	3.2451E-13	3.2451E-13	X-Shooter_Nhdiff_stat
7.9210E-01	4.8518E-12	7.9147E-01	7.9274E-01	3.2349E-13	3.2349E-13	X-Shooter_Nhdiff_stat
7.9337E-01	4.8419E-12	7.9274E-01	7.9401E-01	3.2349E-13	3.2349E-13	X-Shooter_Nhdiff_stat
7.9464E-01	4.8657E-12	7.9401E-01	7.9528E-01	3.2575E-13	3.2575E-13	X-Shooter_Nhdiff_stat
7.9592E-01	4.8480E-12	7.9528E-01	7.9656E-01	3.2522E-13	3.2522E-13	X-Shooter_Nhdiff_stat
7.9720E-01	4.7439E-12	7.9656E-01	7.9784E-01	3.1889E-13	3.1889E-13	X-Shooter_Nhdiff_stat
7.9848E-01	4.9152E-12	7.9784E-01	7.9912E-01	3.3108E-13	3.3108E-13	X-Shooter_Nhdiff_stat
7.9977E-01	4.9531E-12	7.9912E-01	8.0041E-01	3.3432E-13	3.3432E-13	X-Shooter_Nhdiff_stat
8.0106E-01	4.9812E-12	8.0041E-01	8.0171E-01	3.3691E-13	3.3691E-13	X-Shooter_Nhdiff_stat
8.0236E-01	4.7979E-12	8.0171E-01	8.0301E-01	3.2517E-13	3.2517E-13	X-Shooter_Nhdiff_stat
8.0366E-01	4.7852E-12	8.0301E-01	8.0431E-01	3.2498E-13	3.2498E-13	X-Shooter_Nhdiff_stat
8.0496E-01	4.8574E-12	8.0431E-01	8.0562E-01	3.3057E-13	3.3057E-13	X-Shooter_Nhdiff_stat
8.0627E-01	4.7410E-12	8.0562E-01	8.0693E-01	3.2332E-13	3.2332E-13	X-Shooter_Nhdiff_stat
8.0758E-01	4.7707E-12	8.0693E-01	8.0824E-01	3.2601E-13	3.2601E-13	X-Shooter_Nhdiff_stat
8.0890E-01	4.7463E-12	8.0824E-01	8.0956E-01	3.2502E-13	3.2502E-13	X-Shooter_Nhdiff_stat
8.1022E-01	4.7601E-12	8.0956E-01	8.1088E-01	3.2664E-13	3.2664E-13	X-Shooter_Nhdiff_stat
8.1155E-01	4.7283E-12	8.1088E-01	8.1221E-01	3.2514E-13	3.2514E-13	X-Shooter_Nhdiff_stat
8.1288E-01	4.7910E-12	8.1221E-01	8.1354E-01	3.3014E-13	3.3014E-13	X-Shooter_Nhdiff_stat
8.1421E-01	4.7652E-12	8.1354E-01	8.1488E-01	3.2905E-13	3.2905E-13	X-Shooter_Nhdiff_stat
8.1555E-01	4.7300E-12	8.1488E-01	8.1622E-01	3.2730E-13	3.2730E-13	X-Shooter_Nhdiff_stat
8.1690E-01	4.7824E-12	8.1622E-01	8.1757E-01	3.3161E-13	3.3161E-13	X-Shooter_Nhdiff_stat
8.1824E-01	4.7490E-12	8.1757E-01	8.1892E-01	3.3000E-13	3.3000E-13	X-Shooter_Nhdiff_stat
8.1960E-01	4.8392E-12	8.1892E-01	8.2028E-01	3.3697E-13	3.3697E-13	X-Shooter_Nhdiff_stat
8.2096E-01	4.9184E-12	8.2028E-01	8.2164E-01	3.4321E-13	3.4321E-13	X-Shooter_Nhdiff_stat
8.2232E-01	4.7464E-12	8.2164E-01	8.2300E-01	3.3190E-13	3.3190E-13	X-Shooter_Nhdiff_stat
8.2368E-01	4.8529E-12	8.2300E-01	8.2437E-01	3.4007E-13	3.4007E-13	X-Shooter_Nhdiff_stat
8.2505E-01	4.8522E-12	8.2437E-01	8.2574E-01	3.4074E-13	3.4074E-13	X-Shooter_Nhdiff_stat
8.2643E-01	4.9732E-12	8.2574E-01	8.2712E-01	3.4998E-13	3.4998E-13	X-Shooter_Nhdiff_stat
8.2781E-01	4.8825E-12	8.2712E-01	8.2850E-01	3.4432E-13	3.4432E-13	X-Shooter_Nhdiff_stat
8.2919E-01	4.9001E-12	8.2850E-01	8.2989E-01	3.4630E-13	3.4630E-13	X-Shooter_Nhdiff_stat
8.3058E-01	4.8432E-12	8.2989E-01	8.3128E-01	3.4301E-13	3.4301E-13	X-Shooter_Nhdiff_stat
8.3197E-01	4.8395E-12	8.3128E-01	8.3267E-01	3.4348E-13	3.4348E-13	X-Shooter_Nhdiff_stat
8.3337E-01	4.6676E-12	8.3267E-01	8.3407E-01	3.3199E-13	3.3199E-13	X-Shooter_Nhdiff_stat
8.3478E-01	4.7552E-12	8.3407E-01	8.3548E-01	3.3894E-13	3.3894E-13	X-Shooter_Nhdiff_stat
8.3618E-01	4.7115E-12	8.3548E-01	8.3689E-01	3.3655E-13	3.3655E-13	X-Shooter_Nhdiff_stat
8.3760E-01	4.7631E-12	8.3689E-01	8.3830E-01	3.4096E-13	3.4096E-13	X-Shooter_Nhdiff_stat
8.3901E-01	4.8737E-12	8.3830E-01	8.3972E-01	3.4964E-13	3.4964E-13	X-Shooter_Nhdiff_stat
8.4043E-01	4.7696E-12	8.3972E-01	8.4115E-01	3.4290E-13	3.4290E-13	X-Shooter_Nhdiff_stat
8.4186E-01	4.7262E-12	8.4115E-01	8.4258E-01	3.4052E-13	3.4052E-13	X-Shooter_Nhdiff_stat
8.4329E-01	4.7052E-12	8.4258E-01	8.4401E-01	3.3974E-13	3.3974E-13	X-Shooter_Nhdiff_stat
8.4473E-01	4.8086E-12	8.4401E-01	8.4545E-01	3.4796E-13	3.4796E-13	X-Shooter_Nhdiff_stat
8.4617E-01	4.7286E-12	8.4545E-01	8.4689E-01	3.4291E-13	3.4291E-13	X-Shooter_Nhdiff_stat
8.4762E-01	4.7791E-12	8.4689E-01	8.4834E-01	3.4733E-13	3.4733E-13	X-Shooter_Nhdiff_stat
8.4907E-01	4.7694E-12	8.4834E-01	8.4980E-01	3.4738E-13	3.4738E-13	X-Shooter_Nhdiff_stat
8.5053E-01	4.7041E-12	8.4980E-01	8.5126E-01	3.4338E-13	3.4338E-13	X-Shooter_Nhdiff_stat
8.5199E-01	4.9180E-12	8.5126E-01	8.5272E-01	3.5977E-13	3.5977E-13	X-Shooter_Nhdiff_stat
8.5346E-01	4.6324E-12	8.5272E-01	8.5419E-01	3.3962E-13	3.3962E-13	X-Shooter_Nhdiff_stat
8.5493E-01	4.7484E-12	8.5419E-01	8.5567E-01	3.4889E-13	3.4889E-13	X-Shooter_Nhdiff_stat
8.5640E-01	4.6683E-12	8.5567E-01	8.5714E-01	3.4376E-13	3.4376E-13	X-Shooter_Nhdiff_stat
8.5789E-01	4.6401E-12	8.5714E-01	8.5863E-01	3.4244E-13	3.4244E-13	X-Shooter_Nhdiff_stat
8.5937E-01	4.6701E-12	8.5863E-01	8.6012E-01	3.4541E-13	3.4541E-13	X-Shooter_Nhdiff_stat
8.6086E-01	4.5615E-12	8.6012E-01	8.6161E-01	3.3812E-13	3.3812E-13	X-Shooter_Nhdiff_stat
8.6236E-01	4.6793E-12	8.6161E-01	8.6311E-01	3.4762E-13	3.4762E-13	X-Shooter_Nhdiff_stat
8.6386E-01	4.4620E-12	8.6311E-01	8.6462E-01	3.3221E-13	3.3221E-13	X-Shooter_Nhdiff_stat
8.6537E-01	4.7108E-12	8.6462E-01	8.6613E-01	3.5151E-13	3.5151E-13	X-Shooter_Nhdiff_stat
9.2339E-01	4.8135E-12	9.2253E-01	9.2425E-01	3.9001E-13	3.9001E-13	X-Shooter_Nhdiff_stat
9.2511E-01	4.6756E-12	9.2425E-01	9.2597E-01	3.7972E-13	3.7972E-13	X-Shooter_Nhdiff_stat
9.2684E-01	4.8763E-12	9.2597E-01	9.2771E-01	3.9696E-13	3.9696E-13	X-Shooter_Nhdiff_stat
9.2857E-01	4.8579E-12	9.2771E-01	9.2944E-01	3.9640E-13	3.9640E-13	X-Shooter_Nhdiff_stat
9.3032E-01	4.5041E-12	9.2944E-01	9.3119E-01	3.6840E-13	3.6840E-13	X-Shooter_Nhdiff_stat
9.3207E-01	4.7081E-12	9.3119E-01	9.3294E-01	3.8600E-13	3.8600E-13	X-Shooter_Nhdiff_stat
9.3382E-01	4.7055E-12	9.3294E-01	9.3470E-01	3.8671E-13	3.8671E-13	X-Shooter_Nhdiff_stat
9.3558E-01	4.7749E-12	9.3470E-01	9.3646E-01	3.9335E-13	3.9335E-13	X-Shooter_Nhdiff_stat
9.3735E-01	4.6595E-12	9.3646E-01	9.3824E-01	3.8476E-13	3.8476E-13	X-Shooter_Nhdiff_stat
9.3913E-01	4.7328E-12	9.3824E-01	9.4001E-01	3.9175E-13	3.9175E-13	X-Shooter_Nhdiff_stat
9.4091E-01	4.6252E-12	9.4001E-01	9.4180E-01	3.8376E-13	3.8376E-13	X-Shooter_Nhdiff_stat
9.4270E-01	4.5308E-12	9.4180E-01	9.4359E-01	3.7682E-13	3.7682E-13	X-Shooter_Nhdiff_stat
9.4449E-01	4.5737E-12	9.4359E-01	9.4539E-01	3.8131E-13	3.8131E-13	X-Shooter_Nhdiff_stat
9.4629E-01	4.6178E-12	9.4539E-01	9.4720E-01	3.8592E-13	3.8592E-13	X-Shooter_Nhdiff_stat
9.4810E-01	4.5805E-12	9.4720E-01	9.4901E-01	3.8372E-13	3.8372E-13	X-Shooter_Nhdiff_stat
9.4992E-01	4.5493E-12	9.4901E-01	9.5083E-01	3.8203E-13	3.8203E-13	X-Shooter_Nhdiff_stat
9.5174E-01	4.4108E-12	9.5083E-01	9.5266E-01	3.7129E-13	3.7129E-13	X-Shooter_Nhdiff_stat
9.5358E-01	4.5652E-12	9.5266E-01	9.5450E-01	3.8523E-13	3.8523E-13	X-Shooter_Nhdiff_stat
9.5542E-01	4.5810E-12	9.5450E-01	9.5634E-01	3.8750E-13	3.8750E-13	X-Shooter_Nhdiff_stat
9.5726E-01	4.5751E-12	9.5634E-01	9.5818E-01	3.8794E-13	3.8794E-13	X-Shooter_Nhdiff_stat
9.5911E-01	4.4805E-12	9.5818E-01	9.6004E-01	3.8084E-13	3.8084E-13	X-Shooter_Nhdiff_stat
9.6097E-01	4.6114E-12	9.6004E-01	9.6190E-01	3.9293E-13	3.9293E-13	X-Shooter_Nhdiff_stat
9.6283E-01	4.6080E-12	9.6190E-01	9.6377E-01	3.9359E-13	3.9359E-13	X-Shooter_Nhdiff_stat
9.6471E-01	4.5836E-12	9.6377E-01	9.6565E-01	3.9247E-13	3.9247E-13	X-Shooter_Nhdiff_stat
9.6659E-01	4.7524E-12	9.6565E-01	9.6753E-01	4.0793E-13	4.0793E-13	X-Shooter_Nhdiff_stat
9.6848E-01	4.7227E-12	9.6753E-01	9.6942E-01	4.0637E-13	4.0637E-13	X-Shooter_Nhdiff_stat
9.7037E-01	4.6724E-12	9.6942E-01	9.7132E-01	4.0303E-13	4.0303E-13	X-Shooter_Nhdiff_stat
9.7227E-01	4.6458E-12	9.7132E-01	9.7323E-01	4.0172E-13	4.0172E-13	X-Shooter_Nhdiff_stat
9.7418E-01	4.7671E-12	9.7323E-01	9.7514E-01	4.1323E-13	4.1323E-13	X-Shooter_Nhdiff_stat
9.7610E-01	4.6702E-12	9.7514E-01	9.7706E-01	4.0583E-13	4.0583E-13	X-Shooter_Nhdiff_stat
9.7803E-01	4.7578E-12	9.7706E-01	9.7899E-01	4.1447E-13	4.1447E-13	X-Shooter_Nhdiff_stat
9.7996E-01	4.6269E-12	9.7899E-01	9.8093E-01	4.0406E-13	4.0406E-13	X-Shooter_Nhdiff_stat
9.8190E-01	4.5582E-12	9.8093E-01	9.8287E-01	3.9905E-13	3.9905E-13	X-Shooter_Nhdiff_stat
9.8385E-01	4.5598E-12	9.8287E-01	9.8482E-01	4.0019E-13	4.0019E-13	X-Shooter_Nhdiff_stat
9.8580E-01	4.6801E-12	9.8482E-01	9.8678E-01	4.1176E-13	4.1176E-13	X-Shooter_Nhdiff_stat
9.8776E-01	4.6271E-12	9.8678E-01	9.8875E-01	4.0812E-13	4.0812E-13	X-Shooter_Nhdiff_stat
9.8974E-01	4.5578E-12	9.8875E-01	9.9072E-01	4.0301E-13	4.0301E-13	X-Shooter_Nhdiff_stat
9.9172E-01	4.5631E-12	9.9072E-01	9.9272E-01	4.0450E-13	4.0450E-13	X-Shooter_Nhdiff_stat
9.9371E-01	4.5264E-12	9.9272E-01	9.9471E-01	4.0225E-13	4.0225E-13	X-Shooter_Nhdiff_stat
9.9571E-01	4.6187E-12	9.9471E-01	9.9671E-01	4.1149E-13	4.1149E-13	X-Shooter_Nhdiff_stat
9.9771E-01	4.6388E-12	9.9671E-01	9.9871E-01	4.1432E-13	4.1432E-13	X-Shooter_Nhdiff_stat
9.9972E-01	4.4995E-12	9.9871E-01	1.0007E+00	4.0288E-13	4.0288E-13	X-Shooter_Nhdiff_stat
1.0017E+00	4.5731E-12	1.0007E+00	1.0028E+00	4.1051E-13	4.1051E-13	X-Shooter_Nhdiff_stat
1.0038E+00	4.5114E-12	1.0028E+00	1.0048E+00	4.0600E-13	4.0600E-13	X-Shooter_Nhdiff_stat
1.0058E+00	4.4978E-12	1.0048E+00	1.0068E+00	4.0580E-13	4.0580E-13	X-Shooter_Nhdiff_stat
1.0078E+00	4.6865E-12	1.0068E+00	1.0089E+00	4.2389E-13	4.2389E-13	X-Shooter_Nhdiff_stat
1.0099E+00	4.5302E-12	1.0089E+00	1.0109E+00	4.1080E-13	4.1080E-13	X-Shooter_Nhdiff_stat
1.0120E+00	4.5322E-12	1.0109E+00	1.0130E+00	4.1203E-13	4.1203E-13	X-Shooter_Nhdiff_stat
1.0140E+00	4.6356E-12	1.0130E+00	1.0151E+00	4.2250E-13	4.2250E-13	X-Shooter_Nhdiff_stat
1.0161E+00	4.6193E-12	1.0151E+00	1.0171E+00	4.2209E-13	4.2209E-13	X-Shooter_Nhdiff_stat
1.0182E+00	4.5062E-12	1.0171E+00	1.0192E+00	4.1281E-13	4.1281E-13	X-Shooter_Nhdiff_stat
1.0203E+00	4.5334E-12	1.0192E+00	1.0213E+00	4.1636E-13	4.1636E-13	X-Shooter_Nhdiff_stat
1.0224E+00	4.5274E-12	1.0213E+00	1.0234E+00	4.1687E-13	4.1687E-13	X-Shooter_Nhdiff_stat
1.0245E+00	4.4520E-12	1.0234E+00	1.0256E+00	4.1099E-13	4.1099E-13	X-Shooter_Nhdiff_stat
1.0266E+00	4.4635E-12	1.0256E+00	1.0277E+00	4.1310E-13	4.1310E-13	X-Shooter_Nhdiff_stat
1.0288E+00	4.5053E-12	1.0277E+00	1.0298E+00	4.1805E-13	4.1805E-13	X-Shooter_Nhdiff_stat
1.0309E+00	4.5116E-12	1.0298E+00	1.0320E+00	4.1971E-13	4.1971E-13	X-Shooter_Nhdiff_stat
1.0330E+00	4.5234E-12	1.0320E+00	1.0341E+00	4.2190E-13	4.2190E-13	X-Shooter_Nhdiff_stat
1.0352E+00	4.5674E-12	1.0341E+00	1.0363E+00	4.2710E-13	4.2710E-13	X-Shooter_Nhdiff_stat
1.0374E+00	4.4050E-12	1.0363E+00	1.0385E+00	4.1299E-13	4.1299E-13	X-Shooter_Nhdiff_stat
1.0395E+00	4.4160E-12	1.0385E+00	1.0406E+00	4.1510E-13	4.1510E-13	X-Shooter_Nhdiff_stat
1.0417E+00	4.4929E-12	1.0406E+00	1.0428E+00	4.2342E-13	4.2342E-13	X-Shooter_Nhdiff_stat
1.0439E+00	4.3805E-12	1.0428E+00	1.0450E+00	4.1390E-13	4.1390E-13	X-Shooter_Nhdiff_stat
1.0461E+00	4.4103E-12	1.0450E+00	1.0472E+00	4.1780E-13	4.1780E-13	X-Shooter_Nhdiff_stat
1.0483E+00	4.4051E-12	1.0472E+00	1.0494E+00	4.1841E-13	4.1841E-13	X-Shooter_Nhdiff_stat
1.0506E+00	4.4190E-12	1.0494E+00	1.0517E+00	4.2081E-13	4.2081E-13	X-Shooter_Nhdiff_stat
1.0528E+00	4.6064E-12	1.0517E+00	1.0539E+00	4.3981E-13	4.3981E-13	X-Shooter_Nhdiff_stat
1.0550E+00	4.8006E-12	1.0539E+00	1.0561E+00	4.5956E-13	4.5956E-13	X-Shooter_Nhdiff_stat
1.0573E+00	4.7956E-12	1.0561E+00	1.0584E+00	4.6028E-13	4.6028E-13	X-Shooter_Nhdiff_stat
1.0595E+00	4.6452E-12	1.0584E+00	1.0607E+00	4.4702E-13	4.4702E-13	X-Shooter_Nhdiff_stat
1.0618E+00	4.4717E-12	1.0607E+00	1.0629E+00	4.3145E-13	4.3145E-13	X-Shooter_Nhdiff_stat
1.0641E+00	4.3115E-12	1.0629E+00	1.0652E+00	4.1710E-13	4.1710E-13	X-Shooter_Nhdiff_stat
1.0664E+00	4.2626E-12	1.0652E+00	1.0675E+00	4.1345E-13	4.1345E-13	X-Shooter_Nhdiff_stat
1.0687E+00	4.4808E-12	1.0675E+00	1.0698E+00	4.3576E-13	4.3576E-13	X-Shooter_Nhdiff_stat
1.0710E+00	4.4506E-12	1.0698E+00	1.0721E+00	4.3397E-13	4.3397E-13	X-Shooter_Nhdiff_stat
1.0733E+00	4.4288E-12	1.0721E+00	1.0745E+00	4.3299E-13	4.3299E-13	X-Shooter_Nhdiff_stat
1.0756E+00	4.4621E-12	1.0745E+00	1.0768E+00	4.3740E-13	4.3740E-13	X-Shooter_Nhdiff_stat
1.0780E+00	4.3214E-12	1.0768E+00	1.0791E+00	4.2473E-13	4.2473E-13	X-Shooter_Nhdiff_stat
1.0803E+00	4.3673E-12	1.0791E+00	1.0815E+00	4.3038E-13	4.3038E-13	X-Shooter_Nhdiff_stat
1.0827E+00	4.5711E-12	1.0815E+00	1.0839E+00	4.5167E-13	4.5167E-13	X-Shooter_Nhdiff_stat
1.0850E+00	4.4317E-12	1.0839E+00	1.0862E+00	4.3907E-13	4.3907E-13	X-Shooter_Nhdiff_stat
1.0874E+00	4.3900E-12	1.0862E+00	1.0886E+00	4.3609E-13	4.3609E-13	X-Shooter_Nhdiff_stat
1.0898E+00	4.2938E-12	1.0886E+00	1.0910E+00	4.2768E-13	4.2768E-13	X-Shooter_Nhdiff_stat
1.0922E+00	4.1198E-12	1.0910E+00	1.0934E+00	4.1144E-13	4.1144E-13	X-Shooter_Nhdiff_stat
1.0946E+00	4.5399E-12	1.0934E+00	1.0958E+00	4.5461E-13	4.5461E-13	X-Shooter_Nhdiff_stat
1.0970E+00	4.2457E-12	1.0958E+00	1.0983E+00	4.2629E-13	4.2629E-13	X-Shooter_Nhdiff_stat
1.0995E+00	4.3491E-12	1.0983E+00	1.1007E+00	4.3785E-13	4.3785E-13	X-Shooter_Nhdiff_stat
1.1019E+00	4.5352E-12	1.1007E+00	1.1031E+00	4.5781E-13	4.5781E-13	X-Shooter_Nhdiff_stat
1.1044E+00	4.4524E-12	1.1031E+00	1.1056E+00	4.5065E-13	4.5065E-13	X-Shooter_Nhdiff_stat
1.1068E+00	4.4964E-12	1.1056E+00	1.1081E+00	4.5634E-13	4.5634E-13	X-Shooter_Nhdiff_stat
1.1093E+00	4.5621E-12	1.1081E+00	1.1106E+00	4.6425E-13	4.6425E-13	X-Shooter_Nhdiff_stat
1.1118E+00	4.6951E-12	1.1106E+00	1.1130E+00	4.7907E-13	4.7907E-13	X-Shooter_Nhdiff_stat
1.1143E+00	4.5682E-12	1.1130E+00	1.1155E+00	4.6739E-13	4.6739E-13	X-Shooter_Nhdiff_stat
1.1168E+00	4.4743E-12	1.1155E+00	1.1181E+00	4.5901E-13	4.5901E-13	X-Shooter_Nhdiff_stat
1.1193E+00	4.4765E-12	1.1181E+00	1.1206E+00	4.6048E-13	4.6048E-13	X-Shooter_Nhdiff_stat
1.1219E+00	4.3106E-12	1.1206E+00	1.1231E+00	4.4461E-13	4.4461E-13	X-Shooter_Nhdiff_stat
1.1244E+00	4.3926E-12	1.1231E+00	1.1257E+00	4.5431E-13	4.5431E-13	X-Shooter_Nhdiff_stat
1.1270E+00	4.3237E-12	1.1257E+00	1.1282E+00	4.4839E-13	4.4839E-13	X-Shooter_Nhdiff_stat
1.1295E+00	4.3014E-12	1.1282E+00	1.1308E+00	4.4729E-13	4.4729E-13	X-Shooter_Nhdiff_stat
1.1321E+00	4.5319E-12	1.1308E+00	1.1334E+00	4.7253E-13	4.7253E-13	X-Shooter_Nhdiff_stat
1.1347E+00	4.4656E-12	1.1334E+00	1.1360E+00	4.6689E-13	4.6689E-13	X-Shooter_Nhdiff_stat
1.1373E+00	4.6197E-12	1.1360E+00	1.1386E+00	4.8432E-13	4.8432E-13	X-Shooter_Nhdiff_stat
1.1399E+00	4.3476E-12	1.1386E+00	1.1412E+00	4.5704E-13	4.5704E-13	X-Shooter_Nhdiff_stat
1.1425E+00	4.4144E-12	1.1412E+00	1.1439E+00	4.6533E-13	4.6533E-13	X-Shooter_Nhdiff_stat
1.1452E+00	4.3706E-12	1.1439E+00	1.1465E+00	4.6196E-13	4.6196E-13	X-Shooter_Nhdiff_stat
1.1478E+00	4.3563E-12	1.1465E+00	1.1492E+00	4.6171E-13	4.6171E-13	X-Shooter_Nhdiff_stat
1.1505E+00	4.3167E-12	1.1492E+00	1.1518E+00	4.5876E-13	4.5876E-13	X-Shooter_Nhdiff_stat
1.1532E+00	4.3292E-12	1.1518E+00	1.1545E+00	4.6135E-13	4.6135E-13	X-Shooter_Nhdiff_stat
1.1559E+00	4.3616E-12	1.1545E+00	1.1572E+00	4.6607E-13	4.6607E-13	X-Shooter_Nhdiff_stat
1.1586E+00	4.1874E-12	1.1572E+00	1.1599E+00	4.4868E-13	4.4868E-13	X-Shooter_Nhdiff_stat
1.1613E+00	4.2498E-12	1.1599E+00	1.1626E+00	4.5662E-13	4.5662E-13	X-Shooter_Nhdiff_stat
1.1640E+00	4.4834E-12	1.1626E+00	1.1654E+00	4.8304E-13	4.8304E-13	X-Shooter_Nhdiff_stat
1.1667E+00	4.4453E-12	1.1654E+00	1.1681E+00	4.8024E-13	4.8024E-13	X-Shooter_Nhdiff_stat
1.1695E+00	4.3047E-12	1.1681E+00	1.1709E+00	4.6633E-13	4.6633E-13	X-Shooter_Nhdiff_stat
1.1723E+00	4.2529E-12	1.1709E+00	1.1736E+00	4.6199E-13	4.6199E-13	X-Shooter_Nhdiff_stat
1.1750E+00	4.3463E-12	1.1736E+00	1.1764E+00	4.7344E-13	4.7344E-13	X-Shooter_Nhdiff_stat
1.1778E+00	4.1054E-12	1.1764E+00	1.1792E+00	4.4843E-13	4.4843E-13	X-Shooter_Nhdiff_stat
1.1806E+00	4.0726E-12	1.1792E+00	1.1820E+00	4.4607E-13	4.4607E-13	X-Shooter_Nhdiff_stat
1.1834E+00	4.1179E-12	1.1820E+00	1.1849E+00	4.5227E-13	4.5227E-13	X-Shooter_Nhdiff_stat
1.1863E+00	4.1992E-12	1.1849E+00	1.1877E+00	4.6247E-13	4.6247E-13	X-Shooter_Nhdiff_stat
1.1891E+00	4.0735E-12	1.1877E+00	1.1905E+00	4.4987E-13	4.4987E-13	X-Shooter_Nhdiff_stat
1.1920E+00	4.1014E-12	1.1905E+00	1.1934E+00	4.5419E-13	4.5419E-13	X-Shooter_Nhdiff_stat
1.1949E+00	4.1398E-12	1.1934E+00	1.1963E+00	4.5971E-13	4.5971E-13	X-Shooter_Nhdiff_stat
1.1977E+00	4.1095E-12	1.1963E+00	1.1992E+00	4.5761E-13	4.5761E-13	X-Shooter_Nhdiff_stat
1.2006E+00	4.1194E-12	1.1992E+00	1.2021E+00	4.5998E-13	4.5998E-13	X-Shooter_Nhdiff_stat
1.2036E+00	4.0761E-12	1.2021E+00	1.2050E+00	4.5640E-13	4.5640E-13	X-Shooter_Nhdiff_stat
1.2065E+00	4.0843E-12	1.2050E+00	1.2080E+00	4.5858E-13	4.5858E-13	X-Shooter_Nhdiff_stat
1.2094E+00	4.1232E-12	1.2080E+00	1.2109E+00	4.6423E-13	4.6423E-13	X-Shooter_Nhdiff_stat
1.2124E+00	4.0270E-12	1.2109E+00	1.2139E+00	4.5465E-13	4.5465E-13	X-Shooter_Nhdiff_stat
1.2154E+00	3.9086E-12	1.2139E+00	1.2168E+00	4.4251E-13	4.4251E-13	X-Shooter_Nhdiff_stat
1.2183E+00	3.8857E-12	1.2168E+00	1.2198E+00	4.4114E-13	4.4114E-13	X-Shooter_Nhdiff_stat
1.2213E+00	3.8646E-12	1.2198E+00	1.2228E+00	4.3995E-13	4.3995E-13	X-Shooter_Nhdiff_stat
1.2244E+00	4.2249E-12	1.2228E+00	1.2259E+00	4.8230E-13	4.8230E-13	X-Shooter_Nhdiff_stat
1.2274E+00	3.8120E-12	1.2259E+00	1.2289E+00	4.3636E-13	4.3636E-13	X-Shooter_Nhdiff_stat
1.2304E+00	4.1249E-12	1.2289E+00	1.2320E+00	4.7349E-13	4.7349E-13	X-Shooter_Nhdiff_stat
1.2335E+00	3.9538E-12	1.2320E+00	1.2350E+00	4.5511E-13	4.5511E-13	X-Shooter_Nhdiff_stat
1.2366E+00	4.0360E-12	1.2350E+00	1.2381E+00	4.6586E-13	4.6586E-13	X-Shooter_Nhdiff_stat
1.2397E+00	3.7606E-12	1.2381E+00	1.2412E+00	4.3528E-13	4.3528E-13	X-Shooter_Nhdiff_stat
1.2428E+00	4.1859E-12	1.2412E+00	1.2443E+00	4.8585E-13	4.8585E-13	X-Shooter_Nhdiff_stat
1.2459E+00	3.9842E-12	1.2443E+00	1.2475E+00	4.6372E-13	4.6372E-13	X-Shooter_Nhdiff_stat
1.2490E+00	3.7857E-12	1.2475E+00	1.2506E+00	4.4184E-13	4.4184E-13	X-Shooter_Nhdiff_stat
1.2522E+00	3.9444E-12	1.2506E+00	1.2538E+00	4.6163E-13	4.6163E-13	X-Shooter_Nhdiff_stat
1.2554E+00	3.6163E-12	1.2538E+00	1.2569E+00	4.2441E-13	4.2441E-13	X-Shooter_Nhdiff_stat
1.2585E+00	3.7751E-12	1.2569E+00	1.2601E+00	4.4427E-13	4.4427E-13	X-Shooter_Nhdiff_stat
1.2617E+00	3.8135E-12	1.2601E+00	1.2633E+00	4.5003E-13	4.5003E-13	X-Shooter_Nhdiff_stat
1.2650E+00	3.6687E-12	1.2633E+00	1.2666E+00	4.3414E-13	4.3414E-13	X-Shooter_Nhdiff_stat
1.2682E+00	3.5021E-12	1.2666E+00	1.2698E+00	4.1557E-13	4.1557E-13	X-Shooter_Nhdiff_stat
1.2714E+00	3.6863E-12	1.2698E+00	1.2731E+00	4.3864E-13	4.3864E-13	X-Shooter_Nhdiff_stat
1.2747E+00	3.7608E-12	1.2731E+00	1.2764E+00	4.4876E-13	4.4876E-13	X-Shooter_Nhdiff_stat
1.2780E+00	3.7755E-12	1.2764E+00	1.2797E+00	4.5175E-13	4.5175E-13	X-Shooter_Nhdiff_stat
1.2813E+00	3.7286E-12	1.2797E+00	1.2830E+00	4.4738E-13	4.4738E-13	X-Shooter_Nhdiff_stat
1.2846E+00	3.7444E-12	1.2830E+00	1.2863E+00	4.5051E-13	4.5051E-13	X-Shooter_Nhdiff_stat
1.2880E+00	3.6079E-12	1.2863E+00	1.2896E+00	4.3529E-13	4.3529E-13	X-Shooter_Nhdiff_stat
1.2913E+00	3.6977E-12	1.2896E+00	1.2930E+00	4.4737E-13	4.4737E-13	X-Shooter_Nhdiff_stat
1.2947E+00	3.7486E-12	1.2930E+00	1.2964E+00	4.5477E-13	4.5477E-13	X-Shooter_Nhdiff_stat
1.2981E+00	3.7697E-12	1.2964E+00	1.2998E+00	4.5860E-13	4.5860E-13	X-Shooter_Nhdiff_stat
1.3015E+00	3.6545E-12	1.2998E+00	1.3032E+00	4.4581E-13	4.4581E-13	X-Shooter_Nhdiff_stat
1.3049E+00	3.6108E-12	1.3032E+00	1.3066E+00	4.4170E-13	4.4170E-13	X-Shooter_Nhdiff_stat
1.3084E+00	3.5378E-12	1.3066E+00	1.3101E+00	4.3396E-13	4.3396E-13	X-Shooter_Nhdiff_stat
1.3118E+00	3.5929E-12	1.3101E+00	1.3136E+00	4.4194E-13	4.4194E-13	X-Shooter_Nhdiff_stat
1.3153E+00	3.5373E-12	1.3136E+00	1.3170E+00	4.3629E-13	4.3629E-13	X-Shooter_Nhdiff_stat
1.3188E+00	3.5295E-12	1.3170E+00	1.3205E+00	4.3654E-13	4.3654E-13	X-Shooter_Nhdiff_stat
1.3223E+00	3.6262E-12	1.3205E+00	1.3241E+00	4.4972E-13	4.4972E-13	X-Shooter_Nhdiff_stat
1.3258E+00	3.5694E-12	1.3241E+00	1.3276E+00	4.4390E-13	4.4390E-13	X-Shooter_Nhdiff_stat
1.3294E+00	3.6540E-12	1.3276E+00	1.3312E+00	4.5567E-13	4.5567E-13	X-Shooter_Nhdiff_stat
1.3330E+00	3.4794E-12	1.3312E+00	1.3348E+00	4.3508E-13	4.3508E-13	X-Shooter_Nhdiff_stat
1.3366E+00	3.4708E-12	1.3348E+00	1.3384E+00	4.3521E-13	4.3521E-13	X-Shooter_Nhdiff_stat
1.3402E+00	3.5460E-12	1.3384E+00	1.3420E+00	4.4585E-13	4.4585E-13	X-Shooter_Nhdiff_stat
1.3438E+00	3.4952E-12	1.3420E+00	1.3456E+00	4.4067E-13	4.4067E-13	X-Shooter_Nhdiff_stat
1.3475E+00	3.6043E-12	1.3456E+00	1.3493E+00	4.5567E-13	4.5567E-13	X-Shooter_Nhdiff_stat
1.3511E+00	3.4061E-12	1.3493E+00	1.3530E+00	4.3179E-13	4.3179E-13	X-Shooter_Nhdiff_stat
1.3548E+00	3.4318E-12	1.3530E+00	1.3567E+00	4.3624E-13	4.3624E-13	X-Shooter_Nhdiff_stat
1.3585E+00	3.4336E-12	1.3567E+00	1.3604E+00	4.3766E-13	4.3766E-13	X-Shooter_Nhdiff_stat
1.3623E+00	3.4183E-12	1.3604E+00	1.3641E+00	4.3690E-13	4.3690E-13	X-Shooter_Nhdiff_stat
1.3660E+00	3.4560E-12	1.3641E+00	1.3679E+00	4.4291E-13	4.4291E-13	X-Shooter_Nhdiff_stat
1.3698E+00	3.5216E-12	1.3679E+00	1.3717E+00	4.5256E-13	4.5256E-13	X-Shooter_Nhdiff_stat
1.3736E+00	3.5802E-12	1.3717E+00	1.3755E+00	4.6133E-13	4.6133E-13	X-Shooter_Nhdiff_stat
1.3774E+00	3.5125E-12	1.3755E+00	1.3793E+00	4.5384E-13	4.5384E-13	X-Shooter_Nhdiff_stat
1.3812E+00	3.3356E-12	1.3793E+00	1.3832E+00	4.3215E-13	4.3215E-13	X-Shooter_Nhdiff_stat
1.3851E+00	3.5186E-12	1.3832E+00	1.3870E+00	4.5709E-13	4.5709E-13	X-Shooter_Nhdiff_stat
1.3890E+00	3.2822E-12	1.3870E+00	1.3909E+00	4.2755E-13	4.2755E-13	X-Shooter_Nhdiff_stat
1.3929E+00	3.3897E-12	1.3909E+00	1.3948E+00	4.4274E-13	4.4274E-13	X-Shooter_Nhdiff_stat
1.3968E+00	3.4374E-12	1.3948E+00	1.3988E+00	4.5018E-13	4.5018E-13	X-Shooter_Nhdiff_stat
1.4008E+00	3.3263E-12	1.3988E+00	1.4027E+00	4.3680E-13	4.3680E-13	X-Shooter_Nhdiff_stat
1.4047E+00	3.2490E-12	1.4027E+00	1.4067E+00	4.2780E-13	4.2780E-13	X-Shooter_Nhdiff_stat
1.4087E+00	3.2808E-12	1.4067E+00	1.4107E+00	4.3315E-13	4.3315E-13	X-Shooter_Nhdiff_stat
1.4127E+00	3.2828E-12	1.4107E+00	1.4147E+00	4.3457E-13	4.3457E-13	X-Shooter_Nhdiff_stat
1.4168E+00	3.3457E-12	1.4147E+00	1.4188E+00	4.4408E-13	4.4408E-13	X-Shooter_Nhdiff_stat
1.4208E+00	3.3589E-12	1.4188E+00	1.4229E+00	4.4703E-13	4.4703E-13	X-Shooter_Nhdiff_stat
1.4249E+00	3.3003E-12	1.4229E+00	1.4270E+00	4.4040E-13	4.4040E-13	X-Shooter_Nhdiff_stat
1.4290E+00	3.2497E-12	1.4270E+00	1.4311E+00	4.3480E-13	4.3480E-13	X-Shooter_Nhdiff_stat
1.4331E+00	3.0270E-12	1.4311E+00	1.4352E+00	4.0608E-13	4.0608E-13	X-Shooter_Nhdiff_stat
1.4373E+00	3.0514E-12	1.4352E+00	1.4394E+00	4.1044E-13	4.1044E-13	X-Shooter_Nhdiff_stat
1.4415E+00	3.2370E-12	1.4394E+00	1.4436E+00	4.3656E-13	4.3656E-13	X-Shooter_Nhdiff_stat
1.4457E+00	3.2380E-12	1.4436E+00	1.4478E+00	4.3784E-13	4.3784E-13	X-Shooter_Nhdiff_stat
1.4499E+00	3.0508E-12	1.4478E+00	1.4520E+00	4.1363E-13	4.1363E-13	X-Shooter_Nhdiff_stat
1.4542E+00	3.1104E-12	1.4520E+00	1.4563E+00	4.2281E-13	4.2281E-13	X-Shooter_Nhdiff_stat
1.4584E+00	3.1463E-12	1.4563E+00	1.4606E+00	4.2882E-13	4.2882E-13	X-Shooter_Nhdiff_stat
1.4627E+00	3.1583E-12	1.4606E+00	1.4649E+00	4.3158E-13	4.3158E-13	X-Shooter_Nhdiff_stat
1.4671E+00	2.9464E-12	1.4649E+00	1.4692E+00	4.0367E-13	4.0367E-13	X-Shooter_Nhdiff_stat
1.4714E+00	3.0081E-12	1.4692E+00	1.4736E+00	4.1320E-13	4.1320E-13	X-Shooter_Nhdiff_stat
1.4758E+00	2.9758E-12	1.4736E+00	1.4780E+00	4.0983E-13	4.0983E-13	X-Shooter_Nhdiff_stat
1.4802E+00	3.0063E-12	1.4780E+00	1.4824E+00	4.1511E-13	4.1511E-13	X-Shooter_Nhdiff_stat
1.4846E+00	3.0582E-12	1.4824E+00	1.4869E+00	4.2337E-13	4.2337E-13	X-Shooter_Nhdiff_stat
1.4891E+00	3.0163E-12	1.4869E+00	1.4913E+00	4.1864E-13	4.1864E-13	X-Shooter_Nhdiff_stat
1.4936E+00	3.4020E-12	1.4913E+00	1.4958E+00	4.7339E-13	4.7339E-13	X-Shooter_Nhdiff_stat
1.4981E+00	3.4142E-12	1.4958E+00	1.5004E+00	4.7632E-13	4.7632E-13	X-Shooter_Nhdiff_stat
1.5026E+00	3.0597E-12	1.5004E+00	1.5049E+00	4.2795E-13	4.2795E-13	X-Shooter_Nhdiff_stat
1.5072E+00	3.0929E-12	1.5049E+00	1.5095E+00	4.3370E-13	4.3370E-13	X-Shooter_Nhdiff_stat
1.5118E+00	3.1213E-12	1.5095E+00	1.5141E+00	4.3879E-13	4.3879E-13	X-Shooter_Nhdiff_stat
1.5164E+00	2.9354E-12	1.5141E+00	1.5187E+00	4.1371E-13	4.1371E-13	X-Shooter_Nhdiff_stat
1.5211E+00	3.1906E-12	1.5187E+00	1.5234E+00	4.5081E-13	4.5081E-13	X-Shooter_Nhdiff_stat
1.5258E+00	4.2462E-12	1.5234E+00	1.5281E+00	6.0148E-13	6.0148E-13	X-Shooter_Nhdiff_stat
1.5305E+00	4.3629E-12	1.5281E+00	1.5328E+00	6.1957E-13	6.1957E-13	X-Shooter_Nhdiff_stat
1.5352E+00	3.8920E-12	1.5328E+00	1.5376E+00	5.5408E-13	5.5408E-13	X-Shooter_Nhdiff_stat
1.5400E+00	3.1517E-12	1.5376E+00	1.5424E+00	4.4982E-13	4.4982E-13	X-Shooter_Nhdiff_stat
1.5448E+00	2.8716E-12	1.5424E+00	1.5472E+00	4.1086E-13	4.1086E-13	X-Shooter_Nhdiff_stat
1.5496E+00	3.1205E-12	1.5472E+00	1.5520E+00	4.4758E-13	4.4758E-13	X-Shooter_Nhdiff_stat
1.5545E+00	2.7872E-12	1.5520E+00	1.5569E+00	4.0076E-13	4.0076E-13	X-Shooter_Nhdiff_stat
1.5593E+00	2.7591E-12	1.5569E+00	1.5618E+00	3.9770E-13	3.9770E-13	X-Shooter_Nhdiff_stat
1.5643E+00	2.7855E-12	1.5618E+00	1.5667E+00	4.0248E-13	4.0248E-13	X-Shooter_Nhdiff_stat
1.5692E+00	2.6887E-12	1.5667E+00	1.5717E+00	3.8944E-13	3.8944E-13	X-Shooter_Nhdiff_stat
1.5742E+00	2.7740E-12	1.5717E+00	1.5767E+00	4.0278E-13	4.0278E-13	X-Shooter_Nhdiff_stat
1.5792E+00	2.9467E-12	1.5767E+00	1.5817E+00	4.2890E-13	4.2890E-13	X-Shooter_Nhdiff_stat
1.5843E+00	2.9844E-12	1.5817E+00	1.5868E+00	4.3544E-13	4.3544E-13	X-Shooter_Nhdiff_stat
1.5893E+00	2.7122E-12	1.5868E+00	1.5919E+00	3.9667E-13	3.9667E-13	X-Shooter_Nhdiff_stat
1.5944E+00	2.7325E-12	1.5919E+00	1.5970E+00	4.0061E-13	4.0061E-13	X-Shooter_Nhdiff_stat
1.5996E+00	2.7512E-12	1.5970E+00	1.6022E+00	4.0430E-13	4.0430E-13	X-Shooter_Nhdiff_stat
1.6048E+00	2.5146E-12	1.6022E+00	1.6074E+00	3.7040E-13	3.7040E-13	X-Shooter_Nhdiff_stat
1.6100E+00	2.3408E-12	1.6074E+00	1.6126E+00	3.4562E-13	3.4562E-13	X-Shooter_Nhdiff_stat
1.6152E+00	2.4123E-12	1.6126E+00	1.6178E+00	3.5702E-13	3.5702E-13	X-Shooter_Nhdiff_stat
1.6205E+00	2.3356E-12	1.6178E+00	1.6231E+00	3.4648E-13	3.4648E-13	X-Shooter_Nhdiff_stat
1.6258E+00	2.3802E-12	1.6231E+00	1.6285E+00	3.5392E-13	3.5392E-13	X-Shooter_Nhdiff_stat
1.6312E+00	2.5834E-12	1.6285E+00	1.6338E+00	3.8503E-13	3.8503E-13	X-Shooter_Nhdiff_stat
1.6365E+00	2.6519E-12	1.6338E+00	1.6392E+00	3.9615E-13	3.9615E-13	X-Shooter_Nhdiff_stat
1.6420E+00	2.8327E-12	1.6392E+00	1.6447E+00	4.2413E-13	4.2413E-13	X-Shooter_Nhdiff_stat
1.6474E+00	2.5198E-12	1.6447E+00	1.6502E+00	3.7814E-13	3.7814E-13	X-Shooter_Nhdiff_stat
1.6529E+00	2.7119E-12	1.6502E+00	1.6557E+00	4.0789E-13	4.0789E-13	X-Shooter_Nhdiff_stat
1.6584E+00	2.6945E-12	1.6557E+00	1.6612E+00	4.0619E-13	4.0619E-13	X-Shooter_Nhdiff_stat
1.6640E+00	2.5943E-12	1.6612E+00	1.6668E+00	3.9197E-13	3.9197E-13	X-Shooter_Nhdiff_stat
1.6696E+00	2.6109E-12	1.6668E+00	1.6724E+00	3.9535E-13	3.9535E-13	X-Shooter_Nhdiff_stat
1.6752E+00	2.6203E-12	1.6724E+00	1.6781E+00	3.9765E-13	3.9765E-13	X-Shooter_Nhdiff_stat
1.6809E+00	2.5185E-12	1.6781E+00	1.6838E+00	3.8306E-13	3.8306E-13	X-Shooter_Nhdiff_stat
1.6866E+00	2.4170E-12	1.6838E+00	1.6895E+00	3.6842E-13	3.6842E-13	X-Shooter_Nhdiff_stat
1.6924E+00	2.6668E-12	1.6895E+00	1.6953E+00	4.0739E-13	4.0739E-13	X-Shooter_Nhdiff_stat
1.6982E+00	2.6484E-12	1.6953E+00	1.7011E+00	4.0546E-13	4.0546E-13	X-Shooter_Nhdiff_stat
1.7040E+00	2.4630E-12	1.7011E+00	1.7070E+00	3.7787E-13	3.7787E-13	X-Shooter_Nhdiff_stat
1.7099E+00	2.4076E-12	1.7070E+00	1.7129E+00	3.7016E-13	3.7016E-13	X-Shooter_Nhdiff_stat
1.7158E+00	2.4084E-12	1.7129E+00	1.7188E+00	3.7108E-13	3.7108E-13	X-Shooter_Nhdiff_stat
1.7218E+00	2.7104E-12	1.7188E+00	1.7248E+00	4.1849E-13	4.1849E-13	X-Shooter_Nhdiff_stat
1.7278E+00	2.5211E-12	1.7248E+00	1.7308E+00	3.9008E-13	3.9008E-13	X-Shooter_Nhdiff_stat
1.7338E+00	2.6684E-12	1.7308E+00	1.7369E+00	4.1373E-13	4.1373E-13	X-Shooter_Nhdiff_stat
1.7399E+00	2.4288E-12	1.7369E+00	1.7430E+00	3.7735E-13	3.7735E-13	X-Shooter_Nhdiff_stat
1.7460E+00	2.4672E-12	1.7430E+00	1.7491E+00	3.8410E-13	3.8410E-13	X-Shooter_Nhdiff_stat
1.7522E+00	2.5297E-12	1.7491E+00	1.7553E+00	3.9463E-13	3.9463E-13	X-Shooter_Nhdiff_stat
1.7584E+00	2.3721E-12	1.7553E+00	1.7615E+00	3.7080E-13	3.7080E-13	X-Shooter_Nhdiff_stat
1.7647E+00	2.4196E-12	1.7615E+00	1.7678E+00	3.7897E-13	3.7897E-13	X-Shooter_Nhdiff_stat
1.7710E+00	2.2245E-12	1.7678E+00	1.7741E+00	3.4911E-13	3.4911E-13	X-Shooter_Nhdiff_stat
1.7773E+00	2.5558E-12	1.7741E+00	1.7805E+00	4.0189E-13	4.0189E-13	X-Shooter_Nhdiff_stat
1.7837E+00	2.9279E-12	1.7805E+00	1.7869E+00	4.6131E-13	4.6131E-13	X-Shooter_Nhdiff_stat
1.7902E+00	2.3413E-12	1.7869E+00	1.7934E+00	3.6958E-13	3.6958E-13	X-Shooter_Nhdiff_stat
1.7966E+00	2.4936E-12	1.7934E+00	1.7999E+00	3.9439E-13	3.9439E-13	X-Shooter_Nhdiff_stat
1.8032E+00	2.1777E-12	1.7999E+00	1.8065E+00	3.4508E-13	3.4508E-13	X-Shooter_Nhdiff_stat
1.8098E+00	2.2906E-12	1.8065E+00	1.8131E+00	3.6365E-13	3.6365E-13	X-Shooter_Nhdiff_stat
1.8164E+00	2.4870E-12	1.8131E+00	1.8197E+00	3.9556E-13	3.9556E-13	X-Shooter_Nhdiff_stat
1.8231E+00	2.3890E-12	1.8197E+00	1.8264E+00	3.8068E-13	3.8068E-13	X-Shooter_Nhdiff_stat
1.8298E+00	2.1987E-12	1.8264E+00	1.8332E+00	3.5099E-13	3.5099E-13	X-Shooter_Nhdiff_stat
1.8366E+00	2.0566E-12	1.8332E+00	1.8400E+00	3.2890E-13	3.2890E-13	X-Shooter_Nhdiff_stat
1.8434E+00	2.1223E-12	1.8400E+00	1.8468E+00	3.4001E-13	3.4001E-13	X-Shooter_Nhdiff_stat
1.8503E+00	2.1166E-12	1.8468E+00	1.8537E+00	3.3969E-13	3.3969E-13	X-Shooter_Nhdiff_stat
1.8572E+00	2.1869E-12	1.8537E+00	1.8607E+00	3.5160E-13	3.5160E-13	X-Shooter_Nhdiff_stat
1.8642E+00	2.5452E-12	1.8607E+00	1.8677E+00	4.0991E-13	4.0991E-13	X-Shooter_Nhdiff_stat
1.8712E+00	2.5781E-12	1.8677E+00	1.8748E+00	4.1592E-13	4.1592E-13	X-Shooter_Nhdiff_stat
1.8783E+00	2.3703E-12	1.8748E+00	1.8819E+00	3.8304E-13	3.8304E-13	X-Shooter_Nhdiff_stat
1.8855E+00	2.7142E-12	1.8819E+00	1.8890E+00	4.3934E-13	4.3934E-13	X-Shooter_Nhdiff_stat
1.8927E+00	2.0471E-12	1.8890E+00	1.8963E+00	3.3190E-13	3.3190E-13	X-Shooter_Nhdiff_stat
1.8999E+00	1.9335E-12	1.8963E+00	1.9036E+00	3.1398E-13	3.1398E-13	X-Shooter_Nhdiff_stat
1.9072E+00	2.2867E-12	1.9036E+00	1.9109E+00	3.7194E-13	3.7194E-13	X-Shooter_Nhdiff_stat
1.9146E+00	2.0628E-12	1.9109E+00	1.9183E+00	3.3605E-13	3.3605E-13	X-Shooter_Nhdiff_stat
1.9220E+00	2.0697E-12	1.9183E+00	1.9257E+00	3.3771E-13	3.3771E-13	X-Shooter_Nhdiff_stat
1.9295E+00	1.5134E-12	1.9257E+00	1.9332E+00	2.4732E-13	2.4732E-13	X-Shooter_Nhdiff_stat
1.9370E+00	2.0930E-12	1.9332E+00	1.9408E+00	3.4255E-13	3.4255E-13	X-Shooter_Nhdiff_stat
1.9446E+00	1.6361E-12	1.9408E+00	1.9484E+00	2.6817E-13	2.6817E-13	X-Shooter_Nhdiff_stat
1.9523E+00	2.0342E-12	1.9484E+00	1.9561E+00	3.3392E-13	3.3392E-13	X-Shooter_Nhdiff_stat
1.9600E+00	2.1900E-12	1.9561E+00	1.9639E+00	3.6000E-13	3.6000E-13	X-Shooter_Nhdiff_stat
1.9678E+00	2.0128E-12	1.9639E+00	1.9717E+00	3.3135E-13	3.3135E-13	X-Shooter_Nhdiff_stat
1.9756E+00	1.7863E-12	1.9717E+00	1.9795E+00	2.9448E-13	2.9448E-13	X-Shooter_Nhdiff_stat
1.9835E+00	2.4863E-12	1.9795E+00	1.9875E+00	4.1044E-13	4.1044E-13	X-Shooter_Nhdiff_stat
1.9915E+00	1.3862E-12	1.9875E+00	1.9955E+00	2.2914E-13	2.2914E-13	X-Shooter_Nhdiff_stat
1.9995E+00	2.1763E-12	1.9955E+00	2.0035E+00	3.6023E-13	3.6023E-13	X-Shooter_Nhdiff_stat
2.0076E+00	1.8428E-12	2.0035E+00	2.0117E+00	3.0542E-13	3.0542E-13	X-Shooter_Nhdiff_stat
2.0158E+00	1.6794E-12	2.0117E+00	2.0199E+00	2.7870E-13	2.7870E-13	X-Shooter_Nhdiff_stat
2.0240E+00	2.4545E-12	2.0199E+00	2.0281E+00	4.0784E-13	4.0784E-13	X-Shooter_Nhdiff_stat
2.0323E+00	2.1361E-12	2.0281E+00	2.0365E+00	3.5536E-13	3.5536E-13	X-Shooter_Nhdiff_stat
2.0407E+00	2.0284E-12	2.0365E+00	2.0449E+00	3.3786E-13	3.3786E-13	X-Shooter_Nhdiff_stat
2.0491E+00	2.2299E-12	2.0449E+00	2.0533E+00	3.7185E-13	3.7185E-13	X-Shooter_Nhdiff_stat
2.0576E+00	1.1749E-12	2.0533E+00	2.0619E+00	1.9616E-13	1.9616E-13	X-Shooter_Nhdiff_stat
1.9796E+00	1.9609E-13	1.7763E+00	2.2061E+00	3.0855E-14	3.0855E-14	GMOS_Nhdiff_stat
2.0838E+00	1.4987E-13	1.8848E+00	2.3037E+00	2.1125E-14	2.1125E-14	NTT_Nhdiff_stat
1.2609E+03	4.4202E-13	1.1476E+03	1.3855E+03	5.6934E-14	5.6934E-14	X-ray_Nhdiff_stat
1.4592E+03	4.1964E-13	1.3855E+03	1.5369E+03	3.6390E-14	3.6390E-14	X-ray_Nhdiff_stat
1.6042E+03	3.8897E-13	1.5369E+03	1.6745E+03	2.5834E-14	2.5834E-14	X-ray_Nhdiff_stat
1.7446E+03	3.4407E-13	1.6745E+03	1.8177E+03	1.8080E-14	1.8080E-14	X-ray_Nhdiff_stat
1.9002E+03	3.5437E-13	1.8177E+03	1.9864E+03	1.5112E-14	1.5112E-14	X-ray_Nhdiff_stat
2.0693E+03	3.6131E-13	1.9864E+03	2.1557E+03	1.2581E-14	1.2581E-14	X-ray_Nhdiff_stat
2.2723E+03	3.4847E-13	2.1557E+03	2.3952E+03	9.3465E-15	9.3465E-15	X-ray_Nhdiff_stat
2.5146E+03	3.8715E-13	2.3952E+03	2.6401E+03	8.0208E-15	8.0208E-15	X-ray_Nhdiff_stat
2.7813E+03	3.6147E-13	2.6401E+03	2.9300E+03	5.8673E-15	5.8673E-15	X-ray_Nhdiff_stat
3.0787E+03	3.7958E-13	2.9300E+03	3.2350E+03	4.6559E-15	4.6559E-15	X-ray_Nhdiff_stat
3.4103E+03	3.6777E-13	3.2350E+03	3.5950E+03	3.4144E-15	3.4144E-15	X-ray_Nhdiff_stat
3.8110E+03	3.5749E-13	3.5950E+03	4.0400E+03	2.4194E-15	2.4194E-15	X-ray_Nhdiff_stat
4.3015E+03	3.5446E-13	4.0400E+03	4.5800E+03	1.7107E-15	1.7107E-15	X-ray_Nhdiff_stat
4.9524E+03	3.4704E-13	4.5800E+03	5.3550E+03	1.1375E-15	1.1375E-15	X-ray_Nhdiff_stat
1.7320500E+008	2.6086E-11	1.00000E+008	3.00000E+008	2.1943E-12	2.1943E-12	Fermi_3FGL
5.4772255E+008	1.8418E-11	3.00000E+008	1.00000E+009	1.2153E-12	1.2153E-12	Fermi_3FGL
1.7320508E+009	1.3819E-11	1.00000E+009	3.00000E+009	9.3793E-13	9.3793E-13	Fermi_3FGL
5.4772255E+009	1.2561E-11	3.00000E+009	1.00000E+010	9.7835E-13	9.7835E-13	Fermi_3FGL
3.16227E+010	1.1718E-11	1.00000E+010	1.00000E+011	1.2699E-12	1.2699E-12	Fermi_3FGL
1502014000	5.5341E-12	849105987.68	2656966372.7	9.0845E-13	9.0845E-13	Fermi_Michael_Jan2018
4700003000	3.9963E-12	2656966372.7	8314003976.4	8.0642E-13	8.0642E-13	Fermi_Michael_Jan2018
14706940000	3.3869E-12	8314003976.4	26015637197	1.1239E-12	1.1239E-12	Fermi_Michael_Jan2018
46020000000	6.0084E-12	26015637197	81406442349	2.2306E-12	2.2306E-12	Fermi_Michael_Jan2018
144002800000	3.0318E-12	81406442349	254731760894	0.0000E+00	0.0000E+00	Fermi_Michael_Jan2018
1.2836E+11	1.5734E-12	1.0000E+11	1.6475E+11	0.0000E+00	0.0000E+00	HESSI_loose
2.1147E+11	1.5196E-12	1.6475E+11	2.7144E+11	0.0000E+00	0.0000E+00	HESSI_loose
3.4841E+11	1.2646E-12	2.7144E+11	4.4721E+11	0.0000E+00	0.0000E+00	HESSI_loose
5.7403E+11	1.0647E-12	4.4721E+11	7.3681E+11	0.0000E+00	0.0000E+00	HESSI_loose
9.4574E+11	1.0818E-12	7.3681E+11	1.2139E+12	0.0000E+00	0.0000E+00	HESSI_loose
1.5582E+12	1.1941E-12	1.2139E+12	2.0000E+12	0.0000E+00	0.0000E+00	HESSI_loose