!E(eV)		F(ergcm-2s-1)	Emin            Emax      	delta F(-)	delta F(+)	Observatory
3.4907E-06	1.3022E-14	3.3204E-06	3.6699E-06	7.5970E-16	7.5970E-16	mgps
3.4783E-05	1.9779E-14	3.3085E-05	3.6568E-05	1.0583E-15	1.0583E-15	tan
8.2817E-05	1.1136E-13	7.8775E-05	8.7067E-05	1.1136E-14	1.1136E-14	ALMA
2.2753E-05	5.4702E-14	2.2191E-05	2.3329E-05	1.4454E-15	1.4454E-15	atca
3.7233E-05	7.5995E-14	3.6313E-05	3.8175E-05	2.0372E-15	2.0372E-15	atca
7.0328E-05	1.1064E-13	6.8592E-05	7.2109E-05	2.4731E-15	2.4731E-15	atca
7.8602E-05	1.1985E-13	7.6661E-05	8.0592E-05	2.7641E-15	2.7641E-15	atca
1.5720E-04	2.0355E-13	1.5332E-04	1.6118E-04	6.8591E-15	6.8591E-15	atca
1.6548E-04	2.1827E-13	1.6139E-04	1.6967E-04	7.2201E-15	7.2201E-15	atca
5.6350E-02	1.0936E-12	4.9444E-02	6.4220E-02	2.3766E-13	2.3766E-13	wise
1.0350E-01	1.1407E-12	9.0813E-02	1.1795E-01	1.7778E-13	1.7778E-13	wise
2.7078E-01	3.9367E-12	2.3759E-01	3.0860E-01	5.7798E-13	5.7798E-13	wise
3.7127E-01	5.5728E-12	3.2577E-01	4.2313E-01	8.2563E-13	8.2563E-13	wise
5.7589E-01	7.4002E-12	5.3420E-01	6.2083E-01	5.7011E-13	5.7011E-13	2MASS
7.4810E-01	7.1048E-12	6.9395E-01	8.0648E-01	7.7068E-13	7.7068E-13	2MASS
1.0068E+00	7.0270E-12	9.3388E-01	1.0853E+00	1.0263E-12	1.0263E-12	2MASS
5.1651E-01	5.0280E-12	5.1624E-01	5.1678E-01	2.5466E-13	2.5466E-13	X-Shooter
5.1705E-01	5.3291E-12	5.1678E-01	5.1732E-01	2.7226E-13	2.7226E-13	X-Shooter
5.1759E-01	5.3728E-12	5.1732E-01	5.1786E-01	2.7000E-13	2.7000E-13	X-Shooter
5.1813E-01	5.3489E-12	5.1786E-01	5.1840E-01	2.7095E-13	2.7095E-13	X-Shooter
5.1867E-01	5.0636E-12	5.1840E-01	5.1894E-01	2.5543E-13	2.5543E-13	X-Shooter
5.1922E-01	5.2841E-12	5.1894E-01	5.1949E-01	2.6807E-13	2.6807E-13	X-Shooter
5.1976E-01	5.4266E-12	5.1949E-01	5.2003E-01	2.7436E-13	2.7436E-13	X-Shooter
5.2031E-01	5.2211E-12	5.2003E-01	5.2058E-01	2.6608E-13	2.6608E-13	X-Shooter
5.2085E-01	5.2469E-12	5.2058E-01	5.2113E-01	2.6452E-13	2.6452E-13	X-Shooter
5.2140E-01	5.2042E-12	5.2113E-01	5.2167E-01	2.6246E-13	2.6246E-13	X-Shooter
5.2195E-01	5.5769E-12	5.2167E-01	5.2222E-01	2.8118E-13	2.8118E-13	X-Shooter
5.2250E-01	5.3772E-12	5.2222E-01	5.2277E-01	2.7193E-13	2.7193E-13	X-Shooter
5.2305E-01	5.0943E-12	5.2277E-01	5.2333E-01	2.6130E-13	2.6130E-13	X-Shooter
5.2360E-01	5.3239E-12	5.2333E-01	5.2388E-01	2.6981E-13	2.6981E-13	X-Shooter
5.2416E-01	5.5314E-12	5.2388E-01	5.2443E-01	2.7775E-13	2.7775E-13	X-Shooter
5.2471E-01	5.5415E-12	5.2443E-01	5.2499E-01	2.7915E-13	2.7915E-13	X-Shooter
5.2527E-01	5.3421E-12	5.2499E-01	5.2554E-01	2.6795E-13	2.6795E-13	X-Shooter
5.2582E-01	5.3486E-12	5.2554E-01	5.2610E-01	2.6939E-13	2.6939E-13	X-Shooter
5.2638E-01	5.7306E-12	5.2610E-01	5.2666E-01	2.8846E-13	2.8846E-13	X-Shooter
5.2694E-01	5.4474E-12	5.2666E-01	5.2722E-01	2.7435E-13	2.7435E-13	X-Shooter
5.2750E-01	5.4427E-12	5.2722E-01	5.2778E-01	2.7666E-13	2.7666E-13	X-Shooter
5.2806E-01	5.4203E-12	5.2778E-01	5.2835E-01	2.7224E-13	2.7224E-13	X-Shooter
5.2863E-01	5.5777E-12	5.2835E-01	5.2891E-01	2.8138E-13	2.8138E-13	X-Shooter
5.2919E-01	5.6671E-12	5.2891E-01	5.2947E-01	2.8534E-13	2.8534E-13	X-Shooter
5.2976E-01	5.5055E-12	5.2947E-01	5.3004E-01	2.7680E-13	2.7680E-13	X-Shooter
5.3032E-01	5.4709E-12	5.3004E-01	5.3061E-01	2.7461E-13	2.7461E-13	X-Shooter
5.3089E-01	5.4180E-12	5.3061E-01	5.3117E-01	2.7261E-13	2.7261E-13	X-Shooter
5.3146E-01	5.6523E-12	5.3117E-01	5.3174E-01	2.8310E-13	2.8310E-13	X-Shooter
5.3203E-01	5.5979E-12	5.3174E-01	5.3232E-01	2.8261E-13	2.8261E-13	X-Shooter
5.3260E-01	5.7455E-12	5.3232E-01	5.3289E-01	2.8839E-13	2.8839E-13	X-Shooter
5.3317E-01	5.8265E-12	5.3289E-01	5.3346E-01	2.9201E-13	2.9201E-13	X-Shooter
5.3375E-01	5.4599E-12	5.3346E-01	5.3403E-01	2.7401E-13	2.7401E-13	X-Shooter
5.3432E-01	5.5533E-12	5.3403E-01	5.3461E-01	2.7920E-13	2.7920E-13	X-Shooter
5.3490E-01	5.7132E-12	5.3461E-01	5.3519E-01	2.8750E-13	2.8750E-13	X-Shooter
5.3548E-01	5.7248E-12	5.3519E-01	5.3577E-01	2.8762E-13	2.8762E-13	X-Shooter
5.3606E-01	5.7221E-12	5.3577E-01	5.3635E-01	2.8690E-13	2.8690E-13	X-Shooter
5.3664E-01	5.9027E-12	5.3635E-01	5.3693E-01	2.9656E-13	2.9656E-13	X-Shooter
5.3722E-01	5.8506E-12	5.3693E-01	5.3751E-01	2.9370E-13	2.9370E-13	X-Shooter
5.3780E-01	5.8132E-12	5.3751E-01	5.3809E-01	2.9225E-13	2.9225E-13	X-Shooter
5.3838E-01	5.5609E-12	5.3809E-01	5.3868E-01	2.8019E-13	2.8019E-13	X-Shooter
5.3897E-01	5.6639E-12	5.3868E-01	5.3926E-01	2.8429E-13	2.8429E-13	X-Shooter
5.3955E-01	5.6867E-12	5.3926E-01	5.3985E-01	2.8630E-13	2.8630E-13	X-Shooter
5.4014E-01	5.8554E-12	5.3985E-01	5.4044E-01	2.9376E-13	2.9376E-13	X-Shooter
5.4073E-01	5.6558E-12	5.4044E-01	5.4103E-01	2.8565E-13	2.8565E-13	X-Shooter
5.4132E-01	5.8336E-12	5.4103E-01	5.4162E-01	2.9307E-13	2.9307E-13	X-Shooter
5.4192E-01	5.8405E-12	5.4162E-01	5.4221E-01	2.9347E-13	2.9347E-13	X-Shooter
5.4251E-01	5.8368E-12	5.4221E-01	5.4280E-01	2.9246E-13	2.9246E-13	X-Shooter
5.4310E-01	5.8322E-12	5.4280E-01	5.4340E-01	2.9265E-13	2.9265E-13	X-Shooter
5.4370E-01	5.9615E-12	5.4340E-01	5.4400E-01	2.9990E-13	2.9990E-13	X-Shooter
5.4429E-01	5.9527E-12	5.4400E-01	5.4459E-01	2.9828E-13	2.9828E-13	X-Shooter
5.4489E-01	6.1447E-12	5.4459E-01	5.4519E-01	3.1087E-13	3.1087E-13	X-Shooter
5.4549E-01	6.5773E-12	5.4519E-01	5.4579E-01	3.3215E-13	3.3215E-13	X-Shooter
5.4609E-01	5.8454E-12	5.4579E-01	5.4639E-01	2.9403E-13	2.9403E-13	X-Shooter
5.4669E-01	5.8637E-12	5.4639E-01	5.4700E-01	2.9458E-13	2.9458E-13	X-Shooter
5.4730E-01	5.9760E-12	5.4700E-01	5.4760E-01	3.0003E-13	3.0003E-13	X-Shooter
5.4790E-01	5.7187E-12	5.4760E-01	5.4820E-01	2.8686E-13	2.8686E-13	X-Shooter
5.4851E-01	5.6675E-12	5.4820E-01	5.4881E-01	2.8398E-13	2.8398E-13	X-Shooter
5.4912E-01	5.8216E-12	5.4881E-01	5.4942E-01	2.9185E-13	2.9185E-13	X-Shooter
5.4972E-01	5.5705E-12	5.4942E-01	5.5003E-01	2.7909E-13	2.7909E-13	X-Shooter
5.5033E-01	5.6530E-12	5.5003E-01	5.5064E-01	2.8450E-13	2.8450E-13	X-Shooter
5.5095E-01	5.7749E-12	5.5064E-01	5.5125E-01	2.8966E-13	2.8966E-13	X-Shooter
5.5156E-01	5.5937E-12	5.5125E-01	5.5186E-01	2.8079E-13	2.8079E-13	X-Shooter
5.5217E-01	5.6426E-12	5.5186E-01	5.5248E-01	2.8370E-13	2.8370E-13	X-Shooter
5.5279E-01	5.5280E-12	5.5248E-01	5.5310E-01	2.7752E-13	2.7752E-13	X-Shooter
5.5341E-01	5.5025E-12	5.5310E-01	5.5372E-01	2.7613E-13	2.7613E-13	X-Shooter
5.5403E-01	5.6891E-12	5.5372E-01	5.5433E-01	2.8510E-13	2.8510E-13	X-Shooter
5.5464E-01	5.4593E-12	5.5433E-01	5.5496E-01	2.7363E-13	2.7363E-13	X-Shooter
5.5527E-01	5.5646E-12	5.5496E-01	5.5558E-01	2.7901E-13	2.7901E-13	X-Shooter
5.5589E-01	5.7002E-12	5.5558E-01	5.5620E-01	2.8607E-13	2.8607E-13	X-Shooter
5.5651E-01	5.6988E-12	5.5620E-01	5.5682E-01	2.8577E-13	2.8577E-13	X-Shooter
5.5714E-01	5.5787E-12	5.5682E-01	5.5745E-01	2.7948E-13	2.7948E-13	X-Shooter
5.5776E-01	5.5032E-12	5.5745E-01	5.5808E-01	2.7547E-13	2.7547E-13	X-Shooter
5.5839E-01	5.5244E-12	5.5808E-01	5.5871E-01	2.7675E-13	2.7675E-13	X-Shooter
5.5902E-01	5.5917E-12	5.5871E-01	5.5934E-01	2.8031E-13	2.8031E-13	X-Shooter
5.5965E-01	5.6984E-12	5.5934E-01	5.5997E-01	2.8559E-13	2.8559E-13	X-Shooter
5.6028E-01	5.6972E-12	5.5997E-01	5.6060E-01	2.8526E-13	2.8526E-13	X-Shooter
5.6092E-01	5.7089E-12	5.6060E-01	5.6124E-01	2.8636E-13	2.8636E-13	X-Shooter
5.6155E-01	5.7179E-12	5.6124E-01	5.6187E-01	2.8649E-13	2.8649E-13	X-Shooter
5.6219E-01	5.6993E-12	5.6187E-01	5.6251E-01	2.8532E-13	2.8532E-13	X-Shooter
5.6283E-01	5.7635E-12	5.6251E-01	5.6315E-01	2.8904E-13	2.8904E-13	X-Shooter
5.6347E-01	5.6714E-12	5.6315E-01	5.6379E-01	2.8401E-13	2.8401E-13	X-Shooter
5.6411E-01	5.7024E-12	5.6379E-01	5.6443E-01	2.8562E-13	2.8562E-13	X-Shooter
5.6475E-01	5.6767E-12	5.6443E-01	5.6507E-01	2.8411E-13	2.8411E-13	X-Shooter
5.6540E-01	5.7127E-12	5.6507E-01	5.6572E-01	2.8633E-13	2.8633E-13	X-Shooter
5.6604E-01	5.7134E-12	5.6572E-01	5.6637E-01	2.8598E-13	2.8598E-13	X-Shooter
5.6669E-01	5.6562E-12	5.6637E-01	5.6701E-01	2.8339E-13	2.8339E-13	X-Shooter
5.6734E-01	5.7144E-12	5.6701E-01	5.6766E-01	2.8668E-13	2.8668E-13	X-Shooter
5.6799E-01	5.7274E-12	5.6766E-01	5.6831E-01	2.8683E-13	2.8683E-13	X-Shooter
5.6864E-01	5.8518E-12	5.6831E-01	5.6896E-01	2.9321E-13	2.9321E-13	X-Shooter
5.6929E-01	5.8651E-12	5.6896E-01	5.6962E-01	2.9360E-13	2.9360E-13	X-Shooter
5.6995E-01	5.8790E-12	5.6962E-01	5.7027E-01	2.9428E-13	2.9428E-13	X-Shooter
5.7060E-01	5.7759E-12	5.7027E-01	5.7093E-01	2.8931E-13	2.8931E-13	X-Shooter
5.7126E-01	5.8254E-12	5.7093E-01	5.7159E-01	2.9150E-13	2.9150E-13	X-Shooter
5.7192E-01	5.8044E-12	5.7159E-01	5.7225E-01	2.9069E-13	2.9069E-13	X-Shooter
5.7258E-01	5.9487E-12	5.7225E-01	5.7291E-01	2.9768E-13	2.9768E-13	X-Shooter
5.7324E-01	5.8546E-12	5.7291E-01	5.7357E-01	2.9351E-13	2.9351E-13	X-Shooter
5.7390E-01	5.8572E-12	5.7357E-01	5.7423E-01	2.9363E-13	2.9363E-13	X-Shooter
5.7457E-01	5.8822E-12	5.7423E-01	5.7490E-01	2.9467E-13	2.9467E-13	X-Shooter
5.7523E-01	5.9633E-12	5.7490E-01	5.7557E-01	2.9853E-13	2.9853E-13	X-Shooter
5.7590E-01	5.8877E-12	5.7557E-01	5.7624E-01	2.9480E-13	2.9480E-13	X-Shooter
5.7657E-01	5.9664E-12	5.7624E-01	5.7691E-01	2.9889E-13	2.9889E-13	X-Shooter
5.7724E-01	5.9941E-12	5.7691E-01	5.7758E-01	3.0004E-13	3.0004E-13	X-Shooter
5.7792E-01	5.9179E-12	5.7758E-01	5.7825E-01	2.9602E-13	2.9602E-13	X-Shooter
5.7859E-01	5.8624E-12	5.7825E-01	5.7893E-01	2.9379E-13	2.9379E-13	X-Shooter
5.7927E-01	5.9237E-12	5.7893E-01	5.7961E-01	2.9713E-13	2.9713E-13	X-Shooter
5.7995E-01	5.9107E-12	5.7961E-01	5.8028E-01	2.9626E-13	2.9626E-13	X-Shooter
5.8062E-01	5.8908E-12	5.8028E-01	5.8096E-01	2.9525E-13	2.9525E-13	X-Shooter
5.8131E-01	5.8890E-12	5.8096E-01	5.8165E-01	2.9530E-13	2.9530E-13	X-Shooter
5.8199E-01	6.0013E-12	5.8165E-01	5.8233E-01	3.0072E-13	3.0072E-13	X-Shooter
5.8267E-01	6.0635E-12	5.8233E-01	5.8301E-01	3.0386E-13	3.0386E-13	X-Shooter
5.8336E-01	6.0626E-12	5.8301E-01	5.8370E-01	3.0384E-13	3.0384E-13	X-Shooter
5.8404E-01	6.0871E-12	5.8370E-01	5.8439E-01	3.0514E-13	3.0514E-13	X-Shooter
5.8473E-01	6.0931E-12	5.8439E-01	5.8508E-01	3.0528E-13	3.0528E-13	X-Shooter
5.8542E-01	6.1109E-12	5.8508E-01	5.8577E-01	3.0614E-13	3.0614E-13	X-Shooter
5.8611E-01	6.1744E-12	5.8577E-01	5.8646E-01	3.0922E-13	3.0922E-13	X-Shooter
5.8681E-01	6.1228E-12	5.8646E-01	5.8715E-01	3.0654E-13	3.0654E-13	X-Shooter
5.8750E-01	6.1253E-12	5.8715E-01	5.8785E-01	3.0717E-13	3.0717E-13	X-Shooter
5.8820E-01	6.0364E-12	5.8785E-01	5.8855E-01	3.0242E-13	3.0242E-13	X-Shooter
5.8890E-01	6.0206E-12	5.8855E-01	5.8925E-01	3.0149E-13	3.0149E-13	X-Shooter
5.8960E-01	6.2741E-12	5.8925E-01	5.8995E-01	3.1418E-13	3.1418E-13	X-Shooter
5.9030E-01	6.4667E-12	5.8995E-01	5.9065E-01	3.2378E-13	3.2378E-13	X-Shooter
5.9100E-01	6.4675E-12	5.9065E-01	5.9136E-01	3.2370E-13	3.2370E-13	X-Shooter
5.9171E-01	6.3212E-12	5.9136E-01	5.9206E-01	3.1627E-13	3.1627E-13	X-Shooter
5.9242E-01	6.3885E-12	5.9206E-01	5.9277E-01	3.1987E-13	3.1987E-13	X-Shooter
5.9312E-01	6.1206E-12	5.9277E-01	5.9348E-01	3.0644E-13	3.0644E-13	X-Shooter
5.9384E-01	6.1648E-12	5.9348E-01	5.9419E-01	3.0889E-13	3.0889E-13	X-Shooter
5.9455E-01	6.1357E-12	5.9419E-01	5.9491E-01	3.0769E-13	3.0769E-13	X-Shooter
5.9526E-01	6.0766E-12	5.9491E-01	5.9562E-01	3.0424E-13	3.0424E-13	X-Shooter
5.9598E-01	6.0640E-12	5.9562E-01	5.9634E-01	3.0344E-13	3.0344E-13	X-Shooter
5.9669E-01	5.9724E-12	5.9634E-01	5.9705E-01	2.9896E-13	2.9896E-13	X-Shooter
5.9741E-01	5.9013E-12	5.9705E-01	5.9777E-01	2.9547E-13	2.9547E-13	X-Shooter
5.9813E-01	5.9724E-12	5.9777E-01	5.9849E-01	2.9954E-13	2.9954E-13	X-Shooter
5.9886E-01	5.9368E-12	5.9849E-01	5.9922E-01	2.9747E-13	2.9747E-13	X-Shooter
5.9958E-01	5.9434E-12	5.9922E-01	5.9994E-01	2.9781E-13	2.9781E-13	X-Shooter
6.0031E-01	5.9421E-12	5.9994E-01	6.0067E-01	2.9741E-13	2.9741E-13	X-Shooter
6.0103E-01	6.1270E-12	6.0067E-01	6.0140E-01	3.0762E-13	3.0762E-13	X-Shooter
6.0176E-01	6.0701E-12	6.0140E-01	6.0213E-01	3.0369E-13	3.0369E-13	X-Shooter
6.0249E-01	5.9171E-12	6.0213E-01	6.0286E-01	2.9639E-13	2.9639E-13	X-Shooter
6.0323E-01	5.6613E-12	6.0286E-01	6.0359E-01	2.8501E-13	2.8501E-13	X-Shooter
6.0396E-01	6.6558E-12	6.0359E-01	6.0433E-01	3.3348E-13	3.3348E-13	X-Shooter
6.0470E-01	6.2023E-12	6.0433E-01	6.0507E-01	3.1143E-13	3.1143E-13	X-Shooter
6.0544E-01	6.1518E-12	6.0507E-01	6.0581E-01	3.0781E-13	3.0781E-13	X-Shooter
6.0618E-01	5.9771E-12	6.0581E-01	6.0655E-01	2.9927E-13	2.9927E-13	X-Shooter
6.0692E-01	6.1337E-12	6.0655E-01	6.0729E-01	3.0733E-13	3.0733E-13	X-Shooter
6.0766E-01	6.0917E-12	6.0729E-01	6.0803E-01	3.0488E-13	3.0488E-13	X-Shooter
6.0841E-01	6.0450E-12	6.0803E-01	6.0878E-01	3.0240E-13	3.0240E-13	X-Shooter
6.0916E-01	6.0607E-12	6.0878E-01	6.0953E-01	3.0332E-13	3.0332E-13	X-Shooter
6.0991E-01	6.2204E-12	6.0953E-01	6.1028E-01	3.1132E-13	3.1132E-13	X-Shooter
6.1066E-01	6.1315E-12	6.1028E-01	6.1103E-01	3.0686E-13	3.0686E-13	X-Shooter
6.1141E-01	6.1137E-12	6.1103E-01	6.1179E-01	3.0621E-13	3.0621E-13	X-Shooter
6.5023E-01	6.1841E-14	6.1179E-01	6.9109E-01	3.0940E-15	3.0940E-15	X-Shooter
6.9157E-01	6.0245E-12	6.9109E-01	6.9205E-01	3.0141E-13	3.0141E-13	X-Shooter
6.9253E-01	6.2626E-12	6.9205E-01	6.9302E-01	3.1328E-13	3.1328E-13	X-Shooter
6.9350E-01	6.2019E-12	6.9302E-01	6.9399E-01	3.1237E-13	3.1237E-13	X-Shooter
6.9447E-01	6.0941E-12	6.9399E-01	6.9496E-01	3.0506E-13	3.0506E-13	X-Shooter
6.9545E-01	6.2388E-12	6.9496E-01	6.9593E-01	3.1233E-13	3.1233E-13	X-Shooter
6.9642E-01	5.9696E-12	6.9593E-01	6.9691E-01	2.9862E-13	2.9862E-13	X-Shooter
6.9740E-01	6.1869E-12	6.9691E-01	6.9789E-01	3.0954E-13	3.0954E-13	X-Shooter
6.9838E-01	6.0887E-12	6.9789E-01	6.9888E-01	3.0454E-13	3.0454E-13	X-Shooter
6.9937E-01	6.1765E-12	6.9888E-01	6.9987E-01	3.0910E-13	3.0910E-13	X-Shooter
7.0036E-01	6.1581E-12	6.9987E-01	7.0086E-01	3.0803E-13	3.0803E-13	X-Shooter
7.0135E-01	6.0788E-12	7.0086E-01	7.0185E-01	3.0526E-13	3.0526E-13	X-Shooter
7.0234E-01	6.1494E-12	7.0185E-01	7.0284E-01	3.0787E-13	3.0787E-13	X-Shooter
7.0334E-01	6.2273E-12	7.0284E-01	7.0384E-01	3.1155E-13	3.1155E-13	X-Shooter
7.0434E-01	6.0885E-12	7.0384E-01	7.0484E-01	3.0461E-13	3.0461E-13	X-Shooter
7.0534E-01	6.1207E-12	7.0484E-01	7.0584E-01	3.0613E-13	3.0613E-13	X-Shooter
7.0635E-01	6.1248E-12	7.0584E-01	7.0685E-01	3.0636E-13	3.0636E-13	X-Shooter
7.0735E-01	6.1406E-12	7.0685E-01	7.0786E-01	3.0727E-13	3.0727E-13	X-Shooter
7.0836E-01	6.0951E-12	7.0786E-01	7.0887E-01	3.0538E-13	3.0538E-13	X-Shooter
7.0938E-01	6.1416E-12	7.0887E-01	7.0988E-01	3.0725E-13	3.0725E-13	X-Shooter
7.1039E-01	6.2014E-12	7.0988E-01	7.1090E-01	3.1098E-13	3.1098E-13	X-Shooter
7.1141E-01	6.1745E-12	7.1090E-01	7.1192E-01	3.0935E-13	3.0935E-13	X-Shooter
7.1243E-01	6.2068E-12	7.1192E-01	7.1295E-01	3.1055E-13	3.1055E-13	X-Shooter
7.1346E-01	6.1330E-12	7.1295E-01	7.1397E-01	3.0685E-13	3.0685E-13	X-Shooter
7.1449E-01	6.1922E-12	7.1397E-01	7.1500E-01	3.1023E-13	3.1023E-13	X-Shooter
7.1552E-01	6.3083E-12	7.1500E-01	7.1603E-01	3.1562E-13	3.1562E-13	X-Shooter
7.1655E-01	6.2811E-12	7.1603E-01	7.1707E-01	3.1435E-13	3.1435E-13	X-Shooter
7.1759E-01	6.2527E-12	7.1707E-01	7.1811E-01	3.1293E-13	3.1293E-13	X-Shooter
7.1863E-01	6.2925E-12	7.1811E-01	7.1915E-01	3.1587E-13	3.1587E-13	X-Shooter
7.1967E-01	6.1907E-12	7.1915E-01	7.2019E-01	3.0979E-13	3.0979E-13	X-Shooter
7.2072E-01	6.1220E-12	7.2019E-01	7.2125E-01	3.0692E-13	3.0692E-13	X-Shooter
7.2177E-01	6.2503E-12	7.2125E-01	7.2230E-01	3.1269E-13	3.1269E-13	X-Shooter
7.2282E-01	6.1575E-12	7.2230E-01	7.2335E-01	3.0835E-13	3.0835E-13	X-Shooter
7.2388E-01	6.0921E-12	7.2335E-01	7.2441E-01	3.0504E-13	3.0504E-13	X-Shooter
7.2494E-01	6.2046E-12	7.2441E-01	7.2547E-01	3.1049E-13	3.1049E-13	X-Shooter
7.2600E-01	6.3128E-12	7.2547E-01	7.2653E-01	3.1606E-13	3.1606E-13	X-Shooter
7.2706E-01	6.3102E-12	7.2653E-01	7.2759E-01	3.1570E-13	3.1570E-13	X-Shooter
7.2813E-01	6.4164E-12	7.2759E-01	7.2866E-01	3.2108E-13	3.2108E-13	X-Shooter
7.2920E-01	6.3596E-12	7.2866E-01	7.2974E-01	3.1817E-13	3.1817E-13	X-Shooter
7.3027E-01	6.3975E-12	7.2974E-01	7.3081E-01	3.2019E-13	3.2019E-13	X-Shooter
7.3135E-01	6.4971E-12	7.3081E-01	7.3189E-01	3.2605E-13	3.2605E-13	X-Shooter
7.3243E-01	6.5891E-12	7.3189E-01	7.3297E-01	3.2952E-13	3.2952E-13	X-Shooter
7.3351E-01	6.6521E-12	7.3297E-01	7.3406E-01	3.3274E-13	3.3274E-13	X-Shooter
7.3460E-01	6.5660E-12	7.3406E-01	7.3514E-01	3.2845E-13	3.2845E-13	X-Shooter
7.3569E-01	6.4500E-12	7.3514E-01	7.3624E-01	3.2297E-13	3.2297E-13	X-Shooter
7.3678E-01	6.3721E-12	7.3624E-01	7.3733E-01	3.1873E-13	3.1873E-13	X-Shooter
7.3788E-01	6.4219E-12	7.3733E-01	7.3843E-01	3.2118E-13	3.2118E-13	X-Shooter
7.3898E-01	6.4071E-12	7.3843E-01	7.3953E-01	3.2059E-13	3.2059E-13	X-Shooter
7.4008E-01	6.4469E-12	7.3953E-01	7.4063E-01	3.2271E-13	3.2271E-13	X-Shooter
7.4119E-01	6.4542E-12	7.4063E-01	7.4174E-01	3.2296E-13	3.2296E-13	X-Shooter
7.4230E-01	6.3672E-12	7.4174E-01	7.4285E-01	3.1864E-13	3.1864E-13	X-Shooter
7.4341E-01	6.3834E-12	7.4285E-01	7.4397E-01	3.1937E-13	3.1937E-13	X-Shooter
7.4453E-01	6.4495E-12	7.4397E-01	7.4509E-01	3.2275E-13	3.2275E-13	X-Shooter
7.4565E-01	6.4515E-12	7.4509E-01	7.4621E-01	3.2277E-13	3.2277E-13	X-Shooter
7.4677E-01	6.3546E-12	7.4621E-01	7.4733E-01	3.1809E-13	3.1809E-13	X-Shooter
7.4790E-01	6.4315E-12	7.4733E-01	7.4846E-01	3.2176E-13	3.2176E-13	X-Shooter
7.4903E-01	6.3935E-12	7.4846E-01	7.4959E-01	3.1996E-13	3.1996E-13	X-Shooter
7.5016E-01	6.4093E-12	7.4959E-01	7.5073E-01	3.2063E-13	3.2063E-13	X-Shooter
7.5130E-01	6.4482E-12	7.5073E-01	7.5187E-01	3.2251E-13	3.2251E-13	X-Shooter
7.5244E-01	6.3987E-12	7.5187E-01	7.5301E-01	3.2085E-13	3.2085E-13	X-Shooter
7.5358E-01	6.4773E-12	7.5301E-01	7.5415E-01	3.2646E-13	3.2646E-13	X-Shooter
7.5473E-01	6.6128E-12	7.5415E-01	7.5530E-01	3.3077E-13	3.3077E-13	X-Shooter
7.5588E-01	6.4833E-12	7.5530E-01	7.5645E-01	3.2489E-13	3.2489E-13	X-Shooter
7.5703E-01	6.5893E-12	7.5645E-01	7.5761E-01	3.2968E-13	3.2968E-13	X-Shooter
7.5819E-01	6.5633E-12	7.5761E-01	7.5877E-01	3.2914E-13	3.2914E-13	X-Shooter
7.5935E-01	6.5824E-12	7.5877E-01	7.5993E-01	3.2921E-13	3.2921E-13	X-Shooter
7.6051E-01	6.5551E-12	7.5993E-01	7.6110E-01	3.2796E-13	3.2796E-13	X-Shooter
7.6168E-01	6.5060E-12	7.6110E-01	7.6227E-01	3.2561E-13	3.2561E-13	X-Shooter
7.6285E-01	6.4289E-12	7.6227E-01	7.6344E-01	3.2158E-13	3.2158E-13	X-Shooter
7.6403E-01	6.4974E-12	7.6344E-01	7.6462E-01	3.2570E-13	3.2570E-13	X-Shooter
7.6521E-01	6.4459E-12	7.6462E-01	7.6580E-01	3.2259E-13	3.2259E-13	X-Shooter
7.6639E-01	6.3905E-12	7.6580E-01	7.6698E-01	3.1992E-13	3.1992E-13	X-Shooter
7.6758E-01	6.4459E-12	7.6698E-01	7.6817E-01	3.2260E-13	3.2260E-13	X-Shooter
7.6877E-01	6.5485E-12	7.6817E-01	7.6937E-01	3.2830E-13	3.2830E-13	X-Shooter
7.6996E-01	6.5145E-12	7.6937E-01	7.7056E-01	3.2595E-13	3.2595E-13	X-Shooter
7.7116E-01	6.5227E-12	7.7056E-01	7.7176E-01	3.2638E-13	3.2638E-13	X-Shooter
7.7236E-01	6.4974E-12	7.7176E-01	7.7296E-01	3.2548E-13	3.2548E-13	X-Shooter
7.7357E-01	6.4630E-12	7.7296E-01	7.7417E-01	3.2356E-13	3.2356E-13	X-Shooter
7.7478E-01	6.4626E-12	7.7417E-01	7.7538E-01	3.2340E-13	3.2340E-13	X-Shooter
7.7599E-01	6.4334E-12	7.7538E-01	7.7660E-01	3.2275E-13	3.2275E-13	X-Shooter
7.7720E-01	6.4220E-12	7.7660E-01	7.7781E-01	3.2133E-13	3.2133E-13	X-Shooter
7.7842E-01	6.5026E-12	7.7781E-01	7.7903E-01	3.2541E-13	3.2541E-13	X-Shooter
7.7965E-01	6.5717E-12	7.7903E-01	7.8026E-01	3.2913E-13	3.2913E-13	X-Shooter
7.8088E-01	6.5526E-12	7.8026E-01	7.8149E-01	3.2839E-13	3.2839E-13	X-Shooter
7.8211E-01	6.6723E-12	7.8149E-01	7.8272E-01	3.3436E-13	3.3436E-13	X-Shooter
7.8334E-01	6.5562E-12	7.8272E-01	7.8396E-01	3.2811E-13	3.2811E-13	X-Shooter
7.8458E-01	6.5603E-12	7.8396E-01	7.8520E-01	3.2844E-13	3.2844E-13	X-Shooter
7.8582E-01	6.5990E-12	7.8520E-01	7.8645E-01	3.3009E-13	3.3009E-13	X-Shooter
7.8707E-01	6.5520E-12	7.8645E-01	7.8770E-01	3.2804E-13	3.2804E-13	X-Shooter
7.8832E-01	6.4724E-12	7.8770E-01	7.8895E-01	3.2394E-13	3.2394E-13	X-Shooter
7.8958E-01	6.3573E-12	7.8895E-01	7.9021E-01	3.1810E-13	3.1810E-13	X-Shooter
7.9084E-01	6.4281E-12	7.9021E-01	7.9147E-01	3.2177E-13	3.2177E-13	X-Shooter
7.9210E-01	6.3995E-12	7.9147E-01	7.9274E-01	3.2114E-13	3.2114E-13	X-Shooter
7.9337E-01	6.3908E-12	7.9274E-01	7.9401E-01	3.1983E-13	3.1983E-13	X-Shooter
7.9464E-01	6.4266E-12	7.9401E-01	7.9528E-01	3.2274E-13	3.2274E-13	X-Shooter
7.9592E-01	6.4077E-12	7.9528E-01	7.9656E-01	3.2078E-13	3.2078E-13	X-Shooter
7.9720E-01	6.2745E-12	7.9656E-01	7.9784E-01	3.1396E-13	3.1396E-13	X-Shooter
7.9848E-01	6.5056E-12	7.9784E-01	7.9912E-01	3.2754E-13	3.2754E-13	X-Shooter
7.9977E-01	6.5604E-12	7.9912E-01	8.0041E-01	3.2846E-13	3.2846E-13	X-Shooter
8.0106E-01	6.6023E-12	8.0041E-01	8.0171E-01	3.3048E-13	3.3048E-13	X-Shooter
8.0236E-01	6.3638E-12	8.0171E-01	8.0301E-01	3.1845E-13	3.1845E-13	X-Shooter
8.0366E-01	6.3515E-12	8.0301E-01	8.0431E-01	3.1773E-13	3.1773E-13	X-Shooter
8.0496E-01	6.4519E-12	8.0431E-01	8.0562E-01	3.2413E-13	3.2413E-13	X-Shooter
8.0627E-01	6.3019E-12	8.0562E-01	8.0693E-01	3.1546E-13	3.1546E-13	X-Shooter
8.0758E-01	6.3459E-12	8.0693E-01	8.0824E-01	3.1749E-13	3.1749E-13	X-Shooter
8.0890E-01	6.3181E-12	8.0824E-01	8.0956E-01	3.2037E-13	3.2037E-13	X-Shooter
8.1022E-01	6.3410E-12	8.0956E-01	8.1088E-01	3.1723E-13	3.1723E-13	X-Shooter
8.1155E-01	6.3034E-12	8.1088E-01	8.1221E-01	3.1589E-13	3.1589E-13	X-Shooter
8.1288E-01	6.3916E-12	8.1221E-01	8.1354E-01	3.2001E-13	3.2001E-13	X-Shooter
8.1421E-01	6.3620E-12	8.1354E-01	8.1488E-01	3.1868E-13	3.1868E-13	X-Shooter
8.1555E-01	6.3197E-12	8.1488E-01	8.1622E-01	3.1628E-13	3.1628E-13	X-Shooter
8.1690E-01	6.3944E-12	8.1622E-01	8.1757E-01	3.2068E-13	3.2068E-13	X-Shooter
8.1824E-01	6.3546E-12	8.1757E-01	8.1892E-01	3.1811E-13	3.1811E-13	X-Shooter
8.1960E-01	6.4802E-12	8.1892E-01	8.2028E-01	3.2430E-13	3.2430E-13	X-Shooter
8.2096E-01	6.5912E-12	8.2028E-01	8.2164E-01	3.3001E-13	3.3001E-13	X-Shooter
8.2232E-01	6.3656E-12	8.2164E-01	8.2300E-01	3.1920E-13	3.1920E-13	X-Shooter
8.2368E-01	6.5133E-12	8.2300E-01	8.2437E-01	3.2645E-13	3.2645E-13	X-Shooter
8.2505E-01	6.5174E-12	8.2437E-01	8.2574E-01	3.2676E-13	3.2676E-13	X-Shooter
8.2643E-01	6.6852E-12	8.2574E-01	8.2712E-01	3.3469E-13	3.3469E-13	X-Shooter
8.2781E-01	6.5683E-12	8.2712E-01	8.2850E-01	3.2857E-13	3.2857E-13	X-Shooter
8.2919E-01	6.5971E-12	8.2850E-01	8.2989E-01	3.3035E-13	3.3035E-13	X-Shooter
8.3058E-01	6.5257E-12	8.2989E-01	8.3128E-01	3.2769E-13	3.2769E-13	X-Shooter
8.3197E-01	6.5258E-12	8.3128E-01	8.3267E-01	3.2708E-13	3.2708E-13	X-Shooter
8.3337E-01	6.2990E-12	8.3267E-01	8.3407E-01	3.2171E-13	3.2171E-13	X-Shooter
8.3478E-01	6.4223E-12	8.3407E-01	8.3548E-01	3.2162E-13	3.2162E-13	X-Shooter
8.3618E-01	6.3685E-12	8.3548E-01	8.3689E-01	3.1876E-13	3.1876E-13	X-Shooter
8.3760E-01	6.4433E-12	8.3689E-01	8.3830E-01	3.2433E-13	3.2433E-13	X-Shooter
8.3901E-01	6.5983E-12	8.3830E-01	8.3972E-01	3.3105E-13	3.3105E-13	X-Shooter
8.4043E-01	6.4626E-12	8.3972E-01	8.4115E-01	3.2569E-13	3.2569E-13	X-Shooter
8.4186E-01	6.4090E-12	8.4115E-01	8.4258E-01	3.2186E-13	3.2186E-13	X-Shooter
8.4329E-01	6.3858E-12	8.4258E-01	8.4401E-01	3.2037E-13	3.2037E-13	X-Shooter
8.4473E-01	6.5316E-12	8.4401E-01	8.4545E-01	3.3274E-13	3.3274E-13	X-Shooter
8.4617E-01	6.4282E-12	8.4545E-01	8.4689E-01	3.2231E-13	3.2231E-13	X-Shooter
8.4762E-01	6.5023E-12	8.4689E-01	8.4834E-01	3.2555E-13	3.2555E-13	X-Shooter
8.4907E-01	6.4946E-12	8.4834E-01	8.4980E-01	3.2489E-13	3.2489E-13	X-Shooter
8.5053E-01	6.4111E-12	8.4980E-01	8.5126E-01	3.2255E-13	3.2255E-13	X-Shooter
8.5199E-01	6.7082E-12	8.5126E-01	8.5272E-01	3.3899E-13	3.3899E-13	X-Shooter
8.5346E-01	6.3241E-12	8.5272E-01	8.5419E-01	3.2187E-13	3.2187E-13	X-Shooter
8.5493E-01	6.4879E-12	8.5419E-01	8.5567E-01	3.2462E-13	3.2462E-13	X-Shooter
8.5640E-01	6.3840E-12	8.5567E-01	8.5714E-01	3.1960E-13	3.1960E-13	X-Shooter
8.5789E-01	6.3509E-12	8.5714E-01	8.5863E-01	3.1784E-13	3.1784E-13	X-Shooter
8.5937E-01	6.3976E-12	8.5863E-01	8.6012E-01	3.2057E-13	3.2057E-13	X-Shooter
8.6086E-01	6.2541E-12	8.6012E-01	8.6161E-01	3.1535E-13	3.1535E-13	X-Shooter
8.6236E-01	6.4214E-12	8.6161E-01	8.6311E-01	3.3586E-13	3.3586E-13	X-Shooter
8.6386E-01	6.1285E-12	8.6311E-01	8.6462E-01	3.0862E-13	3.0862E-13	X-Shooter
8.6537E-01	6.4760E-12	8.6462E-01	8.6613E-01	3.3366E-13	3.3366E-13	X-Shooter
8.9388E-01	1.7942E-13	8.6613E-01	9.2253E-01	9.0021E-15	9.0021E-15	X-Shooter
9.2339E-01	6.8547E-12	9.2253E-01	9.2425E-01	3.4337E-13	3.4337E-13	X-Shooter
9.2511E-01	6.6654E-12	9.2425E-01	9.2597E-01	3.3490E-13	3.3490E-13	X-Shooter
9.2684E-01	6.9591E-12	9.2597E-01	9.2771E-01	3.4875E-13	3.4875E-13	X-Shooter
9.2857E-01	6.9404E-12	9.2771E-01	9.2944E-01	3.4772E-13	3.4772E-13	X-Shooter
9.3032E-01	6.4420E-12	9.2944E-01	9.3119E-01	3.2293E-13	3.2293E-13	X-Shooter
9.3207E-01	6.7412E-12	9.3119E-01	9.3294E-01	3.3915E-13	3.3915E-13	X-Shooter
9.3382E-01	6.7450E-12	9.3294E-01	9.3470E-01	3.3796E-13	3.3796E-13	X-Shooter
9.3558E-01	6.8522E-12	9.3470E-01	9.3646E-01	3.4333E-13	3.4333E-13	X-Shooter
9.3735E-01	6.6940E-12	9.3646E-01	9.3824E-01	3.3541E-13	3.3541E-13	X-Shooter
9.3913E-01	6.8071E-12	9.3824E-01	9.4001E-01	3.4221E-13	3.4221E-13	X-Shooter
9.4091E-01	6.6599E-12	9.4001E-01	9.4180E-01	3.3346E-13	3.3346E-13	X-Shooter
9.4270E-01	6.5314E-12	9.4180E-01	9.4359E-01	3.2847E-13	3.2847E-13	X-Shooter
9.4449E-01	6.6008E-12	9.4359E-01	9.4539E-01	3.3199E-13	3.3199E-13	X-Shooter
9.4629E-01	6.6723E-12	9.4539E-01	9.4720E-01	3.3409E-13	3.3409E-13	X-Shooter
9.4810E-01	6.6261E-12	9.4720E-01	9.4901E-01	3.3383E-13	3.3383E-13	X-Shooter
9.4992E-01	6.5885E-12	9.4901E-01	9.5083E-01	3.3053E-13	3.3053E-13	X-Shooter
9.5174E-01	6.3956E-12	9.5083E-01	9.5266E-01	3.2065E-13	3.2065E-13	X-Shooter
9.5358E-01	6.6273E-12	9.5266E-01	9.5450E-01	3.3190E-13	3.3190E-13	X-Shooter
9.5542E-01	6.6581E-12	9.5450E-01	9.5634E-01	3.3346E-13	3.3346E-13	X-Shooter
9.5726E-01	6.6575E-12	9.5634E-01	9.5818E-01	3.3410E-13	3.3410E-13	X-Shooter
9.5911E-01	6.5277E-12	9.5818E-01	9.6004E-01	3.2756E-13	3.2756E-13	X-Shooter
9.6097E-01	6.7266E-12	9.6004E-01	9.6190E-01	3.3785E-13	3.3785E-13	X-Shooter
9.6283E-01	6.7298E-12	9.6190E-01	9.6377E-01	3.3806E-13	3.3806E-13	X-Shooter
9.6471E-01	6.7024E-12	9.6377E-01	9.6565E-01	3.3663E-13	3.3663E-13	X-Shooter
9.6659E-01	6.9579E-12	9.6565E-01	9.6753E-01	3.5034E-13	3.5034E-13	X-Shooter
9.6848E-01	6.9229E-12	9.6753E-01	9.6942E-01	3.5389E-13	3.5389E-13	X-Shooter
9.7037E-01	6.8577E-12	9.6942E-01	9.7132E-01	3.4585E-13	3.4585E-13	X-Shooter
9.7227E-01	6.8273E-12	9.7132E-01	9.7323E-01	3.4359E-13	3.4359E-13	X-Shooter
9.7418E-01	7.0143E-12	9.7323E-01	9.7514E-01	3.5199E-13	3.5199E-13	X-Shooter
9.7610E-01	6.8805E-12	9.7514E-01	9.7706E-01	3.5260E-13	3.5260E-13	X-Shooter
9.7803E-01	7.0185E-12	9.7706E-01	9.7899E-01	3.5672E-13	3.5672E-13	X-Shooter
9.7996E-01	6.8342E-12	9.7899E-01	9.8093E-01	3.4288E-13	3.4288E-13	X-Shooter
9.8190E-01	6.7414E-12	9.8093E-01	9.8287E-01	3.4043E-13	3.4043E-13	X-Shooter
9.8385E-01	6.7526E-12	9.8287E-01	9.8482E-01	3.3894E-13	3.3894E-13	X-Shooter
9.8580E-01	6.9398E-12	9.8482E-01	9.8678E-01	3.4834E-13	3.4834E-13	X-Shooter
9.8776E-01	6.8703E-12	9.8678E-01	9.8875E-01	3.4494E-13	3.4494E-13	X-Shooter
9.8974E-01	6.7763E-12	9.8875E-01	9.9072E-01	3.4036E-13	3.4036E-13	X-Shooter
9.9172E-01	6.7934E-12	9.9072E-01	9.9272E-01	3.4270E-13	3.4270E-13	X-Shooter
9.9371E-01	6.7477E-12	9.9272E-01	9.9471E-01	3.3808E-13	3.3808E-13	X-Shooter
9.9571E-01	6.8946E-12	9.9471E-01	9.9671E-01	3.4588E-13	3.4588E-13	X-Shooter
9.9771E-01	6.9340E-12	9.9671E-01	9.9871E-01	3.4870E-13	3.4870E-13	X-Shooter
9.9972E-01	6.7349E-12	9.9871E-01	1.0007E+00	3.3814E-13	3.3814E-13	X-Shooter
1.0017E+00	6.8545E-12	1.0007E+00	1.0028E+00	3.4390E-13	3.4390E-13	X-Shooter
1.0038E+00	6.7714E-12	1.0028E+00	1.0048E+00	3.4091E-13	3.4091E-13	X-Shooter
1.0058E+00	6.7604E-12	1.0048E+00	1.0068E+00	3.4247E-13	3.4247E-13	X-Shooter
1.0078E+00	7.0539E-12	1.0068E+00	1.0089E+00	3.5352E-13	3.5352E-13	X-Shooter
1.0099E+00	6.8282E-12	1.0089E+00	1.0109E+00	3.4556E-13	3.4556E-13	X-Shooter
1.0120E+00	6.8410E-12	1.0109E+00	1.0130E+00	3.4500E-13	3.4500E-13	X-Shooter
1.0140E+00	7.0070E-12	1.0130E+00	1.0151E+00	3.6678E-13	3.6678E-13	X-Shooter
1.0161E+00	6.9924E-12	1.0151E+00	1.0171E+00	3.5049E-13	3.5049E-13	X-Shooter
1.0182E+00	6.8310E-12	1.0171E+00	1.0192E+00	3.4316E-13	3.4316E-13	X-Shooter
1.0203E+00	6.8822E-12	1.0192E+00	1.0213E+00	3.4575E-13	3.4575E-13	X-Shooter
1.0224E+00	6.8832E-12	1.0213E+00	1.0234E+00	3.4740E-13	3.4740E-13	X-Shooter
1.0245E+00	6.7786E-12	1.0234E+00	1.0256E+00	3.4210E-13	3.4210E-13	X-Shooter
1.0266E+00	6.8061E-12	1.0256E+00	1.0277E+00	3.4150E-13	3.4150E-13	X-Shooter
1.0288E+00	6.8800E-12	1.0277E+00	1.0298E+00	3.4560E-13	3.4560E-13	X-Shooter
1.0309E+00	6.9000E-12	1.0298E+00	1.0320E+00	3.5143E-13	3.5143E-13	X-Shooter
1.0330E+00	6.9285E-12	1.0320E+00	1.0341E+00	3.5689E-13	3.5689E-13	X-Shooter
1.0352E+00	7.0066E-12	1.0341E+00	1.0363E+00	3.5619E-13	3.5619E-13	X-Shooter
1.0374E+00	6.7677E-12	1.0363E+00	1.0385E+00	3.4035E-13	3.4035E-13	X-Shooter
1.0395E+00	6.7951E-12	1.0385E+00	1.0406E+00	3.4183E-13	3.4183E-13	X-Shooter
1.0417E+00	6.9241E-12	1.0406E+00	1.0428E+00	3.4801E-13	3.4801E-13	X-Shooter
1.0439E+00	6.7614E-12	1.0428E+00	1.0450E+00	3.3966E-13	3.3966E-13	X-Shooter
1.0461E+00	6.8180E-12	1.0450E+00	1.0472E+00	3.4265E-13	3.4265E-13	X-Shooter
1.0483E+00	6.8208E-12	1.0472E+00	1.0494E+00	3.4380E-13	3.4380E-13	X-Shooter
1.0506E+00	6.8531E-12	1.0494E+00	1.0517E+00	3.4509E-13	3.4509E-13	X-Shooter
1.0528E+00	7.1551E-12	1.0517E+00	1.0539E+00	3.6144E-13	3.6144E-13	X-Shooter
1.0550E+00	7.4688E-12	1.0539E+00	1.0561E+00	3.7507E-13	3.7507E-13	X-Shooter
1.0573E+00	7.4731E-12	1.0561E+00	1.0584E+00	3.7506E-13	3.7506E-13	X-Shooter
1.0595E+00	7.2506E-12	1.0584E+00	1.0607E+00	3.6371E-13	3.6371E-13	X-Shooter
1.0618E+00	6.9911E-12	1.0607E+00	1.0629E+00	3.5566E-13	3.5566E-13	X-Shooter
1.0641E+00	6.7519E-12	1.0629E+00	1.0652E+00	3.4393E-13	3.4393E-13	X-Shooter
1.0664E+00	6.6863E-12	1.0652E+00	1.0675E+00	3.3785E-13	3.3785E-13	X-Shooter
1.0687E+00	7.0403E-12	1.0675E+00	1.0698E+00	3.8592E-13	3.8592E-13	X-Shooter
1.0710E+00	7.0046E-12	1.0698E+00	1.0721E+00	3.6687E-13	3.6687E-13	X-Shooter
1.0733E+00	6.9821E-12	1.0721E+00	1.0745E+00	3.6084E-13	3.6084E-13	X-Shooter
1.0756E+00	7.0466E-12	1.0745E+00	1.0768E+00	3.5564E-13	3.5564E-13	X-Shooter
1.0780E+00	6.8361E-12	1.0768E+00	1.0791E+00	3.4967E-13	3.4967E-13	X-Shooter
1.0803E+00	6.9206E-12	1.0791E+00	1.0815E+00	3.5474E-13	3.5474E-13	X-Shooter
1.0827E+00	7.2563E-12	1.0815E+00	1.0839E+00	3.8882E-13	3.8882E-13	X-Shooter
1.0850E+00	7.0472E-12	1.0839E+00	1.0862E+00	3.5621E-13	3.5621E-13	X-Shooter
1.0874E+00	6.9931E-12	1.0862E+00	1.0886E+00	3.5208E-13	3.5208E-13	X-Shooter
1.0898E+00	6.8521E-12	1.0886E+00	1.0910E+00	3.4521E-13	3.4521E-13	X-Shooter
1.0922E+00	6.5861E-12	1.0910E+00	1.0934E+00	3.6523E-13	3.6523E-13	X-Shooter
1.0946E+00	7.2706E-12	1.0934E+00	1.0958E+00	3.7107E-13	3.7107E-13	X-Shooter
1.0970E+00	6.8118E-12	1.0958E+00	1.0983E+00	3.4915E-13	3.4915E-13	X-Shooter
1.0995E+00	6.9904E-12	1.0983E+00	1.1007E+00	3.6255E-13	3.6255E-13	X-Shooter
1.1019E+00	7.3028E-12	1.1007E+00	1.1031E+00	3.6943E-13	3.6943E-13	X-Shooter
1.1044E+00	7.1826E-12	1.1031E+00	1.1056E+00	4.1062E-13	4.1062E-13	X-Shooter
1.1068E+00	7.2671E-12	1.1056E+00	1.1081E+00	3.7235E-13	3.7235E-13	X-Shooter
1.1093E+00	7.3869E-12	1.1081E+00	1.1106E+00	3.7563E-13	3.7563E-13	X-Shooter
1.1118E+00	7.6166E-12	1.1106E+00	1.1130E+00	3.9125E-13	3.9125E-13	X-Shooter
1.1143E+00	7.4248E-12	1.1130E+00	1.1155E+00	3.7494E-13	3.7494E-13	X-Shooter
1.1168E+00	7.2859E-12	1.1155E+00	1.1181E+00	3.6712E-13	3.6712E-13	X-Shooter
1.1193E+00	7.3034E-12	1.1181E+00	1.1206E+00	3.7214E-13	3.7214E-13	X-Shooter
1.1219E+00	7.0463E-12	1.1206E+00	1.1231E+00	3.5471E-13	3.5471E-13	X-Shooter
1.1244E+00	7.1944E-12	1.1231E+00	1.1257E+00	3.6285E-13	3.6285E-13	X-Shooter
1.1270E+00	7.0953E-12	1.1257E+00	1.1282E+00	3.6421E-13	3.6421E-13	X-Shooter
1.1295E+00	7.0726E-12	1.1282E+00	1.1308E+00	3.5671E-13	3.5671E-13	X-Shooter
1.1321E+00	7.4663E-12	1.1308E+00	1.1334E+00	3.7961E-13	3.7961E-13	X-Shooter
1.1347E+00	7.3719E-12	1.1334E+00	1.1360E+00	3.7852E-13	3.7852E-13	X-Shooter
1.1373E+00	7.6415E-12	1.1360E+00	1.1386E+00	3.8484E-13	3.8484E-13	X-Shooter
1.1399E+00	7.2059E-12	1.1386E+00	1.1412E+00	3.6741E-13	3.6741E-13	X-Shooter
1.1425E+00	7.3315E-12	1.1412E+00	1.1439E+00	3.8020E-13	3.8020E-13	X-Shooter
1.1452E+00	7.2735E-12	1.1439E+00	1.1465E+00	3.7123E-13	3.7123E-13	X-Shooter
1.1478E+00	7.2646E-12	1.1465E+00	1.1492E+00	3.7130E-13	3.7130E-13	X-Shooter
1.1505E+00	7.2135E-12	1.1492E+00	1.1518E+00	3.7556E-13	3.7556E-13	X-Shooter
1.1532E+00	7.2496E-12	1.1518E+00	1.1545E+00	3.7461E-13	3.7461E-13	X-Shooter
1.1559E+00	7.3190E-12	1.1545E+00	1.1572E+00	3.8424E-13	3.8424E-13	X-Shooter
1.1586E+00	7.0415E-12	1.1572E+00	1.1599E+00	3.6077E-13	3.6077E-13	X-Shooter
1.1613E+00	7.1617E-12	1.1599E+00	1.1626E+00	3.6457E-13	3.6457E-13	X-Shooter
1.1640E+00	7.5715E-12	1.1626E+00	1.1654E+00	3.8581E-13	3.8581E-13	X-Shooter
1.1667E+00	7.5233E-12	1.1654E+00	1.1681E+00	3.8594E-13	3.8594E-13	X-Shooter
1.1695E+00	7.3012E-12	1.1681E+00	1.1709E+00	3.7242E-13	3.7242E-13	X-Shooter
1.1723E+00	7.2291E-12	1.1709E+00	1.1736E+00	3.7001E-13	3.7001E-13	X-Shooter
1.1750E+00	7.4042E-12	1.1736E+00	1.1764E+00	3.7437E-13	3.7437E-13	X-Shooter
1.1778E+00	7.0093E-12	1.1764E+00	1.1792E+00	3.5405E-13	3.5405E-13	X-Shooter
1.1806E+00	6.9688E-12	1.1792E+00	1.1820E+00	3.5752E-13	3.5752E-13	X-Shooter
1.1834E+00	7.0620E-12	1.1820E+00	1.1849E+00	3.5922E-13	3.5922E-13	X-Shooter
1.1863E+00	7.2178E-12	1.1849E+00	1.1877E+00	3.6528E-13	3.6528E-13	X-Shooter
1.1891E+00	7.0177E-12	1.1877E+00	1.1905E+00	3.5764E-13	3.5764E-13	X-Shooter
1.1920E+00	7.0820E-12	1.1905E+00	1.1934E+00	3.7273E-13	3.7273E-13	X-Shooter
1.1949E+00	7.1647E-12	1.1934E+00	1.1963E+00	3.7049E-13	3.7049E-13	X-Shooter
1.1977E+00	7.1289E-12	1.1963E+00	1.1992E+00	3.8901E-13	3.8901E-13	X-Shooter
1.2006E+00	7.1626E-12	1.1992E+00	1.2021E+00	3.9492E-13	3.9492E-13	X-Shooter
1.2036E+00	7.1040E-12	1.2021E+00	1.2050E+00	4.3845E-13	4.3845E-13	X-Shooter
1.2065E+00	7.1352E-12	1.2050E+00	1.2080E+00	4.2549E-13	4.2549E-13	X-Shooter
1.2094E+00	7.2203E-12	1.2080E+00	1.2109E+00	3.8895E-13	3.8895E-13	X-Shooter
1.2124E+00	7.0688E-12	1.2109E+00	1.2139E+00	4.0725E-13	4.0725E-13	X-Shooter
1.2154E+00	6.8776E-12	1.2139E+00	1.2168E+00	4.0616E-13	4.0616E-13	X-Shooter
1.2183E+00	6.8540E-12	1.2168E+00	1.2198E+00	4.8187E-13	4.8187E-13	X-Shooter
1.2213E+00	6.8335E-12	1.2198E+00	1.2228E+00	3.7689E-13	3.7689E-13	X-Shooter
1.2244E+00	7.4890E-12	1.2228E+00	1.2259E+00	4.0516E-13	4.0516E-13	X-Shooter
1.2274E+00	6.7738E-12	1.2259E+00	1.2289E+00	3.7491E-13	3.7491E-13	X-Shooter
1.2304E+00	7.3482E-12	1.2289E+00	1.2320E+00	3.7746E-13	3.7746E-13	X-Shooter
1.2335E+00	7.0611E-12	1.2320E+00	1.2350E+00	3.6815E-13	3.6815E-13	X-Shooter
1.2366E+00	7.2262E-12	1.2350E+00	1.2381E+00	3.7155E-13	3.7155E-13	X-Shooter
1.2397E+00	6.7504E-12	1.2381E+00	1.2412E+00	3.4447E-13	3.4447E-13	X-Shooter
1.2428E+00	7.5332E-12	1.2412E+00	1.2443E+00	3.8610E-13	3.8610E-13	X-Shooter
1.2459E+00	7.1887E-12	1.2443E+00	1.2475E+00	4.1890E-13	4.1890E-13	X-Shooter
1.2490E+00	6.8484E-12	1.2475E+00	1.2506E+00	3.4624E-13	3.4624E-13	X-Shooter
1.2522E+00	7.1542E-12	1.2506E+00	1.2538E+00	3.6435E-13	3.6435E-13	X-Shooter
1.2554E+00	6.5765E-12	1.2538E+00	1.2569E+00	3.3558E-13	3.3558E-13	X-Shooter
1.2585E+00	6.8835E-12	1.2569E+00	1.2601E+00	3.5135E-13	3.5135E-13	X-Shooter
1.2617E+00	6.9721E-12	1.2601E+00	1.2633E+00	3.5402E-13	3.5402E-13	X-Shooter
1.2650E+00	6.7255E-12	1.2633E+00	1.2666E+00	3.4833E-13	3.4833E-13	X-Shooter
1.2682E+00	6.4374E-12	1.2666E+00	1.2698E+00	3.2641E-13	3.2641E-13	X-Shooter
1.2714E+00	6.7946E-12	1.2698E+00	1.2731E+00	3.4585E-13	3.4585E-13	X-Shooter
1.2747E+00	6.9512E-12	1.2731E+00	1.2764E+00	3.5266E-13	3.5266E-13	X-Shooter
1.2780E+00	6.9977E-12	1.2764E+00	1.2797E+00	3.5334E-13	3.5334E-13	X-Shooter
1.2813E+00	6.9301E-12	1.2797E+00	1.2830E+00	3.4891E-13	3.4891E-13	X-Shooter
1.2846E+00	6.9789E-12	1.2830E+00	1.2863E+00	3.5070E-13	3.5070E-13	X-Shooter
1.2880E+00	6.7436E-12	1.2863E+00	1.2896E+00	3.3964E-13	3.3964E-13	X-Shooter
1.2913E+00	6.9313E-12	1.2896E+00	1.2930E+00	3.5337E-13	3.5337E-13	X-Shooter
1.2947E+00	7.0468E-12	1.2930E+00	1.2964E+00	3.5609E-13	3.5609E-13	X-Shooter
1.2981E+00	7.1070E-12	1.2964E+00	1.2998E+00	3.5851E-13	3.5851E-13	X-Shooter
1.3015E+00	6.9098E-12	1.2998E+00	1.3032E+00	3.5107E-13	3.5107E-13	X-Shooter
1.3049E+00	6.8474E-12	1.3032E+00	1.3066E+00	3.4778E-13	3.4778E-13	X-Shooter
1.3084E+00	6.7287E-12	1.3066E+00	1.3101E+00	3.4925E-13	3.4925E-13	X-Shooter
1.3118E+00	6.8539E-12	1.3101E+00	1.3136E+00	3.4831E-13	3.4831E-13	X-Shooter
1.3153E+00	6.7680E-12	1.3136E+00	1.3170E+00	3.4276E-13	3.4276E-13	X-Shooter
1.3188E+00	6.7736E-12	1.3170E+00	1.3205E+00	3.4247E-13	3.4247E-13	X-Shooter
1.3223E+00	6.9801E-12	1.3205E+00	1.3241E+00	3.9168E-13	3.9168E-13	X-Shooter
1.3258E+00	6.8918E-12	1.3241E+00	1.3276E+00	3.6333E-13	3.6333E-13	X-Shooter
1.3294E+00	7.0770E-12	1.3276E+00	1.3312E+00	3.6769E-13	3.6769E-13	X-Shooter
1.3330E+00	6.7597E-12	1.3312E+00	1.3348E+00	3.4020E-13	3.4020E-13	X-Shooter
1.3366E+00	6.7642E-12	1.3348E+00	1.3384E+00	3.4072E-13	3.4072E-13	X-Shooter
1.3402E+00	6.9325E-12	1.3384E+00	1.3420E+00	3.4830E-13	3.4830E-13	X-Shooter
1.3438E+00	6.8549E-12	1.3420E+00	1.3456E+00	3.4715E-13	3.4715E-13	X-Shooter
1.3475E+00	7.0914E-12	1.3456E+00	1.3493E+00	3.5625E-13	3.5625E-13	X-Shooter
1.3511E+00	6.7231E-12	1.3493E+00	1.3530E+00	3.3933E-13	3.3933E-13	X-Shooter
1.3548E+00	6.7957E-12	1.3530E+00	1.3567E+00	3.4198E-13	3.4198E-13	X-Shooter
1.3585E+00	6.8215E-12	1.3567E+00	1.3604E+00	3.4426E-13	3.4426E-13	X-Shooter
1.3623E+00	6.8133E-12	1.3604E+00	1.3641E+00	3.4396E-13	3.4396E-13	X-Shooter
1.3660E+00	6.9113E-12	1.3641E+00	1.3679E+00	3.4803E-13	3.4803E-13	X-Shooter
1.3698E+00	7.0661E-12	1.3679E+00	1.3717E+00	3.5701E-13	3.5701E-13	X-Shooter
1.3736E+00	7.2077E-12	1.3717E+00	1.3755E+00	3.6288E-13	3.6288E-13	X-Shooter
1.3774E+00	7.0953E-12	1.3755E+00	1.3793E+00	3.5673E-13	3.5673E-13	X-Shooter
1.3812E+00	6.7609E-12	1.3793E+00	1.3832E+00	3.3920E-13	3.3920E-13	X-Shooter
1.3851E+00	7.1563E-12	1.3832E+00	1.3870E+00	3.6893E-13	3.6893E-13	X-Shooter
1.3890E+00	6.6987E-12	1.3870E+00	1.3909E+00	3.3815E-13	3.3815E-13	X-Shooter
1.3929E+00	6.9421E-12	1.3909E+00	1.3948E+00	3.4856E-13	3.4856E-13	X-Shooter
1.3968E+00	7.0645E-12	1.3948E+00	1.3988E+00	3.8560E-13	3.8560E-13	X-Shooter
1.4008E+00	6.8603E-12	1.3988E+00	1.4027E+00	3.4577E-13	3.4577E-13	X-Shooter
1.4047E+00	6.7247E-12	1.4027E+00	1.4067E+00	3.3771E-13	3.3771E-13	X-Shooter
1.4087E+00	6.8148E-12	1.4067E+00	1.4107E+00	3.4713E-13	3.4713E-13	X-Shooter
1.4127E+00	6.8436E-12	1.4107E+00	1.4147E+00	3.5165E-13	3.5165E-13	X-Shooter
1.4168E+00	7.0000E-12	1.4147E+00	1.4188E+00	3.5677E-13	3.5677E-13	X-Shooter
1.4208E+00	7.0535E-12	1.4188E+00	1.4229E+00	3.5672E-13	3.5672E-13	X-Shooter
1.4249E+00	6.9560E-12	1.4229E+00	1.4270E+00	3.5032E-13	3.5032E-13	X-Shooter
1.4290E+00	6.8747E-12	1.4270E+00	1.4311E+00	3.4947E-13	3.4947E-13	X-Shooter
1.4331E+00	6.4275E-12	1.4311E+00	1.4352E+00	3.3068E-13	3.3068E-13	X-Shooter
1.4373E+00	6.5038E-12	1.4352E+00	1.4394E+00	3.3358E-13	3.3358E-13	X-Shooter
1.4415E+00	6.9256E-12	1.4394E+00	1.4436E+00	3.4994E-13	3.4994E-13	X-Shooter
1.4457E+00	6.9541E-12	1.4436E+00	1.4478E+00	3.5078E-13	3.5078E-13	X-Shooter
1.4499E+00	6.5775E-12	1.4478E+00	1.4520E+00	3.3573E-13	3.3573E-13	X-Shooter
1.4542E+00	6.7319E-12	1.4520E+00	1.4563E+00	3.4160E-13	3.4160E-13	X-Shooter
1.4584E+00	6.8363E-12	1.4563E+00	1.4606E+00	3.4599E-13	3.4599E-13	X-Shooter
1.4627E+00	6.8894E-12	1.4606E+00	1.4649E+00	3.4641E-13	3.4641E-13	X-Shooter
1.4671E+00	6.4526E-12	1.4649E+00	1.4692E+00	3.2936E-13	3.2936E-13	X-Shooter
1.4714E+00	6.6140E-12	1.4692E+00	1.4736E+00	3.3977E-13	3.3977E-13	X-Shooter
1.4758E+00	6.5693E-12	1.4736E+00	1.4780E+00	3.3280E-13	3.3280E-13	X-Shooter
1.4802E+00	6.6636E-12	1.4780E+00	1.4824E+00	3.4918E-13	3.4918E-13	X-Shooter
1.4846E+00	6.8064E-12	1.4824E+00	1.4869E+00	3.4685E-13	3.4685E-13	X-Shooter
1.4891E+00	6.7406E-12	1.4869E+00	1.4913E+00	3.4282E-13	3.4282E-13	X-Shooter
1.4936E+00	7.6340E-12	1.4913E+00	1.4958E+00	4.0305E-13	4.0305E-13	X-Shooter
1.4981E+00	7.6935E-12	1.4958E+00	1.5004E+00	3.8825E-13	3.8825E-13	X-Shooter
1.5026E+00	6.9236E-12	1.5004E+00	1.5049E+00	3.5488E-13	3.5488E-13	X-Shooter
1.5072E+00	7.0284E-12	1.5049E+00	1.5095E+00	3.5894E-13	3.5894E-13	X-Shooter
1.5118E+00	7.1231E-12	1.5095E+00	1.5141E+00	3.5967E-13	3.5967E-13	X-Shooter
1.5164E+00	6.7278E-12	1.5141E+00	1.5187E+00	3.3914E-13	3.3914E-13	X-Shooter
1.5211E+00	7.3442E-12	1.5187E+00	1.5234E+00	3.7236E-13	3.7236E-13	X-Shooter
1.5258E+00	9.8168E-12	1.5234E+00	1.5281E+00	4.9442E-13	4.9442E-13	X-Shooter
1.5305E+00	1.0131E-11	1.5281E+00	1.5328E+00	5.1182E-13	5.1182E-13	X-Shooter
1.5352E+00	9.0774E-12	1.5328E+00	1.5376E+00	4.6290E-13	4.6290E-13	X-Shooter
1.5400E+00	7.3837E-12	1.5376E+00	1.5424E+00	3.7200E-13	3.7200E-13	X-Shooter
1.5448E+00	6.7576E-12	1.5424E+00	1.5472E+00	3.4719E-13	3.4719E-13	X-Shooter
1.5496E+00	7.3766E-12	1.5472E+00	1.5520E+00	3.7596E-13	3.7596E-13	X-Shooter
1.5545E+00	6.6187E-12	1.5520E+00	1.5569E+00	3.4180E-13	3.4180E-13	X-Shooter
1.5593E+00	6.5821E-12	1.5569E+00	1.5618E+00	3.4078E-13	3.4078E-13	X-Shooter
1.5643E+00	6.6757E-12	1.5618E+00	1.5667E+00	3.4616E-13	3.4616E-13	X-Shooter
1.5692E+00	6.4737E-12	1.5667E+00	1.5717E+00	3.4259E-13	3.4259E-13	X-Shooter
1.5742E+00	6.7104E-12	1.5717E+00	1.5767E+00	3.7264E-13	3.7264E-13	X-Shooter
1.5792E+00	7.1620E-12	1.5767E+00	1.5817E+00	3.8106E-13	3.8106E-13	X-Shooter
1.5843E+00	7.2882E-12	1.5817E+00	1.5868E+00	3.8915E-13	3.8915E-13	X-Shooter
1.5893E+00	6.6551E-12	1.5868E+00	1.5919E+00	3.4808E-13	3.4808E-13	X-Shooter
1.5944E+00	6.7375E-12	1.5919E+00	1.5970E+00	3.4397E-13	3.4397E-13	X-Shooter
1.5996E+00	6.8166E-12	1.5970E+00	1.6022E+00	3.5608E-13	3.5608E-13	X-Shooter
1.6048E+00	6.2608E-12	1.6022E+00	1.6074E+00	3.3334E-13	3.3334E-13	X-Shooter
1.6100E+00	5.8569E-12	1.6074E+00	1.6126E+00	3.0277E-13	3.0277E-13	X-Shooter
1.6152E+00	6.0660E-12	1.6126E+00	1.6178E+00	3.2097E-13	3.2097E-13	X-Shooter
1.6205E+00	5.9026E-12	1.6178E+00	1.6231E+00	3.2743E-13	3.2743E-13	X-Shooter
1.6258E+00	6.0455E-12	1.6231E+00	1.6285E+00	3.7776E-13	3.7776E-13	X-Shooter
1.6312E+00	6.5952E-12	1.6285E+00	1.6338E+00	4.5229E-13	4.5229E-13	X-Shooter
1.6365E+00	6.8047E-12	1.6338E+00	1.6392E+00	3.5652E-13	3.5652E-13	X-Shooter
1.6420E+00	7.3062E-12	1.6392E+00	1.6447E+00	3.8541E-13	3.8541E-13	X-Shooter
1.6474E+00	6.5329E-12	1.6447E+00	1.6502E+00	3.6300E-13	3.6300E-13	X-Shooter
1.6529E+00	7.0678E-12	1.6502E+00	1.6557E+00	3.6283E-13	3.6283E-13	X-Shooter
1.6584E+00	7.0595E-12	1.6557E+00	1.6612E+00	3.8909E-13	3.8909E-13	X-Shooter
1.6640E+00	6.8332E-12	1.6612E+00	1.6668E+00	3.6901E-13	3.6901E-13	X-Shooter
1.6696E+00	6.9136E-12	1.6668E+00	1.6724E+00	3.5466E-13	3.5466E-13	X-Shooter
1.6752E+00	6.9759E-12	1.6724E+00	1.6781E+00	3.7889E-13	3.7889E-13	X-Shooter
1.6809E+00	6.7415E-12	1.6781E+00	1.6838E+00	3.5092E-13	3.5092E-13	X-Shooter
1.6866E+00	6.5051E-12	1.6838E+00	1.6895E+00	3.6319E-13	3.6319E-13	X-Shooter
1.6924E+00	7.2171E-12	1.6895E+00	1.6953E+00	3.8511E-13	3.8511E-13	X-Shooter
1.6982E+00	7.2072E-12	1.6953E+00	1.7011E+00	3.7957E-13	3.7957E-13	X-Shooter
1.7040E+00	6.7399E-12	1.7011E+00	1.7070E+00	3.7560E-13	3.7560E-13	X-Shooter
1.7099E+00	6.6255E-12	1.7070E+00	1.7129E+00	3.7045E-13	3.7045E-13	X-Shooter
1.7158E+00	6.6655E-12	1.7129E+00	1.7188E+00	3.6166E-13	3.6166E-13	X-Shooter
1.7218E+00	7.5441E-12	1.7188E+00	1.7248E+00	4.1225E-13	4.1225E-13	X-Shooter
1.7278E+00	7.0577E-12	1.7248E+00	1.7308E+00	4.1732E-13	4.1732E-13	X-Shooter
1.7338E+00	7.5134E-12	1.7308E+00	1.7369E+00	4.3476E-13	4.3476E-13	X-Shooter
1.7399E+00	6.8786E-12	1.7369E+00	1.7430E+00	3.6699E-13	3.6699E-13	X-Shooter
1.7460E+00	7.0284E-12	1.7430E+00	1.7491E+00	4.1261E-13	4.1261E-13	X-Shooter
1.7522E+00	7.2492E-12	1.7491E+00	1.7553E+00	4.1178E-13	4.1178E-13	X-Shooter
1.7584E+00	6.8384E-12	1.7553E+00	1.7615E+00	3.8506E-13	3.8506E-13	X-Shooter
1.7647E+00	7.0170E-12	1.7615E+00	1.7678E+00	4.1758E-13	4.1758E-13	X-Shooter
1.7710E+00	6.4905E-12	1.7678E+00	1.7741E+00	4.3087E-13	4.3087E-13	X-Shooter
1.7773E+00	7.5027E-12	1.7741E+00	1.7805E+00	4.6310E-13	4.6310E-13	X-Shooter
1.7837E+00	8.6478E-12	1.7805E+00	1.7869E+00	5.3319E-13	5.3319E-13	X-Shooter
1.7902E+00	6.9578E-12	1.7869E+00	1.7934E+00	4.8826E-13	4.8826E-13	X-Shooter
1.7966E+00	7.4568E-12	1.7934E+00	1.7999E+00	4.5618E-13	4.5618E-13	X-Shooter
1.8032E+00	6.5530E-12	1.7999E+00	1.8065E+00	4.4510E-13	4.4510E-13	X-Shooter
1.8098E+00	6.9363E-12	1.8065E+00	1.8131E+00	4.8582E-13	4.8582E-13	X-Shooter
1.8164E+00	7.5788E-12	1.8131E+00	1.8197E+00	4.1555E-13	4.1555E-13	X-Shooter
1.8231E+00	7.3271E-12	1.8197E+00	1.8264E+00	4.2939E-13	4.2939E-13	X-Shooter
1.8298E+00	6.7869E-12	1.8264E+00	1.8332E+00	4.1498E-13	4.1498E-13	X-Shooter
1.8366E+00	6.3896E-12	1.8332E+00	1.8400E+00	3.9711E-13	3.9711E-13	X-Shooter
1.8434E+00	6.6369E-12	1.8400E+00	1.8468E+00	4.8469E-13	4.8469E-13	X-Shooter
1.8503E+00	6.6626E-12	1.8468E+00	1.8537E+00	5.5908E-13	5.5908E-13	X-Shooter
1.8572E+00	6.9297E-12	1.8537E+00	1.8607E+00	6.0909E-13	6.0909E-13	X-Shooter
1.8642E+00	8.1189E-12	1.8607E+00	1.8677E+00	5.5161E-13	5.5161E-13	X-Shooter
1.8712E+00	8.2793E-12	1.8677E+00	1.8748E+00	5.0335E-13	5.0335E-13	X-Shooter
1.8783E+00	7.6635E-12	1.8748E+00	1.8819E+00	6.1166E-13	6.1166E-13	X-Shooter
1.8855E+00	8.8354E-12	1.8819E+00	1.8890E+00	5.1575E-13	5.1575E-13	X-Shooter
1.8927E+00	6.7095E-12	1.8890E+00	1.8963E+00	4.8032E-13	4.8032E-13	X-Shooter
1.8999E+00	6.3808E-12	1.8963E+00	1.9036E+00	5.0575E-13	5.0575E-13	X-Shooter
1.9072E+00	7.5991E-12	1.9036E+00	1.9109E+00	5.0934E-13	5.0934E-13	X-Shooter
1.9146E+00	6.9031E-12	1.9109E+00	1.9183E+00	5.4935E-13	5.4935E-13	X-Shooter
1.9220E+00	6.9751E-12	1.9183E+00	1.9257E+00	7.2844E-13	7.2844E-13	X-Shooter
1.9295E+00	5.1366E-12	1.9257E+00	1.9332E+00	8.6805E-13	8.6805E-13	X-Shooter
1.9370E+00	7.1545E-12	1.9332E+00	1.9408E+00	6.0835E-13	6.0835E-13	X-Shooter
1.9446E+00	5.6328E-12	1.9408E+00	1.9484E+00	6.1638E-13	6.1638E-13	X-Shooter
1.9523E+00	7.0545E-12	1.9484E+00	1.9561E+00	9.4506E-13	9.4506E-13	X-Shooter
1.9600E+00	7.6498E-12	1.9561E+00	1.9639E+00	6.1130E-13	6.1130E-13	X-Shooter
1.9678E+00	7.0826E-12	1.9639E+00	1.9717E+00	6.0166E-13	6.0166E-13	X-Shooter
1.9756E+00	6.3320E-12	1.9717E+00	1.9795E+00	9.5318E-13	9.5318E-13	X-Shooter
1.9835E+00	8.8788E-12	1.9795E+00	1.9875E+00	8.3551E-13	8.3551E-13	X-Shooter
1.9915E+00	4.9871E-12	1.9875E+00	1.9955E+00	6.8348E-13	6.8348E-13	X-Shooter
1.9995E+00	7.8889E-12	1.9955E+00	2.0035E+00	9.8680E-13	9.8680E-13	X-Shooter
2.0076E+00	6.7303E-12	2.0035E+00	2.0117E+00	1.4824E-12	1.4824E-12	X-Shooter
2.0158E+00	6.1805E-12	2.0117E+00	2.0199E+00	1.2219E-12	1.2219E-12	X-Shooter
2.0240E+00	9.1023E-12	2.0199E+00	2.0281E+00	1.0866E-12	1.0866E-12	X-Shooter
2.0323E+00	7.9824E-12	2.0281E+00	2.0365E+00	9.6400E-13	9.6400E-13	X-Shooter
2.0407E+00	7.6388E-12	2.0365E+00	2.0449E+00	9.5591E-13	9.5591E-13	X-Shooter
2.0491E+00	8.4631E-12	2.0449E+00	2.0533E+00	9.4848E-13	9.4848E-13	X-Shooter
2.0576E+00	4.4943E-12	2.0533E+00	2.0619E+00	1.3434E-12	1.3434E-12	X-Shooter
1.9796E+00	1.3581E-12	1.7763E+00	2.2061E+00	1.1159E-13	1.1159E-13	GMOS
2.0838E+00	1.4987E-13	1.8848E+00	2.3037E+00	2.1125E-14	2.1125E-14	NTT
3.6014E+00	1.0946E-06	3.2141E+00	4.0353E+00	7.4431E-32	7.4431E-32	uvot
5.5545E+00	4.3435E-03	4.9693E+00	6.2085E+00	1.0634E-03	1.0634E-03	uvot
1.2609E+03	4.4202E-13	1.1476E+03	1.3855E+03	2.9187E-14	2.9187E-14	X-ray
1.4592E+03	4.1964E-13	1.3855E+03	1.5369E+03	2.7627E-14	2.7627E-14	X-ray
1.6042E+03	3.8897E-13	1.5369E+03	1.6745E+03	2.5142E-14	2.5142E-14	X-ray
1.7446E+03	3.4407E-13	1.6745E+03	1.8177E+03	2.2112E-14	2.2112E-14	X-ray
1.9002E+03	3.5437E-13	1.8177E+03	1.9864E+03	2.3065E-14	2.3065E-14	X-ray
2.0693E+03	3.6131E-13	1.9864E+03	2.1557E+03	2.3487E-14	2.3487E-14	X-ray
2.2723E+03	3.4847E-13	2.1557E+03	2.3952E+03	2.2526E-14	2.2526E-14	X-ray
2.5146E+03	3.8715E-13	2.3952E+03	2.6401E+03	2.5003E-14	2.5003E-14	X-ray
2.7813E+03	3.6147E-13	2.6401E+03	2.9300E+03	2.3329E-14	2.3329E-14	X-ray
3.0787E+03	3.7958E-13	2.9300E+03	3.2350E+03	2.4667E-14	2.4667E-14	X-ray
3.4103E+03	3.6777E-13	3.2350E+03	3.5950E+03	2.3864E-14	2.3864E-14	X-ray
3.8110E+03	3.5749E-13	3.5950E+03	4.0400E+03	2.3365E-14	2.3365E-14	X-ray
4.3015E+03	3.5446E-13	4.0400E+03	4.5800E+03	2.3330E-14	2.3330E-14	X-ray
4.9524E+03	3.4704E-13	4.5800E+03	5.3550E+03	2.2896E-14	2.2896E-14	X-ray
1.7320500E+008	2.6086E-11	1.00000E+008	3.00000E+008	2.1943E-12	2.1943E-12	Fermi_3FGL
5.4772255E+008	1.8418E-11	3.00000E+008	1.00000E+009	1.2153E-12	1.2153E-12	Fermi_3FGL
1.7320508E+009	1.3819E-11	1.00000E+009	3.00000E+009	9.3793E-13	9.3793E-13	Fermi_3FGL
5.4772255E+009	1.2561E-11	3.00000E+009	1.00000E+010	9.7835E-13	9.7835E-13	Fermi_3FGL
3.16227E+010	1.1718E-11	1.00000E+010	1.00000E+011	1.2699E-12	1.2699E-12	Fermi_3FGL
46248220960.4   7.858172795e-12 34973600000.0   61157500000.0   0               0               HESS_Comb_deabs
80873288776.3   4.620687183e-12 61157500000.0   1.06945e+11     0               0               HESS_Comb_deabs
141421350368.0  2.925990441e-12 1.06945e+11     1.87012e+11     0               0               HESS_Comb_deabs
247300247246.0  2.273687351e-12 1.87012e+11     3.27024e+11     0               0               HESS_Comb_deabs
432448776897.0  2.352206166e-12 3.27024e+11     5.7186e+11      0               0               HESS_Comb_deabs
756214255354.0  6.800002999e-12 5.7186e+11      1e+12           0               0               HESS_Comb_deabs