.4045E+27 .4080E+28 .3808E+28 .3580E+28 .3438E+28
.3364E+28 .3151E+28 .3101E+28 .2865E+28 .2775E+28
.2645E+28 .2529E+28 .2371E+28 .2310E+28 .2614E+28
.2881E+28 .2631E+28 .2689E+28 .3112E+28 .3227E+28
.3007E+28 .2841E+28 .2981E+28 .2978E+28 .2731E+28
.2689E+28 .2768E+28 .2566E+28 .2732E+28 .3358E+28
.3640E+28 .3312E+28 .2940E+28 .2904E+28 .3380E+28
.3583E+28 .3490E+28 .3409E+28 .3033E+28 .2984E+28
.3331E+28 .3252E+28 .3330E+28 .3191E+28 .3067E+28
.3259E+28 .3076E+28 .3017E+28 .2911E+28 .2878E+28
.3142E+28 .3111E+28 .3031E+28 .2935E+28 .2781E+28
.2738E+28 .2729E+28 .2680E+28 .2721E+28 .2708E+28
.2696E+28 .2456E+28 .2396E+28 .2542E+28 .2526E+28
.2532E+28 .2506E+28 .2480E+28 .2431E+28 .2304E+28
.1186E+29 .2075E+29 .3190E+29 .4286E+29 .5110E+29
.3694E+29 .3415E+29 .4759E+29 .5086E+29 .5425E+29
.4063E+29 .3638E+29 .5438E+29 .6347E+29 .5717E+29
.5482E+29 .5379E+29 .5364E+29 .5590E+29 .5356E+29
.4968E+29 .5045E+29 .5191E+29 .4993E+29 .5012E+29
.4281E+29 .4103E+29 .4204E+29 .3439E+29 .2568E+29
.2235E+29 .3052E+29 .4851E+29 .5144E+29 .4516E+29
.5002E+29 .4995E+29 .4951E+29 .4119E+29 .4461E+29
.4668E+29 .4207E+29 .4103E+29 .4368E+29 .4018E+29
.3783E+29 .3634E+29 .3065E+29 .3424E+29 .3591E+29
.3404E+29 .3383E+29 .3459E+29 .3381E+29 .3319E+29
.3439E+29 .3469E+29 .3591E+29 .3318E+29 .3306E+29
.3277E+29 .2611E+29 .2092E+29 .3023E+29 .3222E+29
.2991E+29 .2979E+29 .2936E+29 .2761E+29 .2569E+29
.2572E+29 .2552E+29 .2568E+29 .2594E+29 .2413E+29
.2435E+29 .2611E+29 .2530E+29 .2456E+29 .2306E+29
.2231E+29 .2394E+29 .2429E+29 .2400E+29 .2411E+29
.2374E+29 .2359E+29 .2078E+29 .2279E+29 .2210E+29
.2266E+29 .2225E+29 .2120E+29 .2028E+29 .1998E+29
.2056E+29 .2006E+29 .1921E+29 .1898E+29 .1884E+29
.1826E+29 .1823E+29 .1919E+29 .1915E+29 .1867E+29
.1865E+29 .1914E+29 .1886E+29 .1842E+29 .1809E+29
.1865E+29 .1825E+29 .1819E+29 .1779E+29 .1650E+29
.1764E+29 .1825E+29 .1800E+29 .1669E+29 .1774E+29
.1744E+29 .1791E+29 .1650E+29 .1683E+29 .1677E+29
.1559E+29 .1555E+29 .1613E+29 .1702E+29 .1588E+29
.1478E+29 .1491E+29 .1491E+29 .1485E+29 .1507E+29
.1430E+29 .1462E+29 .1478E+29 .1415E+29 .1483E+29
.1454E+29 .1430E+29 .1396E+29 .1366E+29 .1433E+29
.1414E+29 .1366E+29 .1282E+29 .1310E+29 .1266E+29
.1335E+29 .1454E+29 .1385E+29 .1377E+29 .1424E+29
.1341E+29 .1309E+29 .1258E+29 .1338E+29 .1320E+29
.1246E+29 .1273E+29 .1282E+29 .1308E+29 .1345E+29
.1468E+29 .1319E+29 .1369E+29 .1339E+29 .1319E+29
.1401E+29 .1404E+29 .1757E+29 .1771E+29 .1810E+29
.1692E+29 .1728E+29 .1693E+29 .1702E+29 .1739E+29
.1556E+29 .1622E+29 .1473E+29 .1406E+29 .1575E+29
.1669E+29 .1560E+29 .1364E+29 .1153E+29 .1365E+29
.1757E+29 .1720E+29 .1694E+29 .1430E+29 .1626E+29
.1802E+29 .1771E+29 .1876E+29 .2118E+29 .2202E+29
.2120E+29 .2092E+29 .2076E+29 .2076E+29 .2212E+29
.2034E+29 .2090E+29 .2079E+29 .1996E+29 .2041E+29
.1975E+29 .2263E+29 .2308E+29 .2346E+29 .2227E+29
.2314E+29 .2411E+29 .2285E+29 .2237E+29 .2590E+29
.2495E+29 .2554E+29 .2598E+29 .2558E+29 .2400E+29
.2683E+29 .2665E+29 .2509E+29 .2457E+29 .2642E+29
.2556E+29 .2385E+29 .2420E+29 .2771E+29 .2931E+29
.3037E+29 .2937E+29 .3156E+29 .3265E+29 .2998E+29
.2985E+29 .2934E+29 .3019E+29 .3085E+29 .2863E+29
.2743E+29 .2947E+29 .3063E+29 .3159E+29 .3112E+29
.3123E+29 .3162E+29 .2785E+29 .2879E+29 .3095E+29
.2929E+29 .2909E+29 .2923E+29 .3215E+29 .3293E+29
.3097E+29 .3194E+29 .3584E+29 .3505E+29 .3165E+29
.2811E+29 .2497E+29 .2832E+29 .3247E+29 .3085E+29
.3270E+29 .3417E+29 .3445E+29 .3741E+29 .4264E+29
.4094E+29 .3796E+29 .3906E+29 .4030E+29 .3760E+29
.3563E+29 .3088E+29 .2902E+29 .3170E+29 .3479E+29
.3958E+29 .4436E+29 .3909E+29 .3805E+29 .3720E+29
.3130E+29 .2618E+29 .2904E+29 .3355E+29 .3346E+29
.3353E+29 .3307E+29 .3682E+29 .4080E+29 .4442E+29
.4057E+29 .2971E+29 .3196E+29 .4356E+29 .3721E+29
.3268E+29 .4967E+29 .6117E+29 .6548E+29 .6869E+29
.7026E+29 .6815E+29 .6595E+29 .6697E+29 .6389E+29
.6418E+29 .6805E+29 .7154E+29 .6551E+29 .6737E+29
.6962E+29 .6832E+29 .6467E+29 .6432E+29 .6709E+29
.6444E+29 .6428E+29 .6649E+29 .6543E+29 .6970E+29
.6509E+29 .6357E+29 .7087E+29 .6977E+29 .7003E+29
.6814E+29 .6796E+29 .6413E+29 .5829E+29 .6439E+29
.7501E+29 .7507E+29 .7858E+29 .8153E+29 .8594E+29
.8290E+29 .7415E+29 .7530E+29 .7814E+29 .8110E+29
.8732E+29 .8435E+29 .8617E+29 .8709E+29 .8144E+29
.9051E+29 .9564E+29 .9612E+29 .9755E+29 .1002E+30
.9270E+29 .8729E+29 .9357E+29 .9516E+29 .9920E+29
.9736E+29 .9761E+29 .9464E+29 .9679E+29 .1021E+30
.1042E+30 .1012E+30 .9635E+29 .9594E+29 .9803E+29
.9521E+29 .9849E+29 .9840E+29 .9627E+29 .9612E+29
.1010E+30 .1000E+30 .1036E+30 .1050E+30 .1004E+30
.1000E+30 .1032E+30 .1040E+30 .1062E+30 .1040E+30
.1055E+30 .1053E+30 .1031E+30 .9874E+29 .9260E+29
.9704E+29 .9828E+29 .9950E+29 .1050E+30 .1017E+30
.9998E+29 .1028E+30 .1051E+30 .1058E+30 .9967E+29
.1007E+30 .1008E+30 .9688E+29 .9617E+29 .8987E+29
.9333E+29 .9806E+29 .9574E+29 .9741E+29 .1036E+30
.9762E+29 .9431E+29 .9538E+29 .9421E+29 .9728E+29
.9628E+29 .9350E+29 .9391E+29 .9114E+29 .8869E+29
.8275E+29 .8176E+29 .8825E+29 .9162E+29 .9237E+29
.9733E+29 .9773E+29 .1031E+30 .9933E+29 .9774E+29
.9008E+29 .1033E+30 .1055E+30 .1081E+30 .1112E+30
.1037E+30 .9911E+29 .1036E+30 .1066E+30 .1111E+30
.1037E+30 .1076E+30 .1050E+30 .1000E+30 .1019E+30
.1065E+30 .1052E+30 .1078E+30 .1053E+30 .1046E+30
.1039E+30 .1022E+30 .1057E+30 .1061E+30 .1029E+30
.1077E+30 .1072E+30 .1096E+30 .1093E+30 .1088E+30
.1057E+30 .1064E+30 .1022E+30 .1030E+30 .1061E+30
.1071E+30 .1056E+30 .1067E+30 .1093E+30 .1072E+30
.1068E+30 .1096E+30 .1110E+30 .1094E+30 .1068E+30
.1101E+30 .1130E+30 .1132E+30 .1130E+30 .1113E+30
.1107E+30 .1090E+30 .1106E+30 .1129E+30 .1115E+30
.1138E+30 .1144E+30 .1127E+30 .1130E+30 .1088E+30
.1063E+30 .1029E+30 .1037E+30 .1019E+30 .1037E+30
.1075E+30 .1069E+30 .1094E+30 .1079E+30 .1091E+30
.1089E+30 .1102E+30 .1097E+30 .1087E+30 .1082E+30
.1104E+30 .1105E+30 .1110E+30 .1121E+30 .1116E+30
.1129E+30 .1126E+30 .1113E+30 .1107E+30 .1113E+30
.1100E+30 .1097E+30 .1091E+30 .1083E+30 .1049E+30
.1038E+30 .1036E+30 .1036E+30 .1055E+30 .1044E+30
.1015E+30 .1010E+30 .1010E+30 .1012E+30 .1002E+30
.1027E+30 .1039E+30 .1047E+30 .1058E+30 .1064E+30
.1059E+30 .1063E+30 .1064E+30 .1072E+30 .1081E+30
.1086E+30 .1100E+30 .1082E+30 .1089E+30 .1092E+30
.1085E+30 .1091E+30 .1103E+30 .1098E+30 .1099E+30
.1102E+30 .1102E+30 .1083E+30 .1087E+30 .1113E+30
.1117E+30 .1127E+30 .1121E+30 .1098E+30 .1058E+30
.1074E+30 .1084E+30 .1077E+30 .1092E+30 .1097E+30
.1082E+30 .1062E+30 .1083E+30 .1064E+30 .1058E+30
.1053E+30 .1043E+30 .1056E+30 .1045E+30 .1044E+30
.1035E+30 .1044E+30 .1042E+30 .1043E+30 .1041E+30
.1060E+30 .1055E+30 .1042E+30 .1043E+30 .1051E+30
.1063E+30 .1056E+30 .1073E+30 .1057E+30 .1028E+30
.1040E+30 .1044E+30 .1043E+30 .1066E+30 .1048E+30
.1049E+30 .1057E+30 .1063E+30 .1059E+30 .1068E+30
.1062E+30 .1042E+30 .1039E+30 .1061E+30 .1060E+30
.1050E+30 .1080E+30 .1081E+30 .1089E+30 .1039E+30
.1034E+30 .1054E+30 .1019E+30 .1013E+30 .1022E+30
.1017E+30 .9791E+29 .9575E+29 .9756E+29 .1015E+30
.9999E+29 .9970E+29 .9801E+29 .9753E+29 .9730E+29
.1001E+30 .1003E+30 .1009E+30 .9804E+29 .9939E+29
.1011E+30 .9960E+29 .1012E+30 .1011E+30 .1034E+30
.1025E+30 .1040E+30 .1036E+30 .1019E+30 .1022E+30
.1030E+30 .1053E+30 .1046E+30 .1053E+30 .1059E+30
.1095E+30 .1076E+30 .1061E+30 .1070E+30 .1050E+30
.1081E+30 .1095E+30 .1076E+30 .1074E+30 .1104E+30
.1100E+30 .1077E+30 .1106E+30 .1111E+30 .1115E+30
.1098E+30 .1048E+30 .9996E+29 .9466E+29 .9764E+29
.1043E+30 .1009E+30 .1011E+30 .1028E+30 .9967E+29
.9972E+29 .9780E+29 .9760E+29 .9824E+29 .9910E+29
.1001E+30 .1013E+30 .1028E+30 .1003E+30 .1016E+30
.1028E+30 .9996E+29 .1028E+30 .1028E+30 .1029E+30
.1012E+30 .9955E+29 .9839E+29 .9896E+29 .9817E+29
.1013E+30 .9852E+29 .9957E+29 .9490E+29 .9560E+29
.9556E+29 .9835E+29 .9428E+29 .9541E+29 .9797E+29
.9971E+29 .9809E+29 .9693E+29 .9861E+29 .9972E+29
.9912E+29 .9844E+29 .9878E+29 .9589E+29 .1001E+30
.9908E+29 .9890E+29 .9941E+29 .9752E+29 .9894E+29
.9932E+29 .9989E+29 .1022E+30 .9979E+29 .1012E+30
.9966E+29 .9993E+29 .1042E+30 .1024E+30 .1001E+30
.1010E+30 .9975E+29 .1014E+30 .1017E+30 .1016E+30
.1024E+30 .1044E+30 .9758E+29 .9813E+29 .9572E+29
.9563E+29 .1007E+30 .9486E+29 .9807E+29 .9678E+29
.1007E+30 .9525E+29 .9357E+29 .9703E+29 .9795E+29
.9620E+29 .9743E+29 .9671E+29 .9565E+29 .9366E+29
.9293E+29 .9607E+29 .9337E+29 .8815E+29 .9066E+29
.9192E+29 .9266E+29 .8619E+29 .9363E+29 .9335E+29
.9627E+29 .9532E+29 .9695E+29 .9447E+29 .9435E+29
.9690E+29 .9413E+29 .9480E+29 .9392E+29 .8824E+29
.9300E+29 .9499E+29 .9295E+29 .9782E+29 .9861E+29
.9929E+29 .1001E+30 .9994E+29 .9830E+29 .9749E+29
.9760E+29 .9756E+29 .9550E+29 .9591E+29 .9284E+29
.9300E+29 .9155E+29 .9003E+29 .8950E+29 .8791E+29
.8641E+29 .8544E+29 .8260E+29 .8051E+29 .7891E+29
.7720E+29 .7551E+29 .7359E+29 .7283E+29 .7104E+29
.6872E+29 .6723E+29 .6653E+29 .6611E+29 .6471E+29
.6236E+29 .6176E+29 .5971E+29 .5747E+29 .5702E+29
.5602E+29 .5628E+29 .5565E+29 .5669E+29 .5541E+29
.5485E+29 .5493E+29 .5549E+29 .5409E+29 .5225E+29
.5217E+29 .5191E+29 .5012E+29 .4864E+29 .4684E+29
.4503E+29 .4336E+29 .4096E+29 .4048E+29 .3837E+29
.3710E+29 .3601E+29 .3493E+29 .3333E+29 .3209E+29
.3112E+29 .2993E+29 .2892E+29 .2846E+29 .2732E+29
.2672E+29 .2552E+29 .2522E+29 .2455E+29 .2374E+29
.2304E+29 .2248E+29 .2181E+29 .2122E+29 .2048E+29
.2002E+29 .1948E+29 .1744E+29 .1650E+29 .1582E+29
.1462E+29 .1412E+29 .1398E+29 .1284E+29 .1260E+29
.1207E+29 .1186E+29 .1134E+29 .1181E+29 .1134E+29
.1083E+29 .1028E+29 .1050E+29 .1038E+29 .1035E+29
.9873E+28 .9592E+28 .9307E+28 .9005E+28 .8911E+28
.9022E+28 .8608E+28 .8176E+28 .8084E+28 .7683E+28
.7624E+28 .7956E+28 .7686E+28 .7507E+28 .7369E+28
.6989E+28 .6682E+28 .6729E+28 .6555E+28 .6416E+28
.6321E+28 .5819E+28 .5701E+28 .5873E+28 .5740E+28
.5785E+28 .5504E+28 .5444E+28 .5370E+28 .5120E+28
.4953E+28 .5049E+28 .4923E+28 .4605E+28 .4711E+28
.4665E+28 .4572E+28 .4584E+28 .4317E+28 .4255E+28
.4217E+28 .4139E+28 .4028E+28 .3955E+28 .3963E+28
.3871E+28 .3785E+28 .3709E+28 .3614E+28 .3582E+28
.3479E+28 .3461E+28 .3335E+28 .3322E+28 .3269E+28
.3116E+28 .3069E+28 .3067E+28 .2999E+28 .2967E+28
.2873E+28 .2855E+28 .2734E+28 .2732E+28 .2659E+28
.2611E+28 .2577E+28 .2359E+28 .2079E+28 .2211E+28
.1967E+28 .2273E+28 .2077E+28 .2057E+28 .1982E+28
.1815E+28 .2011E+28 .1972E+28 .1865E+28 .1849E+28
.1776E+28 .1657E+28 .1644E+28 .1730E+28 .1565E+28
.1648E+28 .1442E+28 .1479E+28 .1426E+28 .1462E+28
.1383E+28 .1373E+28 .1268E+28 .1275E+28 .1139E+28
.1383E+28 .1171E+28 .1275E+28 .1205E+28 .1160E+28
.1070E+28 .1083E+28 .1145E+28 .9926E+27 .1047E+28
.1159E+28 .1087E+28 .1025E+28 .1026E+28 .9395E+27
.9703E+27 .9357E+27 .9065E+27 .8919E+27 .9532E+27
.8892E+27 .8436E+27 .8929E+27 .8922E+27 .8484E+27
.8053E+27 .8979E+27 .7749E+27 .7642E+27 .7632E+27
.7531E+27 .7410E+27 .6822E+27 .6883E+27 .6604E+27
.7658E+27 .6884E+27 .5901E+27 .7144E+27 .6941E+27
.6244E+27 .6336E+27 .6411E+27 .6321E+27 .6184E+27
.6645E+27 .6316E+27 .6605E+27 .6442E+27 .5975E+27
.5789E+27 .5542E+27 .6140E+27 .5671E+27 .5774E+27
.5263E+27 .5498E+27 .5842E+27 .5233E+27 .5253E+27
.5150E+27 .5214E+27 .4841E+27 .4754E+27 .5381E+27
.4946E+27 .4583E+27 .4552E+27 .4371E+27 .4985E+27
.4837E+27 .4695E+27 .4470E+27 .4403E+27 .4084E+27
.4670E+27 .4570E+27 .4539E+27 .4422E+27 .4281E+27
.3972E+27 .4259E+27 .4196E+27 .4115E+27 .4239E+27
.4194E+27 .4047E+27 .3774E+27 .3822E+27 .3953E+27
.3772E+27 .3670E+27 .3681E+27 .3774E+27 .3760E+27
.3459E+27 .3621E+27 .3586E+27 .3583E+27 .3477E+27
.3337E+27 .3242E+27 .3328E+27 .3276E+27 .3206E+27
.3288E+27 .3255E+27 .3180E+27 .3219E+27 .3128E+27
.3155E+27 .3008E+27 .2961E+27 .2972E+27 .2740E+27
.2731E+27 .2677E+27 .2898E+27 .2573E+27 .2772E+27
.2812E+27 .2550E+27 .2593E+27 .2501E+27 .2703E+27
.2454E+27 .2333E+27 .2366E+27 .2409E+27 .2382E+27
.2424E+27 .2502E+27 .2477E+27 .2227E+27 .2344E+27
.2319E+27 .2137E+27 .2220E+27 .2093E+27 .2172E+27
.2147E+27 .2149E+27 .2119E+27 .2128E+27 .2095E+27
.2108E+27 .2112E+27 .2036E+27 .1900E+27 .1956E+27
.2014E+27 .1922E+27 .1895E+27 .1897E+27 .1919E+27
.1828E+27 .1874E+27 .1807E+27 .1837E+27 .1817E+27
.1704E+27 .1713E+27 .1763E+27 .1656E+27 .1645E+27
.1666E+27 .1675E+27 .1645E+27 .1584E+27 .1584E+27
.1542E+27 .1547E+27 .1545E+27 .1514E+27 .1514E+27
.1553E+27 .1464E+27 .1522E+27 .1445E+27 .1466E+27
.1463E+27 .1362E+27 .1403E+27 .1376E+27 .1382E+27
.1403E+27 .1316E+27 .1378E+27 .1303E+27 .1327E+27
.1312E+27 .1266E+27 .1265E+27 .1249E+27 .1282E+27
.1253E+27 .1178E+27 .1271E+27 .1210E+27 .1211E+27
.1207E+27 .1161E+27 .1116E+27 .1154E+27 .1131E+27
.1163E+27 .1119E+27 .1057E+27 .1136E+27 .1084E+27
.1106E+27 .1064E+27 .1096E+27 .1053E+27 .1016E+27
.9916E+26 .1016E+27 .1065E+27 .1058E+27 .1018E+27
.9973E+26 .9707E+26 .1013E+27 .9404E+26 .9780E+26
.9690E+26 .9650E+26 .9293E+26 .9552E+26 .9166E+26
.9146E+26 .9232E+26 .9293E+26 .8950E+26 .9148E+26
.8584E+26 .8662E+26 .8693E+26 .8987E+26 .8845E+26
.8442E+26 .8640E+26 .8523E+26 .8689E+26 .8508E+26
.8159E+26 .8012E+26 .8195E+26 .8211E+26 .8236E+26
.7941E+26 .7847E+26 .7894E+26 .7667E+26 .7796E+26
.7730E+26 .7707E+26 .7700E+26