  1.0000e+02    3.2744e-13    1.2673e-13 
  1.0040e+02    3.2869e-13    1.2697e-13 
  1.0080e+02    3.2994e-13    1.2720e-13 
  1.0121e+02    3.3120e-13    1.2744e-13 
  1.0161e+02    3.3246e-13    1.2768e-13 
  1.0202e+02    3.3372e-13    1.2792e-13 
  1.0243e+02    3.3499e-13    1.2816e-13 
  1.0284e+02    3.3626e-13    1.2839e-13 
  1.0326e+02    3.3754e-13    1.2863e-13 
  1.0367e+02    3.3882e-13    1.2887e-13 
  1.0409e+02    3.4010e-13    1.2910e-13 
  1.0450e+02    3.4139e-13    1.2934e-13 
  1.0492e+02    3.4268e-13    1.2958e-13 
  1.0534e+02    3.4398e-13    1.2981e-13 
  1.0577e+02    3.4527e-13    1.3005e-13 
  1.0619e+02    3.4658e-13    1.3029e-13 
  1.0662e+02    3.4788e-13    1.3052e-13 
  1.0705e+02    3.4919e-13    1.3076e-13 
  1.0748e+02    3.5051e-13    1.3099e-13 
  1.0791e+02    3.5182e-13    1.3123e-13 
  1.0834e+02    3.5314e-13    1.3146e-13 
  1.0877e+02    3.5447e-13    1.3170e-13 
  1.0921e+02    3.5580e-13    1.3193e-13 
  1.0965e+02    3.5713e-13    1.3217e-13 
  1.1009e+02    3.5847e-13    1.3240e-13 
  1.1053e+02    3.5981e-13    1.3264e-13 
  1.1098e+02    3.6115e-13    1.3287e-13 
  1.1142e+02    3.6250e-13    1.3310e-13 
  1.1187e+02    3.6385e-13    1.3334e-13 
  1.1232e+02    3.6521e-13    1.3357e-13 
  1.1277e+02    3.6657e-13    1.3380e-13 
  1.1322e+02    3.6793e-13    1.3403e-13 
  1.1367e+02    3.6930e-13    1.3427e-13 
  1.1413e+02    3.7067e-13    1.3450e-13 
  1.1459e+02    3.7205e-13    1.3473e-13 
  1.1505e+02    3.7342e-13    1.3496e-13 
  1.1551e+02    3.7481e-13    1.3519e-13 
  1.1597e+02    3.7619e-13    1.3543e-13 
  1.1644e+02    3.7758e-13    1.3566e-13 
  1.1691e+02    3.7898e-13    1.3589e-13 
  1.1738e+02    3.8038e-13    1.3612e-13 
  1.1785e+02    3.8178e-13    1.3635e-13 
  1.1832e+02    3.8319e-13    1.3658e-13 
  1.1879e+02    3.8460e-13    1.3681e-13 
  1.1927e+02    3.8601e-13    1.3704e-13 
  1.1975e+02    3.8743e-13    1.3727e-13 
  1.2023e+02    3.8885e-13    1.3750e-13 
  1.2071e+02    3.9028e-13    1.3772e-13 
  1.2120e+02    3.9171e-13    1.3795e-13 
  1.2168e+02    3.9314e-13    1.3818e-13 
  1.2217e+02    3.9458e-13    1.3841e-13 
  1.2266e+02    3.9602e-13    1.3864e-13 
  1.2315e+02    3.9747e-13    1.3886e-13 
  1.2365e+02    3.9892e-13    1.3909e-13 
  1.2415e+02    4.0037e-13    1.3932e-13 
  1.2464e+02    4.0183e-13    1.3954e-13 
  1.2514e+02    4.0329e-13    1.3977e-13 
  1.2565e+02    4.0476e-13    1.4000e-13 
  1.2615e+02    4.0623e-13    1.4022e-13 
  1.2666e+02    4.0770e-13    1.4045e-13 
  1.2716e+02    4.0918e-13    1.4067e-13 
  1.2767e+02    4.1067e-13    1.4090e-13 
  1.2819e+02    4.1215e-13    1.4112e-13 
  1.2870e+02    4.1364e-13    1.4134e-13 
  1.2922e+02    4.1514e-13    1.4157e-13 
  1.2974e+02    4.1663e-13    1.4179e-13 
  1.3026e+02    4.1814e-13    1.4201e-13 
  1.3078e+02    4.1964e-13    1.4224e-13 
  1.3130e+02    4.2115e-13    1.4246e-13 
  1.3183e+02    4.2267e-13    1.4268e-13 
  1.3236e+02    4.2419e-13    1.4290e-13 
  1.3289e+02    4.2571e-13    1.4312e-13 
  1.3343e+02    4.2724e-13    1.4335e-13 
  1.3396e+02    4.2877e-13    1.4357e-13 
  1.3450e+02    4.3030e-13    1.4379e-13 
  1.3504e+02    4.3184e-13    1.4401e-13 
  1.3558e+02    4.3339e-13    1.4423e-13 
  1.3612e+02    4.3493e-13    1.4445e-13 
  1.3667e+02    4.3649e-13    1.4466e-13 
  1.3722e+02    4.3804e-13    1.4488e-13 
  1.3777e+02    4.3960e-13    1.4510e-13 
  1.3832e+02    4.4116e-13    1.4532e-13 
  1.3888e+02    4.4273e-13    1.4554e-13 
  1.3944e+02    4.4430e-13    1.4575e-13 
  1.3999e+02    4.4588e-13    1.4597e-13 
  1.4056e+02    4.4746e-13    1.4619e-13 
  1.4112e+02    4.4905e-13    1.4640e-13 
  1.4169e+02    4.5064e-13    1.4662e-13 
  1.4226e+02    4.5223e-13    1.4683e-13 
  1.4283e+02    4.5383e-13    1.4705e-13 
  1.4340e+02    4.5543e-13    1.4726e-13 
  1.4398e+02    4.5703e-13    1.4748e-13 
  1.4455e+02    4.5864e-13    1.4769e-13 
  1.4513e+02    4.6026e-13    1.4790e-13 
  1.4572e+02    4.6187e-13    1.4812e-13 
  1.4630e+02    4.6350e-13    1.4833e-13 
  1.4689e+02    4.6512e-13    1.4854e-13 
  1.4748e+02    4.6675e-13    1.4875e-13 
  1.4807e+02    4.6839e-13    1.4897e-13 
  1.4866e+02    4.7003e-13    1.4918e-13 
  1.4926e+02    4.7167e-13    1.4939e-13 
  1.4986e+02    4.7332e-13    1.4960e-13 
  1.5046e+02    4.7497e-13    1.4981e-13 
  1.5106e+02    4.7662e-13    1.5002e-13 
  1.5167e+02    4.7828e-13    1.5022e-13 
  1.5228e+02    4.7995e-13    1.5043e-13 
  1.5289e+02    4.8162e-13    1.5064e-13 
  1.5350e+02    4.8329e-13    1.5085e-13 
  1.5412e+02    4.8497e-13    1.5106e-13 
  1.5474e+02    4.8665e-13    1.5126e-13 
  1.5536e+02    4.8833e-13    1.5147e-13 
  1.5598e+02    4.9002e-13    1.5167e-13 
  1.5661e+02    4.9172e-13    1.5188e-13 
  1.5724e+02    4.9342e-13    1.5208e-13 
  1.5787e+02    4.9512e-13    1.5229e-13 
  1.5850e+02    4.9682e-13    1.5249e-13 
  1.5914e+02    4.9854e-13    1.5270e-13 
  1.5978e+02    5.0025e-13    1.5290e-13 
  1.6042e+02    5.0197e-13    1.5310e-13 
  1.6106e+02    5.0369e-13    1.5330e-13 
  1.6171e+02    5.0542e-13    1.5351e-13 
  1.6236e+02    5.0716e-13    1.5371e-13 
  1.6301e+02    5.0889e-13    1.5391e-13 
  1.6366e+02    5.1063e-13    1.5411e-13 
  1.6432e+02    5.1238e-13    1.5431e-13 
  1.6498e+02    5.1413e-13    1.5451e-13 
  1.6564e+02    5.1588e-13    1.5471e-13 
  1.6631e+02    5.1764e-13    1.5490e-13 
  1.6697e+02    5.1940e-13    1.5510e-13 
  1.6764e+02    5.2117e-13    1.5530e-13 
  1.6832e+02    5.2294e-13    1.5550e-13 
  1.6899e+02    5.2472e-13    1.5569e-13 
  1.6967e+02    5.2650e-13    1.5589e-13 
  1.7035e+02    5.2828e-13    1.5608e-13 
  1.7103e+02    5.3007e-13    1.5628e-13 
  1.7172e+02    5.3186e-13    1.5647e-13 
  1.7241e+02    5.3366e-13    1.5667e-13 
  1.7310e+02    5.3546e-13    1.5686e-13 
  1.7380e+02    5.3727e-13    1.5705e-13 
  1.7449e+02    5.3908e-13    1.5725e-13 
  1.7519e+02    5.4089e-13    1.5744e-13 
  1.7590e+02    5.4271e-13    1.5763e-13 
  1.7660e+02    5.4454e-13    1.5782e-13 
  1.7731e+02    5.4636e-13    1.5801e-13 
  1.7802e+02    5.4820e-13    1.5820e-13 
  1.7874e+02    5.5003e-13    1.5839e-13 
  1.7946e+02    5.5187e-13    1.5858e-13 
  1.8018e+02    5.5372e-13    1.5877e-13 
  1.8090e+02    5.5557e-13    1.5896e-13 
  1.8162e+02    5.5742e-13    1.5914e-13 
  1.8235e+02    5.5928e-13    1.5933e-13 
  1.8309e+02    5.6114e-13    1.5952e-13 
  1.8382e+02    5.6301e-13    1.5970e-13 
  1.8456e+02    5.6488e-13    1.5989e-13 
  1.8530e+02    5.6676e-13    1.6007e-13 
  1.8604e+02    5.6864e-13    1.6025e-13 
  1.8679e+02    5.7052e-13    1.6044e-13 
  1.8754e+02    5.7241e-13    1.6062e-13 
  1.8829e+02    5.7430e-13    1.6080e-13 
  1.8905e+02    5.7620e-13    1.6098e-13 
  1.8981e+02    5.7810e-13    1.6117e-13 
  1.9057e+02    5.8001e-13    1.6135e-13 
  1.9133e+02    5.8192e-13    1.6153e-13 
  1.9210e+02    5.8384e-13    1.6171e-13 
  1.9287e+02    5.8576e-13    1.6189e-13 
  1.9364e+02    5.8768e-13    1.6206e-13 
  1.9442e+02    5.8961e-13    1.6224e-13 
  1.9520e+02    5.9154e-13    1.6242e-13 
  1.9599e+02    5.9348e-13    1.6260e-13 
  1.9677e+02    5.9542e-13    1.6277e-13 
  1.9756e+02    5.9737e-13    1.6295e-13 
  1.9835e+02    5.9932e-13    1.6312e-13 
  1.9915e+02    6.0128e-13    1.6330e-13 
  1.9995e+02    6.0323e-13    1.6347e-13 
  2.0075e+02    6.0520e-13    1.6364e-13 
  2.0156e+02    6.0717e-13    1.6382e-13 
  2.0237e+02    6.0914e-13    1.6399e-13 
  2.0318e+02    6.1112e-13    1.6416e-13 
  2.0399e+02    6.1310e-13    1.6433e-13 
  2.0481e+02    6.1509e-13    1.6450e-13 
  2.0564e+02    6.1708e-13    1.6467e-13 
  2.0646e+02    6.1907e-13    1.6484e-13 
  2.0729e+02    6.2107e-13    1.6501e-13 
  2.0812e+02    6.2308e-13    1.6518e-13 
  2.0896e+02    6.2508e-13    1.6534e-13 
  2.0979e+02    6.2710e-13    1.6551e-13 
  2.1064e+02    6.2911e-13    1.6568e-13 
  2.1148e+02    6.3114e-13    1.6584e-13 
  2.1233e+02    6.3316e-13    1.6601e-13 
  2.1318e+02    6.3519e-13    1.6617e-13 
  2.1404e+02    6.3723e-13    1.6633e-13 
  2.1490e+02    6.3927e-13    1.6650e-13 
  2.1576e+02    6.4131e-13    1.6666e-13 
  2.1663e+02    6.4336e-13    1.6682e-13 
  2.1750e+02    6.4541e-13    1.6698e-13 
  2.1837e+02    6.4747e-13    1.6714e-13 
  2.1924e+02    6.4953e-13    1.6730e-13 
  2.2012e+02    6.5160e-13    1.6746e-13 
  2.2101e+02    6.5367e-13    1.6762e-13 
  2.2189e+02    6.5575e-13    1.6778e-13 
  2.2279e+02    6.5783e-13    1.6794e-13 
  2.2368e+02    6.5991e-13    1.6809e-13 
  2.2458e+02    6.6200e-13    1.6825e-13 
  2.2548e+02    6.6409e-13    1.6840e-13 
  2.2638e+02    6.6619e-13    1.6856e-13 
  2.2729e+02    6.6829e-13    1.6871e-13 
  2.2820e+02    6.7040e-13    1.6887e-13 
  2.2912e+02    6.7251e-13    1.6902e-13 
  2.3004e+02    6.7463e-13    1.6917e-13 
  2.3096e+02    6.7675e-13    1.6932e-13 
  2.3189e+02    6.7887e-13    1.6947e-13 
  2.3282e+02    6.8100e-13    1.6962e-13 
  2.3375e+02    6.8313e-13    1.6977e-13 
  2.3469e+02    6.8527e-13    1.6992e-13 
  2.3563e+02    6.8741e-13    1.7007e-13 
  2.3658e+02    6.8956e-13    1.7022e-13 
  2.3753e+02    6.9171e-13    1.7036e-13 
  2.3848e+02    6.9387e-13    1.7051e-13 
  2.3944e+02    6.9603e-13    1.7066e-13 
  2.4040e+02    6.9819e-13    1.7080e-13 
  2.4137e+02    7.0036e-13    1.7095e-13 
  2.4233e+02    7.0253e-13    1.7109e-13 
  2.4331e+02    7.0471e-13    1.7123e-13 
  2.4428e+02    7.0689e-13    1.7138e-13 
  2.4526e+02    7.0908e-13    1.7152e-13 
  2.4625e+02    7.1127e-13    1.7166e-13 
  2.4724e+02    7.1347e-13    1.7180e-13 
  2.4823e+02    7.1567e-13    1.7194e-13 
  2.4922e+02    7.1787e-13    1.7208e-13 
  2.5022e+02    7.2008e-13    1.7222e-13 
  2.5123e+02    7.2230e-13    1.7235e-13 
  2.5224e+02    7.2452e-13    1.7249e-13 
  2.5325e+02    7.2674e-13    1.7263e-13 
  2.5427e+02    7.2897e-13    1.7276e-13 
  2.5529e+02    7.3120e-13    1.7290e-13 
  2.5631e+02    7.3343e-13    1.7303e-13 
  2.5734e+02    7.3567e-13    1.7316e-13 
  2.5837e+02    7.3792e-13    1.7330e-13 
  2.5941e+02    7.4017e-13    1.7343e-13 
  2.6045e+02    7.4242e-13    1.7356e-13 
  2.6149e+02    7.4468e-13    1.7369e-13 
  2.6254e+02    7.4694e-13    1.7382e-13 
  2.6360e+02    7.4921e-13    1.7395e-13 
  2.6466e+02    7.5148e-13    1.7408e-13 
  2.6572e+02    7.5376e-13    1.7421e-13 
  2.6678e+02    7.5604e-13    1.7434e-13 
  2.6786e+02    7.5832e-13    1.7446e-13 
  2.6893e+02    7.6061e-13    1.7459e-13 
  2.7001e+02    7.6291e-13    1.7471e-13 
  2.7109e+02    7.6521e-13    1.7484e-13 
  2.7218e+02    7.6751e-13    1.7496e-13 
  2.7327e+02    7.6982e-13    1.7509e-13 
  2.7437e+02    7.7213e-13    1.7521e-13 
  2.7547e+02    7.7444e-13    1.7533e-13 
  2.7658e+02    7.7677e-13    1.7545e-13 
  2.7769e+02    7.7909e-13    1.7557e-13 
  2.7880e+02    7.8142e-13    1.7569e-13 
  2.7992e+02    7.8375e-13    1.7581e-13 
  2.8104e+02    7.8609e-13    1.7593e-13 
  2.8217e+02    7.8844e-13    1.7605e-13 
  2.8330e+02    7.9078e-13    1.7616e-13 
  2.8444e+02    7.9313e-13    1.7628e-13 
  2.8558e+02    7.9549e-13    1.7639e-13 
  2.8673e+02    7.9785e-13    1.7651e-13 
  2.8788e+02    8.0022e-13    1.7662e-13 
  2.8903e+02    8.0259e-13    1.7674e-13 
  2.9019e+02    8.0496e-13    1.7685e-13 
  2.9136e+02    8.0734e-13    1.7696e-13 
  2.9253e+02    8.0972e-13    1.7707e-13 
  2.9370e+02    8.1211e-13    1.7718e-13 
  2.9488e+02    8.1450e-13    1.7729e-13 
  2.9606e+02    8.1689e-13    1.7740e-13 
  2.9725e+02    8.1929e-13    1.7751e-13 
  2.9845e+02    8.2170e-13    1.7762e-13 
  2.9964e+02    8.2411e-13    1.7773e-13 
  3.0085e+02    8.2652e-13    1.7783e-13 
  3.0205e+02    8.2894e-13    1.7794e-13 
  3.0326e+02    8.3136e-13    1.7804e-13 
  3.0448e+02    8.3379e-13    1.7815e-13 
  3.0570e+02    8.3622e-13    1.7825e-13 
  3.0693e+02    8.3865e-13    1.7835e-13 
  3.0816e+02    8.4109e-13    1.7845e-13 
  3.0940e+02    8.4354e-13    1.7856e-13 
  3.1064e+02    8.4599e-13    1.7866e-13 
  3.1189e+02    8.4844e-13    1.7876e-13 
  3.1314e+02    8.5090e-13    1.7886e-13 
  3.1440e+02    8.5336e-13    1.7895e-13 
  3.1566e+02    8.5582e-13    1.7905e-13 
  3.1692e+02    8.5829e-13    1.7915e-13 
  3.1820e+02    8.6077e-13    1.7925e-13 
  3.1947e+02    8.6325e-13    1.7934e-13 
  3.2076e+02    8.6573e-13    1.7944e-13 
  3.2204e+02    8.6822e-13    1.7953e-13 
  3.2334e+02    8.7071e-13    1.7962e-13 
  3.2463e+02    8.7321e-13    1.7972e-13 
  3.2594e+02    8.7571e-13    1.7981e-13 
  3.2724e+02    8.7821e-13    1.7990e-13 
  3.2856e+02    8.8072e-13    1.7999e-13 
  3.2988e+02    8.8323e-13    1.8008e-13 
  3.3120e+02    8.8575e-13    1.8017e-13 
  3.3253e+02    8.8827e-13    1.8026e-13 
  3.3386e+02    8.9080e-13    1.8035e-13 
  3.3520e+02    8.9333e-13    1.8043e-13 
  3.3655e+02    8.9587e-13    1.8052e-13 
  3.3790e+02    8.9841e-13    1.8061e-13 
  3.3925e+02    9.0095e-13    1.8069e-13 
  3.4062e+02    9.0350e-13    1.8078e-13 
  3.4198e+02    9.0605e-13    1.8086e-13 
  3.4336e+02    9.0861e-13    1.8094e-13 
  3.4473e+02    9.1117e-13    1.8103e-13 
  3.4612e+02    9.1373e-13    1.8111e-13 
  3.4751e+02    9.1630e-13    1.8119e-13 
  3.4890e+02    9.1887e-13    1.8127e-13 
  3.5030e+02    9.2145e-13    1.8135e-13 
  3.5171e+02    9.2403e-13    1.8143e-13 
  3.5312e+02    9.2662e-13    1.8150e-13 
  3.5454e+02    9.2921e-13    1.8158e-13 
  3.5596e+02    9.3181e-13    1.8166e-13 
  3.5739e+02    9.3440e-13    1.8173e-13 
  3.5882e+02    9.3701e-13    1.8181e-13 
  3.6026e+02    9.3962e-13    1.8188e-13 
  3.6171e+02    9.4223e-13    1.8196e-13 
  3.6316e+02    9.4484e-13    1.8203e-13 
  3.6462e+02    9.4746e-13    1.8210e-13 
  3.6608e+02    9.5009e-13    1.8218e-13 
  3.6755e+02    9.5272e-13    1.8225e-13 
  3.6902e+02    9.5535e-13    1.8232e-13 
  3.7050e+02    9.5798e-13    1.8239e-13 
  3.7199e+02    9.6063e-13    1.8246e-13 
  3.7348e+02    9.6327e-13    1.8252e-13 
  3.7498e+02    9.6592e-13    1.8259e-13 
  3.7649e+02    9.6857e-13    1.8266e-13 
  3.7800e+02    9.7123e-13    1.8273e-13 
  3.7952e+02    9.7389e-13    1.8279e-13 
  3.8104e+02    9.7656e-13    1.8286e-13 
  3.8257e+02    9.7923e-13    1.8292e-13 
  3.8410e+02    9.8190e-13    1.8298e-13 
  3.8565e+02    9.8458e-13    1.8305e-13 
  3.8719e+02    9.8726e-13    1.8311e-13 
  3.8875e+02    9.8995e-13    1.8317e-13 
  3.9031e+02    9.9264e-13    1.8323e-13 
  3.9187e+02    9.9533e-13    1.8329e-13 
  3.9345e+02    9.9803e-13    1.8335e-13 
  3.9503e+02    1.0007e-12    1.8341e-13 
  3.9661e+02    1.0034e-12    1.8347e-13 
  3.9820e+02    1.0062e-12    1.8353e-13 
  3.9980e+02    1.0089e-12    1.8358e-13 
  4.0140e+02    1.0116e-12    1.8364e-13 
  4.0302e+02    1.0143e-12    1.8369e-13 
  4.0463e+02    1.0170e-12    1.8375e-13 
  4.0626e+02    1.0198e-12    1.8380e-13 
  4.0789e+02    1.0225e-12    1.8386e-13 
  4.0952e+02    1.0252e-12    1.8391e-13 
  4.1117e+02    1.0280e-12    1.8396e-13 
  4.1282e+02    1.0307e-12    1.8401e-13 
  4.1447e+02    1.0335e-12    1.8407e-13 
  4.1614e+02    1.0362e-12    1.8412e-13 
  4.1781e+02    1.0390e-12    1.8417e-13 
  4.1948e+02    1.0418e-12    1.8421e-13 
  4.2117e+02    1.0445e-12    1.8426e-13 
  4.2286e+02    1.0473e-12    1.8431e-13 
  4.2456e+02    1.0501e-12    1.8436e-13 
  4.2626e+02    1.0529e-12    1.8440e-13 
  4.2797e+02    1.0556e-12    1.8445e-13 
  4.2969e+02    1.0584e-12    1.8450e-13 
  4.3141e+02    1.0612e-12    1.8454e-13 
  4.3314e+02    1.0640e-12    1.8458e-13 
  4.3488e+02    1.0668e-12    1.8463e-13 
  4.3663e+02    1.0696e-12    1.8467e-13 
  4.3838e+02    1.0724e-12    1.8471e-13 
  4.4014e+02    1.0752e-12    1.8475e-13 
  4.4190e+02    1.0780e-12    1.8479e-13 
  4.4368e+02    1.0809e-12    1.8483e-13 
  4.4546e+02    1.0837e-12    1.8487e-13 
  4.4725e+02    1.0865e-12    1.8491e-13 
  4.4904e+02    1.0893e-12    1.8495e-13 
  4.5084e+02    1.0922e-12    1.8499e-13 
  4.5265e+02    1.0950e-12    1.8503e-13 
  4.5447e+02    1.0979e-12    1.8506e-13 
  4.5629e+02    1.1007e-12    1.8510e-13 
  4.5812e+02    1.1035e-12    1.8514e-13 
  4.5996e+02    1.1064e-12    1.8517e-13 
  4.6181e+02    1.1093e-12    1.8520e-13 
  4.6366e+02    1.1121e-12    1.8524e-13 
  4.6552e+02    1.1150e-12    1.8527e-13 
  4.6739e+02    1.1178e-12    1.8530e-13 
  4.6927e+02    1.1207e-12    1.8534e-13 
  4.7115e+02    1.1236e-12    1.8537e-13 
  4.7304e+02    1.1265e-12    1.8540e-13 
  4.7494e+02    1.1294e-12    1.8543e-13 
  4.7685e+02    1.1322e-12    1.8546e-13 
  4.7876e+02    1.1351e-12    1.8549e-13 
  4.8068e+02    1.1380e-12    1.8552e-13 
  4.8261e+02    1.1409e-12    1.8554e-13 
  4.8455e+02    1.1438e-12    1.8557e-13 
  4.8649e+02    1.1467e-12    1.8560e-13 
  4.8844e+02    1.1496e-12    1.8562e-13 
  4.9040e+02    1.1525e-12    1.8565e-13 
  4.9237e+02    1.1555e-12    1.8568e-13 
  4.9435e+02    1.1584e-12    1.8570e-13 
  4.9633e+02    1.1613e-12    1.8572e-13 
  4.9832e+02    1.1642e-12    1.8575e-13 
  5.0032e+02    1.1672e-12    1.8577e-13 
  5.0233e+02    1.1701e-12    1.8579e-13 
  5.0435e+02    1.1730e-12    1.8582e-13 
  5.0637e+02    1.1760e-12    1.8584e-13 
  5.0840e+02    1.1789e-12    1.8586e-13 
  5.1044e+02    1.1819e-12    1.8588e-13 
  5.1249e+02    1.1848e-12    1.8590e-13 
  5.1455e+02    1.1878e-12    1.8592e-13 
  5.1661e+02    1.1907e-12    1.8594e-13 
  5.1869e+02    1.1937e-12    1.8596e-13 
  5.2077e+02    1.1967e-12    1.8597e-13 
  5.2286e+02    1.1996e-12    1.8599e-13 
  5.2496e+02    1.2026e-12    1.8601e-13 
  5.2706e+02    1.2056e-12    1.8602e-13 
  5.2918e+02    1.2086e-12    1.8604e-13 
  5.3130e+02    1.2115e-12    1.8606e-13 
  5.3344e+02    1.2145e-12    1.8607e-13 
  5.3558e+02    1.2175e-12    1.8609e-13 
  5.3773e+02    1.2205e-12    1.8610e-13 
  5.3988e+02    1.2235e-12    1.8611e-13 
  5.4205e+02    1.2265e-12    1.8613e-13 
  5.4423e+02    1.2295e-12    1.8614e-13 
  5.4641e+02    1.2325e-12    1.8615e-13 
  5.4860e+02    1.2355e-12    1.8616e-13 
  5.5080e+02    1.2385e-12    1.8617e-13 
  5.5301e+02    1.2416e-12    1.8619e-13 
  5.5523e+02    1.2446e-12    1.8620e-13 
  5.5746e+02    1.2476e-12    1.8621e-13 
  5.5970e+02    1.2506e-12    1.8622e-13 
  5.6195e+02    1.2537e-12    1.8623e-13 
  5.6420e+02    1.2567e-12    1.8623e-13 
  5.6647e+02    1.2597e-12    1.8624e-13 
  5.6874e+02    1.2628e-12    1.8625e-13 
  5.7102e+02    1.2658e-12    1.8626e-13 
  5.7331e+02    1.2689e-12    1.8627e-13 
  5.7561e+02    1.2719e-12    1.8627e-13 
  5.7792e+02    1.2750e-12    1.8628e-13 
  5.8024e+02    1.2780e-12    1.8628e-13 
  5.8257e+02    1.2811e-12    1.8629e-13 
  5.8491e+02    1.2841e-12    1.8630e-13 
  5.8726e+02    1.2872e-12    1.8630e-13 
  5.8961e+02    1.2903e-12    1.8630e-13 
  5.9198e+02    1.2933e-12    1.8631e-13 
  5.9436e+02    1.2964e-12    1.8631e-13 
  5.9674e+02    1.2995e-12    1.8632e-13 
  5.9914e+02    1.3026e-12    1.8632e-13 
  6.0154e+02    1.3057e-12    1.8632e-13 
  6.0395e+02    1.3088e-12    1.8632e-13 
  6.0638e+02    1.3118e-12    1.8633e-13 
  6.0881e+02    1.3149e-12    1.8633e-13 
  6.1126e+02    1.3180e-12    1.8633e-13 
  6.1371e+02    1.3211e-12    1.8633e-13 
  6.1617e+02    1.3242e-12    1.8633e-13 
  6.1864e+02    1.3273e-12    1.8633e-13 
  6.2113e+02    1.3305e-12    1.8633e-13 
  6.2362e+02    1.3336e-12    1.8633e-13 
  6.2612e+02    1.3367e-12    1.8633e-13 
  6.2863e+02    1.3398e-12    1.8633e-13 
  6.3116e+02    1.3429e-12    1.8633e-13 
  6.3369e+02    1.3460e-12    1.8633e-13 
  6.3623e+02    1.3492e-12    1.8632e-13 
  6.3879e+02    1.3523e-12    1.8632e-13 
  6.4135e+02    1.3554e-12    1.8632e-13 
  6.4392e+02    1.3586e-12    1.8632e-13 
  6.4651e+02    1.3617e-12    1.8631e-13 
  6.4910e+02    1.3648e-12    1.8631e-13 
  6.5171e+02    1.3680e-12    1.8631e-13 
  6.5432e+02    1.3711e-12    1.8630e-13 
  6.5695e+02    1.3743e-12    1.8630e-13 
  6.5959e+02    1.3774e-12    1.8630e-13 
  6.6223e+02    1.3806e-12    1.8629e-13 
  6.6489e+02    1.3837e-12    1.8629e-13 
  6.6756e+02    1.3869e-12    1.8628e-13 
  6.7024e+02    1.3901e-12    1.8628e-13 
  6.7293e+02    1.3932e-12    1.8627e-13 
  6.7563e+02    1.3964e-12    1.8627e-13 
  6.7834e+02    1.3996e-12    1.8626e-13 
  6.8106e+02    1.4027e-12    1.8625e-13 
  6.8380e+02    1.4059e-12    1.8625e-13 
  6.8654e+02    1.4091e-12    1.8624e-13 
  6.8930e+02    1.4123e-12    1.8624e-13 
  6.9206e+02    1.4155e-12    1.8623e-13 
  6.9484e+02    1.4186e-12    1.8622e-13 
  6.9763e+02    1.4218e-12    1.8621e-13 
  7.0043e+02    1.4250e-12    1.8621e-13 
  7.0324e+02    1.4282e-12    1.8620e-13 
  7.0606e+02    1.4314e-12    1.8619e-13 
  7.0889e+02    1.4346e-12    1.8618e-13 
  7.1174e+02    1.4378e-12    1.8618e-13 
  7.1460e+02    1.4410e-12    1.8617e-13 
  7.1746e+02    1.4442e-12    1.8616e-13 
  7.2034e+02    1.4474e-12    1.8615e-13 
  7.2323e+02    1.4507e-12    1.8614e-13 
  7.2614e+02    1.4539e-12    1.8614e-13 
  7.2905e+02    1.4571e-12    1.8613e-13 
  7.3198e+02    1.4603e-12    1.8612e-13 
  7.3491e+02    1.4635e-12    1.8611e-13 
  7.3786e+02    1.4667e-12    1.8610e-13 
  7.4082e+02    1.4700e-12    1.8609e-13 
  7.4380e+02    1.4732e-12    1.8608e-13 
  7.4678e+02    1.4764e-12    1.8607e-13 
  7.4978e+02    1.4797e-12    1.8606e-13 
  7.5279e+02    1.4829e-12    1.8606e-13 
  7.5581e+02    1.4861e-12    1.8605e-13 
  7.5884e+02    1.4894e-12    1.8604e-13 
  7.6189e+02    1.4926e-12    1.8603e-13 
  7.6495e+02    1.4959e-12    1.8602e-13 
  7.6802e+02    1.4991e-12    1.8601e-13 
  7.7110e+02    1.5024e-12    1.8600e-13 
  7.7419e+02    1.5056e-12    1.8599e-13 
  7.7730e+02    1.5089e-12    1.8598e-13 
  7.8042e+02    1.5121e-12    1.8597e-13 
  7.8355e+02    1.5154e-12    1.8596e-13 
  7.8670e+02    1.5186e-12    1.8595e-13 
  7.8985e+02    1.5219e-12    1.8594e-13 
  7.9302e+02    1.5252e-12    1.8593e-13 
  7.9621e+02    1.5284e-12    1.8592e-13 
  7.9940e+02    1.5317e-12    1.8591e-13 
  8.0261e+02    1.5350e-12    1.8590e-13 
  8.0583e+02    1.5382e-12    1.8589e-13 
  8.0906e+02    1.5415e-12    1.8588e-13 
  8.1231e+02    1.5448e-12    1.8588e-13 
  8.1557e+02    1.5481e-12    1.8587e-13 
  8.1884e+02    1.5513e-12    1.8586e-13 
  8.2213e+02    1.5546e-12    1.8585e-13 
  8.2543e+02    1.5579e-12    1.8584e-13 
  8.2874e+02    1.5612e-12    1.8583e-13 
  8.3207e+02    1.5645e-12    1.8582e-13 
  8.3541e+02    1.5678e-12    1.8581e-13 
  8.3876e+02    1.5711e-12    1.8580e-13 
  8.4213e+02    1.5743e-12    1.8579e-13 
  8.4551e+02    1.5776e-12    1.8579e-13 
  8.4890e+02    1.5809e-12    1.8578e-13 
  8.5231e+02    1.5842e-12    1.8577e-13 
  8.5573e+02    1.5875e-12    1.8576e-13 
  8.5916e+02    1.5908e-12    1.8575e-13 
  8.6261e+02    1.5941e-12    1.8574e-13 
  8.6607e+02    1.5974e-12    1.8574e-13 
  8.6955e+02    1.6007e-12    1.8573e-13 
  8.7304e+02    1.6041e-12    1.8572e-13 
  8.7654e+02    1.6074e-12    1.8571e-13 
  8.8006e+02    1.6107e-12    1.8571e-13 
  8.8359e+02    1.6140e-12    1.8570e-13 
  8.8713e+02    1.6173e-12    1.8569e-13 
  8.9069e+02    1.6206e-12    1.8569e-13 
  8.9427e+02    1.6239e-12    1.8568e-13 
  8.9786e+02    1.6273e-12    1.8567e-13 
  9.0146e+02    1.6306e-12    1.8567e-13 
  9.0508e+02    1.6339e-12    1.8566e-13 
  9.0871e+02    1.6372e-12    1.8565e-13 
  9.1236e+02    1.6406e-12    1.8565e-13 
  9.1602e+02    1.6439e-12    1.8564e-13 
  9.1970e+02    1.6472e-12    1.8564e-13 
  9.2339e+02    1.6505e-12    1.8563e-13 
  9.2709e+02    1.6539e-12    1.8563e-13 
  9.3081e+02    1.6572e-12    1.8563e-13 
  9.3455e+02    1.6605e-12    1.8562e-13 
  9.3830e+02    1.6639e-12    1.8562e-13 
  9.4207e+02    1.6672e-12    1.8561e-13 
  9.4585e+02    1.6705e-12    1.8561e-13 
  9.4964e+02    1.6739e-12    1.8561e-13 
  9.5345e+02    1.6772e-12    1.8560e-13 
  9.5728e+02    1.6806e-12    1.8560e-13 
  9.6112e+02    1.6839e-12    1.8560e-13 
  9.6498e+02    1.6872e-12    1.8560e-13 
  9.6885e+02    1.6906e-12    1.8560e-13 
  9.7274e+02    1.6939e-12    1.8560e-13 
  9.7664e+02    1.6973e-12    1.8560e-13 
  9.8056e+02    1.7006e-12    1.8559e-13 
  9.8450e+02    1.7040e-12    1.8559e-13 
  9.8845e+02    1.7073e-12    1.8559e-13 
  9.9242e+02    1.7107e-12    1.8560e-13 
  9.9640e+02    1.7140e-12    1.8560e-13 
  1.0004e+03    1.7174e-12    1.8560e-13 
  1.0044e+03    1.7207e-12    1.8560e-13 
  1.0084e+03    1.7241e-12    1.8560e-13 
  1.0125e+03    1.7275e-12    1.8560e-13 
  1.0166e+03    1.7308e-12    1.8561e-13 
  1.0206e+03    1.7342e-12    1.8561e-13 
  1.0247e+03    1.7375e-12    1.8561e-13 
  1.0288e+03    1.7409e-12    1.8562e-13 
  1.0330e+03    1.7443e-12    1.8562e-13 
  1.0371e+03    1.7476e-12    1.8562e-13 
  1.0413e+03    1.7510e-12    1.8563e-13 
  1.0455e+03    1.7543e-12    1.8564e-13 
  1.0497e+03    1.7577e-12    1.8564e-13 
  1.0539e+03    1.7611e-12    1.8565e-13 
  1.0581e+03    1.7644e-12    1.8565e-13 
  1.0623e+03    1.7678e-12    1.8566e-13 
  1.0666e+03    1.7712e-12    1.8567e-13 
  1.0709e+03    1.7745e-12    1.8568e-13 
  1.0752e+03    1.7779e-12    1.8569e-13 
  1.0795e+03    1.7813e-12    1.8570e-13 
  1.0838e+03    1.7846e-12    1.8571e-13 
  1.0882e+03    1.7880e-12    1.8572e-13 
  1.0925e+03    1.7914e-12    1.8573e-13 
  1.0969e+03    1.7948e-12    1.8574e-13 
  1.1013e+03    1.7981e-12    1.8575e-13 
  1.1058e+03    1.8015e-12    1.8576e-13 
  1.1102e+03    1.8049e-12    1.8577e-13 
  1.1146e+03    1.8082e-12    1.8579e-13 
  1.1191e+03    1.8116e-12    1.8580e-13 
  1.1236e+03    1.8150e-12    1.8581e-13 
  1.1281e+03    1.8184e-12    1.8583e-13 
  1.1326e+03    1.8217e-12    1.8584e-13 
  1.1372e+03    1.8251e-12    1.8586e-13 
  1.1418e+03    1.8285e-12    1.8588e-13 
  1.1463e+03    1.8319e-12    1.8589e-13 
  1.1509e+03    1.8352e-12    1.8591e-13 
  1.1556e+03    1.8386e-12    1.8593e-13 
  1.1602e+03    1.8420e-12    1.8595e-13 
  1.1649e+03    1.8454e-12    1.8596e-13 
  1.1695e+03    1.8488e-12    1.8598e-13 
  1.1742e+03    1.8521e-12    1.8600e-13 
  1.1789e+03    1.8555e-12    1.8603e-13 
  1.1837e+03    1.8589e-12    1.8605e-13 
  1.1884e+03    1.8623e-12    1.8607e-13 
  1.1932e+03    1.8656e-12    1.8609e-13 
  1.1980e+03    1.8690e-12    1.8611e-13 
  1.2028e+03    1.8724e-12    1.8614e-13 
  1.2076e+03    1.8758e-12    1.8616e-13 
  1.2125e+03    1.8792e-12    1.8619e-13 
  1.2173e+03    1.8825e-12    1.8621e-13 
  1.2222e+03    1.8859e-12    1.8624e-13 
  1.2271e+03    1.8893e-12    1.8627e-13 
  1.2320e+03    1.8927e-12    1.8629e-13 
  1.2370e+03    1.8960e-12    1.8632e-13 
  1.2419e+03    1.8994e-12    1.8635e-13 
  1.2469e+03    1.9028e-12    1.8638e-13 
  1.2519e+03    1.9062e-12    1.8641e-13 
  1.2570e+03    1.9096e-12    1.8644e-13 
  1.2620e+03    1.9129e-12    1.8647e-13 
  1.2671e+03    1.9163e-12    1.8651e-13 
  1.2721e+03    1.9197e-12    1.8654e-13 
  1.2773e+03    1.9231e-12    1.8657e-13 
  1.2824e+03    1.9264e-12    1.8661e-13 
  1.2875e+03    1.9298e-12    1.8664e-13 
  1.2927e+03    1.9332e-12    1.8668e-13 
  1.2979e+03    1.9366e-12    1.8671e-13 
  1.3031e+03    1.9399e-12    1.8675e-13 
  1.3083e+03    1.9433e-12    1.8679e-13 
  1.3136e+03    1.9467e-12    1.8683e-13 
  1.3188e+03    1.9501e-12    1.8687e-13 
  1.3241e+03    1.9534e-12    1.8691e-13 
  1.3294e+03    1.9568e-12    1.8695e-13 
  1.3348e+03    1.9602e-12    1.8699e-13 
  1.3401e+03    1.9636e-12    1.8703e-13 
  1.3455e+03    1.9669e-12    1.8707e-13 
  1.3509e+03    1.9703e-12    1.8712e-13 
  1.3563e+03    1.9737e-12    1.8716e-13 
  1.3618e+03    1.9770e-12    1.8721e-13 
  1.3673e+03    1.9804e-12    1.8725e-13 
  1.3727e+03    1.9838e-12    1.8730e-13 
  1.3782e+03    1.9871e-12    1.8735e-13 
  1.3838e+03    1.9905e-12    1.8739e-13 
  1.3893e+03    1.9939e-12    1.8744e-13 
  1.3949e+03    1.9972e-12    1.8749e-13 
  1.4005e+03    2.0006e-12    1.8754e-13 
  1.4061e+03    2.0040e-12    1.8759e-13 
  1.4118e+03    2.0073e-12    1.8765e-13 
  1.4174e+03    2.0107e-12    1.8770e-13 
  1.4231e+03    2.0141e-12    1.8775e-13 
  1.4288e+03    2.0174e-12    1.8781e-13 
  1.4346e+03    2.0208e-12    1.8786e-13 
  1.4403e+03    2.0241e-12    1.8792e-13 
  1.4461e+03    2.0275e-12    1.8798e-13 
  1.4519e+03    2.0308e-12    1.8803e-13 
  1.4577e+03    2.0342e-12    1.8809e-13 
  1.4636e+03    2.0376e-12    1.8815e-13 
  1.4695e+03    2.0409e-12    1.8821e-13 
  1.4754e+03    2.0443e-12    1.8827e-13 
  1.4813e+03    2.0476e-12    1.8833e-13 
  1.4872e+03    2.0510e-12    1.8840e-13 
  1.4932e+03    2.0543e-12    1.8846e-13 
  1.4992e+03    2.0577e-12    1.8853e-13 
  1.5052e+03    2.0610e-12    1.8859e-13 
  1.5112e+03    2.0643e-12    1.8866e-13 
  1.5173e+03    2.0677e-12    1.8872e-13 
  1.5234e+03    2.0710e-12    1.8879e-13 
  1.5295e+03    2.0744e-12    1.8886e-13 
  1.5356e+03    2.0777e-12    1.8893e-13 
  1.5418e+03    2.0811e-12    1.8900e-13 
  1.5480e+03    2.0844e-12    1.8907e-13 
  1.5542e+03    2.0877e-12    1.8914e-13 
  1.5604e+03    2.0911e-12    1.8922e-13 
  1.5667e+03    2.0944e-12    1.8929e-13 
  1.5730e+03    2.0977e-12    1.8936e-13 
  1.5793e+03    2.1011e-12    1.8944e-13 
  1.5856e+03    2.1044e-12    1.8952e-13 
  1.5920e+03    2.1077e-12    1.8959e-13 
  1.5984e+03    2.1110e-12    1.8967e-13 
  1.6048e+03    2.1144e-12    1.8975e-13 
  1.6113e+03    2.1177e-12    1.8983e-13 
  1.6177e+03    2.1210e-12    1.8991e-13 
  1.6242e+03    2.1243e-12    1.8999e-13 
  1.6307e+03    2.1276e-12    1.9008e-13 
  1.6373e+03    2.1310e-12    1.9016e-13 
  1.6438e+03    2.1343e-12    1.9025e-13 
  1.6504e+03    2.1376e-12    1.9033e-13 
  1.6571e+03    2.1409e-12    1.9042e-13 
  1.6637e+03    2.1442e-12    1.9050e-13 
  1.6704e+03    2.1475e-12    1.9059e-13 
  1.6771e+03    2.1508e-12    1.9068e-13 
  1.6838e+03    2.1541e-12    1.9077e-13 
  1.6906e+03    2.1574e-12    1.9086e-13 
  1.6974e+03    2.1607e-12    1.9095e-13 
  1.7042e+03    2.1640e-12    1.9105e-13 
  1.7110e+03    2.1673e-12    1.9114e-13 
  1.7179e+03    2.1706e-12    1.9124e-13 
  1.7248e+03    2.1739e-12    1.9133e-13 
  1.7317e+03    2.1772e-12    1.9143e-13 
  1.7387e+03    2.1805e-12    1.9152e-13 
  1.7456e+03    2.1837e-12    1.9162e-13 
  1.7526e+03    2.1870e-12    1.9172e-13 
  1.7597e+03    2.1903e-12    1.9182e-13 
  1.7667e+03    2.1936e-12    1.9192e-13 
  1.7738e+03    2.1969e-12    1.9203e-13 
  1.7809e+03    2.2001e-12    1.9213e-13 
  1.7881e+03    2.2034e-12    1.9223e-13 
  1.7953e+03    2.2067e-12    1.9234e-13 
  1.8025e+03    2.2099e-12    1.9244e-13 
  1.8097e+03    2.2132e-12    1.9255e-13 
  1.8170e+03    2.2165e-12    1.9266e-13 
  1.8243e+03    2.2197e-12    1.9277e-13 
  1.8316e+03    2.2230e-12    1.9288e-13 
  1.8389e+03    2.2262e-12    1.9299e-13 
  1.8463e+03    2.2295e-12    1.9310e-13 
  1.8537e+03    2.2327e-12    1.9321e-13 
  1.8612e+03    2.2360e-12    1.9332e-13 
  1.8686e+03    2.2392e-12    1.9344e-13 
  1.8761e+03    2.2425e-12    1.9355e-13 
  1.8837e+03    2.2457e-12    1.9367e-13 
  1.8912e+03    2.2490e-12    1.9379e-13 
  1.8988e+03    2.2522e-12    1.9391e-13 
  1.9064e+03    2.2554e-12    1.9403e-13 
  1.9141e+03    2.2587e-12    1.9415e-13 
  1.9218e+03    2.2619e-12    1.9427e-13 
  1.9295e+03    2.2651e-12    1.9439e-13 
  1.9372e+03    2.2683e-12    1.9451e-13 
  1.9450e+03    2.2716e-12    1.9464e-13 
  1.9528e+03    2.2748e-12    1.9476e-13 
  1.9606e+03    2.2780e-12    1.9489e-13 
  1.9685e+03    2.2812e-12    1.9501e-13 
  1.9764e+03    2.2844e-12    1.9514e-13 
  1.9843e+03    2.2876e-12    1.9527e-13 
  1.9923e+03    2.2908e-12    1.9540e-13 
  2.0003e+03    2.2940e-12    1.9553e-13 
  2.0083e+03    2.2972e-12    1.9566e-13 
  2.0164e+03    2.3004e-12    1.9580e-13 
  2.0245e+03    2.3036e-12    1.9593e-13 
  2.0326e+03    2.3068e-12    1.9606e-13 
  2.0408e+03    2.3100e-12    1.9620e-13 
  2.0489e+03    2.3131e-12    1.9634e-13 
  2.0572e+03    2.3163e-12    1.9647e-13 
  2.0654e+03    2.3195e-12    1.9661e-13 
  2.0737e+03    2.3227e-12    1.9675e-13 
  2.0820e+03    2.3258e-12    1.9689e-13 
  2.0904e+03    2.3290e-12    1.9703e-13 
  2.0988e+03    2.3322e-12    1.9718e-13 
  2.1072e+03    2.3353e-12    1.9732e-13 
  2.1157e+03    2.3385e-12    1.9746e-13 
  2.1242e+03    2.3416e-12    1.9761e-13 
  2.1327e+03    2.3448e-12    1.9776e-13 
  2.1412e+03    2.3479e-12    1.9790e-13 
  2.1498e+03    2.3511e-12    1.9805e-13 
  2.1585e+03    2.3542e-12    1.9820e-13 
  2.1671e+03    2.3573e-12    1.9835e-13 
  2.1758e+03    2.3605e-12    1.9850e-13 
  2.1845e+03    2.3636e-12    1.9865e-13 
  2.1933e+03    2.3667e-12    1.9881e-13 
  2.2021e+03    2.3698e-12    1.9896e-13 
  2.2110e+03    2.3729e-12    1.9912e-13 
  2.2198e+03    2.3761e-12    1.9927e-13 
  2.2287e+03    2.3792e-12    1.9943e-13 
  2.2377e+03    2.3823e-12    1.9959e-13 
  2.2467e+03    2.3854e-12    1.9975e-13 
  2.2557e+03    2.3885e-12    1.9991e-13 
  2.2647e+03    2.3916e-12    2.0007e-13 
  2.2738e+03    2.3947e-12    2.0023e-13 
  2.2829e+03    2.3978e-12    2.0039e-13 
  2.2921e+03    2.4008e-12    2.0056e-13 
  2.3013e+03    2.4039e-12    2.0072e-13 
  2.3105e+03    2.4070e-12    2.0089e-13 
  2.3198e+03    2.4101e-12    2.0105e-13 
  2.3291e+03    2.4131e-12    2.0122e-13 
  2.3385e+03    2.4162e-12    2.0139e-13 
  2.3479e+03    2.4193e-12    2.0156e-13 
  2.3573e+03    2.4223e-12    2.0173e-13 
  2.3667e+03    2.4254e-12    2.0190e-13 
  2.3762e+03    2.4284e-12    2.0207e-13 
  2.3858e+03    2.4315e-12    2.0225e-13 
  2.3953e+03    2.4345e-12    2.0242e-13 
  2.4050e+03    2.4376e-12    2.0260e-13 
  2.4146e+03    2.4406e-12    2.0277e-13 
  2.4243e+03    2.4436e-12    2.0295e-13 
  2.4340e+03    2.4466e-12    2.0313e-13 
  2.4438e+03    2.4497e-12    2.0331e-13 
  2.4536e+03    2.4527e-12    2.0349e-13 
  2.4635e+03    2.4557e-12    2.0367e-13 
  2.4733e+03    2.4587e-12    2.0385e-13 
  2.4833e+03    2.4617e-12    2.0404e-13 
  2.4932e+03    2.4647e-12    2.0422e-13 
  2.5032e+03    2.4677e-12    2.0441e-13 
  2.5133e+03    2.4707e-12    2.0459e-13 
  2.5234e+03    2.4737e-12    2.0478e-13 
  2.5335e+03    2.4767e-12    2.0497e-13 
  2.5437e+03    2.4796e-12    2.0516e-13 
  2.5539e+03    2.4826e-12    2.0535e-13 
  2.5641e+03    2.4856e-12    2.0554e-13 
  2.5744e+03    2.4885e-12    2.0573e-13 
  2.5847e+03    2.4915e-12    2.0592e-13 
  2.5951e+03    2.4944e-12    2.0611e-13 
  2.6055e+03    2.4974e-12    2.0631e-13 
  2.6160e+03    2.5003e-12    2.0650e-13 
  2.6265e+03    2.5033e-12    2.0670e-13 
  2.6370e+03    2.5062e-12    2.0690e-13 
  2.6476e+03    2.5092e-12    2.0710e-13 
  2.6582e+03    2.5121e-12    2.0730e-13 
  2.6689e+03    2.5150e-12    2.0750e-13 
  2.6796e+03    2.5179e-12    2.0770e-13 
  2.6904e+03    2.5208e-12    2.0790e-13 
  2.7012e+03    2.5237e-12    2.0810e-13 
  2.7120e+03    2.5266e-12    2.0831e-13 
  2.7229e+03    2.5295e-12    2.0851e-13 
  2.7338e+03    2.5324e-12    2.0872e-13 
  2.7448e+03    2.5353e-12    2.0893e-13 
  2.7558e+03    2.5382e-12    2.0913e-13 
  2.7669e+03    2.5411e-12    2.0934e-13 
  2.7780e+03    2.5440e-12    2.0955e-13 
  2.7891e+03    2.5468e-12    2.0976e-13 
  2.8003e+03    2.5497e-12    2.0998e-13 
  2.8115e+03    2.5526e-12    2.1019e-13 
  2.8228e+03    2.5554e-12    2.1040e-13 
  2.8342e+03    2.5583e-12    2.1062e-13 
  2.8455e+03    2.5611e-12    2.1083e-13 
  2.8570e+03    2.5639e-12    2.1105e-13 
  2.8684e+03    2.5668e-12    2.1127e-13 
  2.8799e+03    2.5696e-12    2.1149e-13 
  2.8915e+03    2.5724e-12    2.1171e-13 
  2.9031e+03    2.5752e-12    2.1193e-13 
  2.9147e+03    2.5781e-12    2.1215e-13 
  2.9264e+03    2.5809e-12    2.1237e-13 
  2.9382e+03    2.5837e-12    2.1259e-13 
  2.9500e+03    2.5865e-12    2.1282e-13 
  2.9618e+03    2.5893e-12    2.1304e-13 
  2.9737e+03    2.5920e-12    2.1327e-13 
  2.9856e+03    2.5948e-12    2.1349e-13 
  2.9976e+03    2.5976e-12    2.1372e-13 
  3.0096e+03    2.6004e-12    2.1395e-13 
  3.0217e+03    2.6031e-12    2.1418e-13 
  3.0339e+03    2.6059e-12    2.1441e-13 
  3.0460e+03    2.6086e-12    2.1464e-13 
  3.0583e+03    2.6114e-12    2.1488e-13 
  3.0705e+03    2.6141e-12    2.1511e-13 
  3.0828e+03    2.6169e-12    2.1534e-13 
  3.0952e+03    2.6196e-12    2.1558e-13 
  3.1076e+03    2.6223e-12    2.1582e-13 
  3.1201e+03    2.6250e-12    2.1605e-13 
  3.1326e+03    2.6278e-12    2.1629e-13 
  3.1452e+03    2.6305e-12    2.1653e-13 
  3.1578e+03    2.6332e-12    2.1677e-13 
  3.1705e+03    2.6359e-12    2.1701e-13 
  3.1832e+03    2.6386e-12    2.1725e-13 
  3.1960e+03    2.6412e-12    2.1750e-13 
  3.2088e+03    2.6439e-12    2.1774e-13 
  3.2217e+03    2.6466e-12    2.1798e-13 
  3.2346e+03    2.6493e-12    2.1823e-13 
  3.2476e+03    2.6519e-12    2.1848e-13 
  3.2607e+03    2.6546e-12    2.1872e-13 
  3.2737e+03    2.6572e-12    2.1897e-13 
  3.2869e+03    2.6599e-12    2.1922e-13 
  3.3001e+03    2.6625e-12    2.1947e-13 
  3.3133e+03    2.6651e-12    2.1972e-13 
  3.3266e+03    2.6678e-12    2.1998e-13 
  3.3400e+03    2.6704e-12    2.2023e-13 
  3.3534e+03    2.6730e-12    2.2048e-13 
  3.3668e+03    2.6756e-12    2.2074e-13 
  3.3803e+03    2.6782e-12    2.2099e-13 
  3.3939e+03    2.6808e-12    2.2125e-13 
  3.4075e+03    2.6834e-12    2.2151e-13 
  3.4212e+03    2.6860e-12    2.2177e-13 
  3.4349e+03    2.6886e-12    2.2203e-13 
  3.4487e+03    2.6911e-12    2.2229e-13 
  3.4625e+03    2.6937e-12    2.2255e-13 
  3.4764e+03    2.6963e-12    2.2281e-13 
  3.4904e+03    2.6988e-12    2.2308e-13 
  3.5044e+03    2.7014e-12    2.2334e-13 
  3.5185e+03    2.7039e-12    2.2361e-13 
  3.5326e+03    2.7064e-12    2.2387e-13 
  3.5468e+03    2.7090e-12    2.2414e-13 
  3.5610e+03    2.7115e-12    2.2441e-13 
  3.5753e+03    2.7140e-12    2.2468e-13 
  3.5896e+03    2.7165e-12    2.2495e-13 
  3.6040e+03    2.7190e-12    2.2522e-13 
  3.6185e+03    2.7215e-12    2.2549e-13 
  3.6330e+03    2.7240e-12    2.2576e-13 
  3.6476e+03    2.7265e-12    2.2604e-13 
  3.6622e+03    2.7289e-12    2.2631e-13 
  3.6769e+03    2.7314e-12    2.2659e-13 
  3.6917e+03    2.7339e-12    2.2687e-13 
  3.7065e+03    2.7363e-12    2.2714e-13 
  3.7214e+03    2.7388e-12    2.2742e-13 
  3.7363e+03    2.7412e-12    2.2770e-13 
  3.7513e+03    2.7437e-12    2.2798e-13 
  3.7664e+03    2.7461e-12    2.2826e-13 
  3.7815e+03    2.7485e-12    2.2855e-13 
  3.7967e+03    2.7509e-12    2.2883e-13 
  3.8119e+03    2.7533e-12    2.2912e-13 
  3.8272e+03    2.7557e-12    2.2940e-13 
  3.8426e+03    2.7581e-12    2.2969e-13 
  3.8580e+03    2.7605e-12    2.2997e-13 
  3.8735e+03    2.7629e-12    2.3026e-13 
  3.8890e+03    2.7653e-12    2.3055e-13 
  3.9046e+03    2.7676e-12    2.3084e-13 
  3.9203e+03    2.7700e-12    2.3113e-13 
  3.9360e+03    2.7723e-12    2.3143e-13 
  3.9518e+03    2.7747e-12    2.3172e-13 
  3.9677e+03    2.7770e-12    2.3201e-13 
  3.9836e+03    2.7794e-12    2.3231e-13 
  3.9996e+03    2.7817e-12    2.3260e-13 
  4.0156e+03    2.7840e-12    2.3290e-13 
  4.0318e+03    2.7863e-12    2.3320e-13 
  4.0479e+03    2.7886e-12    2.3350e-13 
  4.0642e+03    2.7909e-12    2.3380e-13 
  4.0805e+03    2.7932e-12    2.3410e-13 
  4.0969e+03    2.7955e-12    2.3440e-13 
  4.1133e+03    2.7978e-12    2.3470e-13 
  4.1298e+03    2.8000e-12    2.3501e-13 
  4.1464e+03    2.8023e-12    2.3531e-13 
  4.1630e+03    2.8045e-12    2.3562e-13 
  4.1797e+03    2.8068e-12    2.3593e-13 
  4.1965e+03    2.8090e-12    2.3623e-13 
  4.2134e+03    2.8113e-12    2.3654e-13 
  4.2303e+03    2.8135e-12    2.3685e-13 
  4.2472e+03    2.8157e-12    2.3716e-13 
  4.2643e+03    2.8179e-12    2.3748e-13 
  4.2814e+03    2.8201e-12    2.3779e-13 
  4.2986e+03    2.8223e-12    2.3810e-13 
  4.3158e+03    2.8245e-12    2.3842e-13 
  4.3332e+03    2.8267e-12    2.3873e-13 
  4.3505e+03    2.8289e-12    2.3905e-13 
  4.3680e+03    2.8310e-12    2.3937e-13 
  4.3855e+03    2.8332e-12    2.3969e-13 
  4.4031e+03    2.8353e-12    2.4001e-13 
  4.4208e+03    2.8375e-12    2.4033e-13 
  4.4385e+03    2.8396e-12    2.4065e-13 
  4.4564e+03    2.8417e-12    2.4097e-13 
  4.4742e+03    2.8439e-12    2.4130e-13 
  4.4922e+03    2.8460e-12    2.4162e-13 
  4.5102e+03    2.8481e-12    2.4195e-13 
  4.5283e+03    2.8502e-12    2.4227e-13 
  4.5465e+03    2.8523e-12    2.4260e-13 
  4.5647e+03    2.8543e-12    2.4293e-13 
  4.5831e+03    2.8564e-12    2.4326e-13 
  4.6015e+03    2.8585e-12    2.4359e-13 
  4.6199e+03    2.8605e-12    2.4393e-13 
  4.6385e+03    2.8626e-12    2.4426e-13 
  4.6571e+03    2.8646e-12    2.4459e-13 
  4.6758e+03    2.8667e-12    2.4493e-13 
  4.6945e+03    2.8687e-12    2.4526e-13 
  4.7134e+03    2.8707e-12    2.4560e-13 
  4.7323e+03    2.8727e-12    2.4594e-13 
  4.7513e+03    2.8747e-12    2.4628e-13 
  4.7704e+03    2.8767e-12    2.4662e-13 
  4.7895e+03    2.8787e-12    2.4696e-13 
  4.8087e+03    2.8807e-12    2.4731e-13 
  4.8280e+03    2.8827e-12    2.4765e-13 
  4.8474e+03    2.8846e-12    2.4799e-13 
  4.8668e+03    2.8866e-12    2.4834e-13 
  4.8864e+03    2.8885e-12    2.4869e-13 
  4.9060e+03    2.8905e-12    2.4904e-13 
  4.9257e+03    2.8924e-12    2.4938e-13 
  4.9454e+03    2.8943e-12    2.4974e-13 
  4.9653e+03    2.8962e-12    2.5009e-13 
  4.9852e+03    2.8982e-12    2.5044e-13 
  5.0052e+03    2.9001e-12    2.5079e-13 
  5.0253e+03    2.9019e-12    2.5115e-13 
  5.0455e+03    2.9038e-12    2.5150e-13 
  5.0657e+03    2.9057e-12    2.5186e-13 
  5.0861e+03    2.9076e-12    2.5222e-13 
  5.1065e+03    2.9094e-12    2.5258e-13 
  5.1270e+03    2.9113e-12    2.5294e-13 
  5.1475e+03    2.9131e-12    2.5330e-13 
  5.1682e+03    2.9150e-12    2.5366e-13 
  5.1889e+03    2.9168e-12    2.5402e-13 
  5.2098e+03    2.9186e-12    2.5439e-13 
  5.2307e+03    2.9204e-12    2.5475e-13 
  5.2517e+03    2.9222e-12    2.5512e-13 
  5.2727e+03    2.9240e-12    2.5549e-13 
  5.2939e+03    2.9258e-12    2.5586e-13 
  5.3151e+03    2.9276e-12    2.5623e-13 
  5.3365e+03    2.9293e-12    2.5660e-13 
  5.3579e+03    2.9311e-12    2.5697e-13 
  5.3794e+03    2.9328e-12    2.5735e-13 
  5.4010e+03    2.9346e-12    2.5772e-13 
  5.4227e+03    2.9363e-12    2.5810e-13 
  5.4444e+03    2.9380e-12    2.5847e-13 
  5.4663e+03    2.9398e-12    2.5885e-13 
  5.4882e+03    2.9415e-12    2.5923e-13 
  5.5102e+03    2.9432e-12    2.5961e-13 
  5.5323e+03    2.9449e-12    2.5999e-13 
  5.5545e+03    2.9465e-12    2.6038e-13 
  5.5768e+03    2.9482e-12    2.6076e-13 
  5.5992e+03    2.9499e-12    2.6115e-13 
  5.6217e+03    2.9515e-12    2.6153e-13 
  5.6443e+03    2.9532e-12    2.6192e-13 
  5.6669e+03    2.9548e-12    2.6231e-13 
  5.6896e+03    2.9565e-12    2.6270e-13 
  5.7125e+03    2.9581e-12    2.6309e-13 
  5.7354e+03    2.9597e-12    2.6348e-13 
  5.7584e+03    2.9613e-12    2.6388e-13 
  5.7815e+03    2.9629e-12    2.6427e-13 
  5.8047e+03    2.9645e-12    2.6467e-13 
  5.8280e+03    2.9661e-12    2.6506e-13 
  5.8514e+03    2.9676e-12    2.6546e-13 
  5.8749e+03    2.9692e-12    2.6586e-13 
  5.8985e+03    2.9707e-12    2.6626e-13 
  5.9222e+03    2.9723e-12    2.6667e-13 
  5.9459e+03    2.9738e-12    2.6707e-13 
  5.9698e+03    2.9753e-12    2.6747e-13 
  5.9937e+03    2.9769e-12    2.6788e-13 
  6.0178e+03    2.9784e-12    2.6829e-13 
  6.0419e+03    2.9799e-12    2.6869e-13 
  6.0662e+03    2.9814e-12    2.6910e-13 
  6.0905e+03    2.9828e-12    2.6951e-13 
  6.1150e+03    2.9843e-12    2.6993e-13 
  6.1395e+03    2.9858e-12    2.7034e-13 
  6.1642e+03    2.9872e-12    2.7075e-13 
  6.1889e+03    2.9887e-12    2.7117e-13 
  6.2137e+03    2.9901e-12    2.7159e-13 
  6.2387e+03    2.9915e-12    2.7200e-13 
  6.2637e+03    2.9930e-12    2.7242e-13 
  6.2888e+03    2.9944e-12    2.7284e-13 
  6.3141e+03    2.9958e-12    2.7327e-13 
  6.3394e+03    2.9972e-12    2.7369e-13 
  6.3649e+03    2.9985e-12    2.7411e-13 
  6.3904e+03    2.9999e-12    2.7454e-13 
  6.4161e+03    3.0013e-12    2.7497e-13 
  6.4418e+03    3.0026e-12    2.7539e-13 
  6.4677e+03    3.0040e-12    2.7582e-13 
  6.4936e+03    3.0053e-12    2.7625e-13 
  6.5197e+03    3.0067e-12    2.7669e-13 
  6.5458e+03    3.0080e-12    2.7712e-13 
  6.5721e+03    3.0093e-12    2.7755e-13 
  6.5985e+03    3.0106e-12    2.7799e-13 
  6.6250e+03    3.0119e-12    2.7843e-13 
  6.6516e+03    3.0132e-12    2.7887e-13 
  6.6782e+03    3.0144e-12    2.7931e-13 
  6.7050e+03    3.0157e-12    2.7975e-13 
  6.7320e+03    3.0170e-12    2.8019e-13 
  6.7590e+03    3.0182e-12    2.8063e-13 
  6.7861e+03    3.0194e-12    2.8108e-13 
  6.8133e+03    3.0207e-12    2.8153e-13 
  6.8407e+03    3.0219e-12    2.8197e-13 
  6.8681e+03    3.0231e-12    2.8242e-13 
  6.8957e+03    3.0243e-12    2.8287e-13 
  6.9234e+03    3.0255e-12    2.8333e-13 
  6.9512e+03    3.0267e-12    2.8378e-13 
  6.9790e+03    3.0278e-12    2.8423e-13 
  7.0071e+03    3.0290e-12    2.8469e-13 
  7.0352e+03    3.0301e-12    2.8515e-13 
  7.0634e+03    3.0313e-12    2.8560e-13 
  7.0918e+03    3.0324e-12    2.8606e-13 
  7.1202e+03    3.0335e-12    2.8653e-13 
  7.1488e+03    3.0347e-12    2.8699e-13 
  7.1775e+03    3.0358e-12    2.8745e-13 
  7.2063e+03    3.0369e-12    2.8792e-13 
  7.2352e+03    3.0380e-12    2.8838e-13 
  7.2642e+03    3.0390e-12    2.8885e-13 
  7.2934e+03    3.0401e-12    2.8932e-13 
  7.3227e+03    3.0412e-12    2.8979e-13 
  7.3521e+03    3.0422e-12    2.9027e-13 
  7.3816e+03    3.0432e-12    2.9074e-13 
  7.4112e+03    3.0443e-12    2.9121e-13 
  7.4409e+03    3.0453e-12    2.9169e-13 
  7.4708e+03    3.0463e-12    2.9217e-13 
  7.5008e+03    3.0473e-12    2.9265e-13 
  7.5309e+03    3.0483e-12    2.9313e-13 
  7.5611e+03    3.0493e-12    2.9361e-13 
  7.5914e+03    3.0503e-12    2.9409e-13 
  7.6219e+03    3.0512e-12    2.9458e-13 
  7.6525e+03    3.0522e-12    2.9506e-13 
  7.6832e+03    3.0531e-12    2.9555e-13 
  7.7140e+03    3.0541e-12    2.9604e-13 
  7.7450e+03    3.0550e-12    2.9653e-13 
  7.7761e+03    3.0559e-12    2.9702e-13 
  7.8073e+03    3.0568e-12    2.9751e-13 
  7.8386e+03    3.0577e-12    2.9801e-13 
  7.8701e+03    3.0586e-12    2.9851e-13 
  7.9017e+03    3.0595e-12    2.9900e-13 
  7.9334e+03    3.0603e-12    2.9950e-13 
  7.9652e+03    3.0612e-12    3.0000e-13 
  7.9972e+03    3.0620e-12    3.0050e-13 
  8.0293e+03    3.0629e-12    3.0101e-13 
  8.0615e+03    3.0637e-12    3.0151e-13 
  8.0938e+03    3.0645e-12    3.0202e-13 
  8.1263e+03    3.0653e-12    3.0252e-13 
  8.1589e+03    3.0661e-12    3.0303e-13 
  8.1917e+03    3.0669e-12    3.0354e-13 
  8.2246e+03    3.0677e-12    3.0405e-13 
  8.2576e+03    3.0685e-12    3.0457e-13 
  8.2907e+03    3.0692e-12    3.0508e-13 
  8.3240e+03    3.0700e-12    3.0560e-13 
  8.3574e+03    3.0707e-12    3.0612e-13 
  8.3909e+03    3.0715e-12    3.0663e-13 
  8.4246e+03    3.0722e-12    3.0715e-13 
  8.4584e+03    3.0729e-12    3.0768e-13 
  8.4924e+03    3.0736e-12    3.0820e-13 
  8.5264e+03    3.0743e-12    3.0872e-13 
  8.5607e+03    3.0750e-12    3.0925e-13 
  8.5950e+03    3.0756e-12    3.0978e-13 
  8.6295e+03    3.0763e-12    3.1031e-13 
  8.6641e+03    3.0770e-12    3.1084e-13 
  8.6989e+03    3.0776e-12    3.1137e-13 
  8.7338e+03    3.0782e-12    3.1190e-13 
  8.7689e+03    3.0789e-12    3.1244e-13 
  8.8041e+03    3.0795e-12    3.1297e-13 
  8.8394e+03    3.0801e-12    3.1351e-13 
  8.8749e+03    3.0807e-12    3.1405e-13 
  8.9105e+03    3.0813e-12    3.1459e-13 
  8.9462e+03    3.0818e-12    3.1513e-13 
  8.9821e+03    3.0824e-12    3.1568e-13 
  9.0182e+03    3.0830e-12    3.1622e-13 
  9.0544e+03    3.0835e-12    3.1677e-13 
  9.0907e+03    3.0840e-12    3.1731e-13 
  9.1272e+03    3.0846e-12    3.1786e-13 
  9.1638e+03    3.0851e-12    3.1841e-13 
  9.2006e+03    3.0856e-12    3.1897e-13 
  9.2375e+03    3.0861e-12    3.1952e-13 
  9.2746e+03    3.0866e-12    3.2008e-13 
  9.3118e+03    3.0870e-12    3.2063e-13 
  9.3492e+03    3.0875e-12    3.2119e-13 
  9.3867e+03    3.0880e-12    3.2175e-13 
  9.4244e+03    3.0884e-12    3.2231e-13 
  9.4622e+03    3.0889e-12    3.2287e-13 
  9.5002e+03    3.0893e-12    3.2344e-13 
  9.5383e+03    3.0897e-12    3.2400e-13 
  9.5766e+03    3.0901e-12    3.2457e-13 
  9.6150e+03    3.0905e-12    3.2514e-13 
  9.6536e+03    3.0909e-12    3.2571e-13 
  9.6924e+03    3.0913e-12    3.2628e-13 
  9.7313e+03    3.0916e-12    3.2685e-13 
  9.7703e+03    3.0920e-12    3.2743e-13 
  9.8095e+03    3.0923e-12    3.2800e-13 
  9.8489e+03    3.0927e-12    3.2858e-13 
  9.8884e+03    3.0930e-12    3.2916e-13 
  9.9281e+03    3.0933e-12    3.2974e-13 
  9.9679e+03    3.0936e-12    3.3032e-13 
  1.0008e+04    3.0939e-12    3.3090e-13 
  1.0048e+04    3.0942e-12    3.3149e-13 
  1.0088e+04    3.0945e-12    3.3207e-13 
  1.0129e+04    3.0948e-12    3.3266e-13 
  1.0170e+04    3.0950e-12    3.3325e-13 
  1.0210e+04    3.0953e-12    3.3384e-13 
  1.0251e+04    3.0955e-12    3.3443e-13 
  1.0293e+04    3.0957e-12    3.3502e-13 
  1.0334e+04    3.0959e-12    3.3562e-13 
  1.0375e+04    3.0961e-12    3.3621e-13 
  1.0417e+04    3.0963e-12    3.3681e-13 
  1.0459e+04    3.0965e-12    3.3741e-13 
  1.0501e+04    3.0967e-12    3.3801e-13 
  1.0543e+04    3.0969e-12    3.3861e-13 
  1.0585e+04    3.0970e-12    3.3921e-13 
  1.0628e+04    3.0972e-12    3.3982e-13 
  1.0670e+04    3.0973e-12    3.4043e-13 
  1.0713e+04    3.0974e-12    3.4103e-13 
  1.0756e+04    3.0976e-12    3.4164e-13 
  1.0799e+04    3.0977e-12    3.4225e-13 
  1.0843e+04    3.0978e-12    3.4286e-13 
  1.0886e+04    3.0979e-12    3.4348e-13 
  1.0930e+04    3.0979e-12    3.4409e-13 
  1.0974e+04    3.0980e-12    3.4471e-13 
  1.1018e+04    3.0981e-12    3.4533e-13 
  1.1062e+04    3.0981e-12    3.4594e-13 
  1.1106e+04    3.0981e-12    3.4657e-13 
  1.1151e+04    3.0982e-12    3.4719e-13 
  1.1196e+04    3.0982e-12    3.4781e-13 
  1.1241e+04    3.0982e-12    3.4843e-13 
  1.1286e+04    3.0982e-12    3.4906e-13 
  1.1331e+04    3.0982e-12    3.4969e-13 
  1.1376e+04    3.0982e-12    3.5032e-13 
  1.1422e+04    3.0981e-12    3.5095e-13 
  1.1468e+04    3.0981e-12    3.5158e-13 
  1.1514e+04    3.0980e-12    3.5221e-13 
  1.1560e+04    3.0980e-12    3.5285e-13 
  1.1607e+04    3.0979e-12    3.5348e-13 
  1.1653e+04    3.0978e-12    3.5412e-13 
  1.1700e+04    3.0977e-12    3.5476e-13 
  1.1747e+04    3.0976e-12    3.5540e-13 
  1.1794e+04    3.0975e-12    3.5604e-13 
  1.1841e+04    3.0974e-12    3.5668e-13 
  1.1889e+04    3.0972e-12    3.5733e-13 
  1.1937e+04    3.0971e-12    3.5797e-13 
  1.1984e+04    3.0969e-12    3.5862e-13 
  1.2033e+04    3.0968e-12    3.5927e-13 
  1.2081e+04    3.0966e-12    3.5992e-13 
  1.2129e+04    3.0964e-12    3.6057e-13 
  1.2178e+04    3.0962e-12    3.6122e-13 
  1.2227e+04    3.0960e-12    3.6187e-13 
  1.2276e+04    3.0958e-12    3.6253e-13 
  1.2325e+04    3.0956e-12    3.6318e-13 
  1.2375e+04    3.0954e-12    3.6384e-13 
  1.2424e+04    3.0951e-12    3.6450e-13 
  1.2474e+04    3.0949e-12    3.6516e-13 
  1.2524e+04    3.0946e-12    3.6582e-13 
  1.2575e+04    3.0943e-12    3.6649e-13 
  1.2625e+04    3.0941e-12    3.6715e-13 
  1.2676e+04    3.0938e-12    3.6782e-13 
  1.2727e+04    3.0935e-12    3.6848e-13 
  1.2778e+04    3.0931e-12    3.6915e-13 
  1.2829e+04    3.0928e-12    3.6982e-13 
  1.2880e+04    3.0925e-12    3.7049e-13 
  1.2932e+04    3.0921e-12    3.7116e-13 
  1.2984e+04    3.0918e-12    3.7184e-13 
  1.3036e+04    3.0914e-12    3.7251e-13 
  1.3088e+04    3.0911e-12    3.7319e-13 
  1.3141e+04    3.0907e-12    3.7386e-13 
  1.3194e+04    3.0903e-12    3.7454e-13 
  1.3247e+04    3.0899e-12    3.7522e-13 
  1.3300e+04    3.0895e-12    3.7590e-13 
  1.3353e+04    3.0890e-12    3.7659e-13 
  1.3407e+04    3.0886e-12    3.7727e-13 
  1.3461e+04    3.0882e-12    3.7795e-13 
  1.3515e+04    3.0877e-12    3.7864e-13 
  1.3569e+04    3.0873e-12    3.7933e-13 
  1.3623e+04    3.0868e-12    3.8002e-13 
  1.3678e+04    3.0863e-12    3.8071e-13 
  1.3733e+04    3.0858e-12    3.8140e-13 
  1.3788e+04    3.0853e-12    3.8209e-13 
  1.3843e+04    3.0848e-12    3.8278e-13 
  1.3899e+04    3.0843e-12    3.8348e-13 
  1.3955e+04    3.0837e-12    3.8417e-13 
  1.4011e+04    3.0832e-12    3.8487e-13 
  1.4067e+04    3.0827e-12    3.8557e-13 
  1.4123e+04    3.0821e-12    3.8627e-13 
  1.4180e+04    3.0815e-12    3.8697e-13 
  1.4237e+04    3.0809e-12    3.8767e-13 
  1.4294e+04    3.0804e-12    3.8837e-13 
  1.4351e+04    3.0798e-12    3.8908e-13 
  1.4409e+04    3.0791e-12    3.8978e-13 
  1.4467e+04    3.0785e-12    3.9049e-13 
  1.4525e+04    3.0779e-12    3.9119e-13 
  1.4583e+04    3.0773e-12    3.9190e-13 
  1.4642e+04    3.0766e-12    3.9261e-13 
  1.4700e+04    3.0759e-12    3.9332e-13 
  1.4759e+04    3.0753e-12    3.9403e-13 
  1.4819e+04    3.0746e-12    3.9475e-13 
  1.4878e+04    3.0739e-12    3.9546e-13 
  1.4938e+04    3.0732e-12    3.9618e-13 
  1.4998e+04    3.0725e-12    3.9689e-13 
  1.5058e+04    3.0718e-12    3.9761e-13 
  1.5118e+04    3.0711e-12    3.9833e-13 
  1.5179e+04    3.0703e-12    3.9905e-13 
  1.5240e+04    3.0696e-12    3.9977e-13 
  1.5301e+04    3.0688e-12    4.0049e-13 
  1.5363e+04    3.0681e-12    4.0121e-13 
  1.5424e+04    3.0673e-12    4.0194e-13 
  1.5486e+04    3.0665e-12    4.0266e-13 
  1.5548e+04    3.0657e-12    4.0339e-13 
  1.5611e+04    3.0649e-12    4.0411e-13 
  1.5673e+04    3.0641e-12    4.0484e-13 
  1.5736e+04    3.0633e-12    4.0557e-13 
  1.5799e+04    3.0624e-12    4.0630e-13 
  1.5863e+04    3.0616e-12    4.0703e-13 
  1.5926e+04    3.0607e-12    4.0776e-13 
  1.5990e+04    3.0599e-12    4.0849e-13 
  1.6055e+04    3.0590e-12    4.0923e-13 
  1.6119e+04    3.0581e-12    4.0996e-13 
  1.6184e+04    3.0572e-12    4.1070e-13 
  1.6249e+04    3.0563e-12    4.1143e-13 
  1.6314e+04    3.0554e-12    4.1217e-13 
  1.6379e+04    3.0545e-12    4.1291e-13 
  1.6445e+04    3.0535e-12    4.1365e-13 
  1.6511e+04    3.0526e-12    4.1439e-13 
  1.6577e+04    3.0517e-12    4.1513e-13 
  1.6644e+04    3.0507e-12    4.1587e-13 
  1.6711e+04    3.0497e-12    4.1661e-13 
  1.6778e+04    3.0487e-12    4.1736e-13 
  1.6845e+04    3.0478e-12    4.1810e-13 
  1.6913e+04    3.0468e-12    4.1885e-13 
  1.6980e+04    3.0458e-12    4.1959e-13 
  1.7049e+04    3.0447e-12    4.2034e-13 
  1.7117e+04    3.0437e-12    4.2109e-13 
  1.7186e+04    3.0427e-12    4.2184e-13 
  1.7255e+04    3.0416e-12    4.2259e-13 
  1.7324e+04    3.0406e-12    4.2334e-13 
  1.7393e+04    3.0395e-12    4.2409e-13 
  1.7463e+04    3.0384e-12    4.2484e-13 
  1.7533e+04    3.0374e-12    4.2559e-13 
  1.7604e+04    3.0363e-12    4.2634e-13 
  1.7674e+04    3.0352e-12    4.2710e-13 
  1.7745e+04    3.0341e-12    4.2785e-13 
  1.7817e+04    3.0329e-12    4.2861e-13 
  1.7888e+04    3.0318e-12    4.2937e-13 
  1.7960e+04    3.0307e-12    4.3012e-13 
  1.8032e+04    3.0295e-12    4.3088e-13 
  1.8104e+04    3.0284e-12    4.3164e-13 
  1.8177e+04    3.0272e-12    4.3240e-13 
  1.8250e+04    3.0260e-12    4.3316e-13 
  1.8323e+04    3.0248e-12    4.3392e-13 
  1.8397e+04    3.0236e-12    4.3468e-13 
  1.8470e+04    3.0224e-12    4.3544e-13 
  1.8545e+04    3.0212e-12    4.3621e-13 
  1.8619e+04    3.0200e-12    4.3697e-13 
  1.8694e+04    3.0188e-12    4.3773e-13 
  1.8769e+04    3.0175e-12    4.3850e-13 
  1.8844e+04    3.0163e-12    4.3926e-13 
  1.8920e+04    3.0150e-12    4.4003e-13 
  1.8996e+04    3.0137e-12    4.4080e-13 
  1.9072e+04    3.0125e-12    4.4156e-13 
  1.9148e+04    3.0112e-12    4.4233e-13 
  1.9225e+04    3.0099e-12    4.4310e-13 
  1.9302e+04    3.0086e-12    4.4387e-13 
  1.9380e+04    3.0073e-12    4.4464e-13 
  1.9458e+04    3.0059e-12    4.4541e-13 
  1.9536e+04    3.0046e-12    4.4618e-13 
  1.9614e+04    3.0033e-12    4.4695e-13 
  1.9693e+04    3.0019e-12    4.4772e-13 
  1.9772e+04    3.0005e-12    4.4849e-13 
  1.9851e+04    2.9992e-12    4.4926e-13 
  1.9931e+04    2.9978e-12    4.5004e-13 
  2.0011e+04    2.9964e-12    4.5081e-13 
  2.0091e+04    2.9950e-12    4.5158e-13 
  2.0172e+04    2.9936e-12    4.5236e-13 
  2.0253e+04    2.9922e-12    4.5313e-13 
  2.0334e+04    2.9908e-12    4.5391e-13 
  2.0416e+04    2.9893e-12    4.5468e-13 
  2.0498e+04    2.9879e-12    4.5546e-13 
  2.0580e+04    2.9864e-12    4.5624e-13 
  2.0662e+04    2.9850e-12    4.5701e-13 
  2.0745e+04    2.9835e-12    4.5779e-13 
  2.0829e+04    2.9820e-12    4.5857e-13 
  2.0912e+04    2.9805e-12    4.5935e-13 
  2.0996e+04    2.9790e-12    4.6012e-13 
  2.1080e+04    2.9775e-12    4.6090e-13 
  2.1165e+04    2.9760e-12    4.6168e-13 
  2.1250e+04    2.9745e-12    4.6246e-13 
  2.1335e+04    2.9730e-12    4.6324e-13 
  2.1421e+04    2.9714e-12    4.6402e-13 
  2.1507e+04    2.9699e-12    4.6480e-13 
  2.1593e+04    2.9683e-12    4.6558e-13 
  2.1680e+04    2.9668e-12    4.6636e-13 
  2.1767e+04    2.9652e-12    4.6714e-13 
  2.1854e+04    2.9636e-12    4.6793e-13 
  2.1942e+04    2.9620e-12    4.6871e-13 
  2.2030e+04    2.9604e-12    4.6949e-13 
  2.2118e+04    2.9588e-12    4.7027e-13 
  2.2207e+04    2.9572e-12    4.7105e-13 
  2.2296e+04    2.9556e-12    4.7184e-13 
  2.2386e+04    2.9539e-12    4.7262e-13 
  2.2476e+04    2.9523e-12    4.7340e-13 
  2.2566e+04    2.9506e-12    4.7418e-13 
  2.2656e+04    2.9490e-12    4.7497e-13 
  2.2747e+04    2.9473e-12    4.7575e-13 
  2.2838e+04    2.9456e-12    4.7653e-13 
  2.2930e+04    2.9439e-12    4.7732e-13 
  2.3022e+04    2.9422e-12    4.7810e-13 
  2.3115e+04    2.9405e-12    4.7888e-13 
  2.3207e+04    2.9388e-12    4.7967e-13 
  2.3300e+04    2.9371e-12    4.8045e-13 
  2.3394e+04    2.9354e-12    4.8124e-13 
  2.3488e+04    2.9336e-12    4.8202e-13 
  2.3582e+04    2.9319e-12    4.8280e-13 
  2.3677e+04    2.9301e-12    4.8359e-13 
  2.3772e+04    2.9284e-12    4.8437e-13 
  2.3867e+04    2.9266e-12    4.8516e-13 
  2.3963e+04    2.9248e-12    4.8594e-13 
  2.4059e+04    2.9230e-12    4.8672e-13 
  2.4156e+04    2.9212e-12    4.8751e-13 
  2.4253e+04    2.9194e-12    4.8829e-13 
  2.4350e+04    2.9176e-12    4.8908e-13 
  2.4448e+04    2.9158e-12    4.8986e-13 
  2.4546e+04    2.9140e-12    4.9064e-13 
  2.4644e+04    2.9121e-12    4.9143e-13 
  2.4743e+04    2.9103e-12    4.9221e-13 
  2.4843e+04    2.9084e-12    4.9299e-13 
  2.4942e+04    2.9065e-12    4.9378e-13 
  2.5042e+04    2.9047e-12    4.9456e-13 
  2.5143e+04    2.9028e-12    4.9534e-13 
  2.5244e+04    2.9009e-12    4.9613e-13 
  2.5345e+04    2.8990e-12    4.9691e-13 
  2.5447e+04    2.8971e-12    4.9769e-13 
  2.5549e+04    2.8952e-12    4.9847e-13 
  2.5651e+04    2.8933e-12    4.9926e-13 
  2.5754e+04    2.8913e-12    5.0004e-13 
  2.5858e+04    2.8894e-12    5.0082e-13 
  2.5961e+04    2.8875e-12    5.0160e-13 
  2.6066e+04    2.8855e-12    5.0238e-13 
  2.6170e+04    2.8836e-12    5.0317e-13 
  2.6275e+04    2.8816e-12    5.0395e-13 
  2.6381e+04    2.8796e-12    5.0473e-13 
  2.6487e+04    2.8776e-12    5.0551e-13 
  2.6593e+04    2.8756e-12    5.0629e-13 
  2.6700e+04    2.8736e-12    5.0707e-13 
  2.6807e+04    2.8716e-12    5.0785e-13 
  2.6914e+04    2.8696e-12    5.0862e-13 
  2.7022e+04    2.8676e-12    5.0940e-13 
  2.7131e+04    2.8656e-12    5.1018e-13 
  2.7240e+04    2.8635e-12    5.1096e-13 
  2.7349e+04    2.8615e-12    5.1174e-13 
  2.7459e+04    2.8594e-12    5.1251e-13 
  2.7569e+04    2.8574e-12    5.1329e-13 
  2.7680e+04    2.8553e-12    5.1407e-13 
  2.7791e+04    2.8532e-12    5.1484e-13 
  2.7902e+04    2.8511e-12    5.1562e-13 
  2.8014e+04    2.8490e-12    5.1639e-13 
  2.8127e+04    2.8469e-12    5.1717e-13 
  2.8240e+04    2.8448e-12    5.1794e-13 
  2.8353e+04    2.8427e-12    5.1872e-13 
  2.8467e+04    2.8406e-12    5.1949e-13 
  2.8581e+04    2.8384e-12    5.2026e-13 
  2.8696e+04    2.8363e-12    5.2103e-13 
  2.8811e+04    2.8342e-12    5.2181e-13 
  2.8926e+04    2.8320e-12    5.2258e-13 
  2.9042e+04    2.8298e-12    5.2335e-13 
  2.9159e+04    2.8277e-12    5.2412e-13 
  2.9276e+04    2.8255e-12    5.2489e-13 
  2.9394e+04    2.8233e-12    5.2566e-13 
  2.9511e+04    2.8211e-12    5.2642e-13 
  2.9630e+04    2.8189e-12    5.2719e-13 
  2.9749e+04    2.8167e-12    5.2796e-13 
  2.9868e+04    2.8145e-12    5.2872e-13 
  2.9988e+04    2.8123e-12    5.2949e-13 
  3.0108e+04    2.8100e-12    5.3025e-13 
  3.0229e+04    2.8078e-12    5.3102e-13 
  3.0351e+04    2.8056e-12    5.3178e-13 
  3.0472e+04    2.8033e-12    5.3255e-13 
  3.0595e+04    2.8011e-12    5.3331e-13 
  3.0717e+04    2.7988e-12    5.3407e-13 
  3.0841e+04    2.7965e-12    5.3483e-13 
  3.0965e+04    2.7942e-12    5.3559e-13 
  3.1089e+04    2.7920e-12    5.3635e-13 
  3.1214e+04    2.7897e-12    5.3711e-13 
  3.1339e+04    2.7874e-12    5.3786e-13 
  3.1465e+04    2.7851e-12    5.3862e-13 
  3.1591e+04    2.7827e-12    5.3938e-13 
  3.1718e+04    2.7804e-12    5.4013e-13 
  3.1845e+04    2.7781e-12    5.4089e-13 
  3.1973e+04    2.7758e-12    5.4164e-13 
  3.2101e+04    2.7734e-12    5.4239e-13 
  3.2230e+04    2.7711e-12    5.4315e-13 
  3.2359e+04    2.7687e-12    5.4390e-13 
  3.2489e+04    2.7663e-12    5.4465e-13 
  3.2619e+04    2.7640e-12    5.4540e-13 
  3.2750e+04    2.7616e-12    5.4614e-13 
  3.2882e+04    2.7592e-12    5.4689e-13 
  3.3014e+04    2.7568e-12    5.4764e-13 
  3.3146e+04    2.7544e-12    5.4838e-13 
  3.3279e+04    2.7520e-12    5.4913e-13 
  3.3413e+04    2.7496e-12    5.4987e-13 
  3.3547e+04    2.7472e-12    5.5061e-13 
  3.3682e+04    2.7448e-12    5.5136e-13 
  3.3817e+04    2.7423e-12    5.5210e-13 
  3.3952e+04    2.7399e-12    5.5284e-13 
  3.4089e+04    2.7374e-12    5.5357e-13 
  3.4226e+04    2.7350e-12    5.5431e-13 
  3.4363e+04    2.7325e-12    5.5505e-13 
  3.4501e+04    2.7301e-12    5.5578e-13 
  3.4639e+04    2.7276e-12    5.5652e-13 
  3.4778e+04    2.7251e-12    5.5725e-13 
  3.4918e+04    2.7226e-12    5.5798e-13 
  3.5058e+04    2.7201e-12    5.5872e-13 
  3.5199e+04    2.7176e-12    5.5945e-13 
  3.5340e+04    2.7151e-12    5.6017e-13 
  3.5482e+04    2.7126e-12    5.6090e-13 
  3.5624e+04    2.7101e-12    5.6163e-13 
  3.5767e+04    2.7076e-12    5.6235e-13 
  3.5911e+04    2.7050e-12    5.6308e-13 
  3.6055e+04    2.7025e-12    5.6380e-13 
  3.6199e+04    2.7000e-12    5.6452e-13 
  3.6345e+04    2.6974e-12    5.6524e-13 
  3.6491e+04    2.6949e-12    5.6596e-13 
  3.6637e+04    2.6923e-12    5.6668e-13 
  3.6784e+04    2.6897e-12    5.6740e-13 
  3.6932e+04    2.6872e-12    5.6811e-13 
  3.7080e+04    2.6846e-12    5.6883e-13 
  3.7229e+04    2.6820e-12    5.6954e-13 
  3.7378e+04    2.6794e-12    5.7025e-13 
  3.7528e+04    2.6768e-12    5.7096e-13 
  3.7679e+04    2.6742e-12    5.7167e-13 
  3.7830e+04    2.6716e-12    5.7238e-13 
  3.7982e+04    2.6690e-12    5.7309e-13 
  3.8134e+04    2.6663e-12    5.7379e-13 
  3.8287e+04    2.6637e-12    5.7450e-13 
  3.8441e+04    2.6611e-12    5.7520e-13 
  3.8595e+04    2.6584e-12    5.7590e-13 
  3.8750e+04    2.6558e-12    5.7660e-13 
  3.8906e+04    2.6531e-12    5.7730e-13 
  3.9062e+04    2.6505e-12    5.7799e-13 
  3.9218e+04    2.6478e-12    5.7869e-13 
  3.9376e+04    2.6451e-12    5.7938e-13 
  3.9534e+04    2.6425e-12    5.8008e-13 
  3.9693e+04    2.6398e-12    5.8077e-13 
  3.9852e+04    2.6371e-12    5.8146e-13 
  4.0012e+04    2.6344e-12    5.8215e-13 
  4.0172e+04    2.6317e-12    5.8283e-13 
  4.0334e+04    2.6290e-12    5.8352e-13 
  4.0495e+04    2.6263e-12    5.8420e-13 
  4.0658e+04    2.6236e-12    5.8488e-13 
  4.0821e+04    2.6208e-12    5.8556e-13 
  4.0985e+04    2.6181e-12    5.8624e-13 
  4.1149e+04    2.6154e-12    5.8692e-13 
  4.1315e+04    2.6126e-12    5.8760e-13 
  4.1480e+04    2.6099e-12    5.8827e-13 
  4.1647e+04    2.6071e-12    5.8894e-13 
  4.1814e+04    2.6044e-12    5.8962e-13 
  4.1982e+04    2.6016e-12    5.9029e-13 
  4.2150e+04    2.5989e-12    5.9095e-13 
  4.2319e+04    2.5961e-12    5.9162e-13 
  4.2489e+04    2.5933e-12    5.9228e-13 
  4.2660e+04    2.5905e-12    5.9295e-13 
  4.2831e+04    2.5877e-12    5.9361e-13 
  4.3003e+04    2.5849e-12    5.9427e-13 
  4.3175e+04    2.5821e-12    5.9493e-13 
  4.3349e+04    2.5793e-12    5.9558e-13 
  4.3523e+04    2.5765e-12    5.9624e-13 
  4.3697e+04    2.5737e-12    5.9689e-13 
  4.3873e+04    2.5709e-12    5.9754e-13 
  4.4049e+04    2.5681e-12    5.9819e-13 
  4.4226e+04    2.5652e-12    5.9884e-13 
  4.4403e+04    2.5624e-12    5.9949e-13 
  4.4581e+04    2.5595e-12    6.0013e-13 
  4.4760e+04    2.5567e-12    6.0077e-13 
  4.4940e+04    2.5538e-12    6.0141e-13 
  4.5120e+04    2.5510e-12    6.0205e-13 
  4.5301e+04    2.5481e-12    6.0269e-13 
  4.5483e+04    2.5453e-12    6.0332e-13 
  4.5666e+04    2.5424e-12    6.0396e-13 
  4.5849e+04    2.5395e-12    6.0459e-13 
  4.6033e+04    2.5366e-12    6.0522e-13 
  4.6218e+04    2.5337e-12    6.0585e-13 
  4.6403e+04    2.5309e-12    6.0647e-13 
  4.6589e+04    2.5280e-12    6.0710e-13 
  4.6776e+04    2.5251e-12    6.0772e-13 
  4.6964e+04    2.5222e-12    6.0834e-13 
  4.7152e+04    2.5192e-12    6.0896e-13 
  4.7342e+04    2.5163e-12    6.0957e-13 
  4.7532e+04    2.5134e-12    6.1019e-13 
  4.7722e+04    2.5105e-12    6.1080e-13 
  4.7914e+04    2.5076e-12    6.1141e-13 
  4.8106e+04    2.5046e-12    6.1202e-13 
  4.8299e+04    2.5017e-12    6.1263e-13 
  4.8493e+04    2.4987e-12    6.1323e-13 
  4.8688e+04    2.4958e-12    6.1383e-13 
  4.8883e+04    2.4928e-12    6.1444e-13 
  4.9079e+04    2.4899e-12    6.1503e-13 
  4.9276e+04    2.4869e-12    6.1563e-13 
  4.9474e+04    2.4839e-12    6.1623e-13 
  4.9673e+04    2.4810e-12    6.1682e-13 
  4.9872e+04    2.4780e-12    6.1741e-13 
  5.0072e+04    2.4750e-12    6.1800e-13 
  5.0273e+04    2.4720e-12    6.1858e-13 
  5.0475e+04    2.4690e-12    6.1917e-13 
  5.0677e+04    2.4661e-12    6.1975e-13 
  5.0881e+04    2.4631e-12    6.2033e-13 
  5.1085e+04    2.4601e-12    6.2091e-13 
  5.1290e+04    2.4570e-12    6.2149e-13 
  5.1496e+04    2.4540e-12    6.2206e-13 
  5.1702e+04    2.4510e-12    6.2263e-13 
  5.1910e+04    2.4480e-12    6.2320e-13 
  5.2118e+04    2.4450e-12    6.2377e-13 
  5.2327e+04    2.4420e-12    6.2433e-13 
  5.2537e+04    2.4389e-12    6.2490e-13 
  5.2748e+04    2.4359e-12    6.2546e-13 
  5.2960e+04    2.4329e-12    6.2602e-13 
  5.3173e+04    2.4298e-12    6.2657e-13 
  5.3386e+04    2.4268e-12    6.2713e-13 
  5.3600e+04    2.4237e-12    6.2768e-13 
  5.3815e+04    2.4207e-12    6.2823e-13 
  5.4031e+04    2.4176e-12    6.2878e-13 
  5.4248e+04    2.4145e-12    6.2932e-13 
  5.4466e+04    2.4115e-12    6.2987e-13 
  5.4684e+04    2.4084e-12    6.3041e-13 
  5.4904e+04    2.4053e-12    6.3095e-13 
  5.5124e+04    2.4022e-12    6.3148e-13 
  5.5345e+04    2.3992e-12    6.3202e-13 
  5.5568e+04    2.3961e-12    6.3255e-13 
  5.5791e+04    2.3930e-12    6.3308e-13 
  5.6014e+04    2.3899e-12    6.3361e-13 
  5.6239e+04    2.3868e-12    6.3413e-13 
  5.6465e+04    2.3837e-12    6.3465e-13 
  5.6692e+04    2.3806e-12    6.3518e-13 
  5.6919e+04    2.3775e-12    6.3569e-13 
  5.7147e+04    2.3744e-12    6.3621e-13 
  5.7377e+04    2.3712e-12    6.3672e-13 
  5.7607e+04    2.3681e-12    6.3723e-13 
  5.7838e+04    2.3650e-12    6.3774e-13 
  5.8070e+04    2.3619e-12    6.3825e-13 
  5.8303e+04    2.3587e-12    6.3875e-13 
  5.8537e+04    2.3556e-12    6.3925e-13 
  5.8772e+04    2.3525e-12    6.3975e-13 
  5.9008e+04    2.3493e-12    6.4025e-13 
  5.9245e+04    2.3462e-12    6.4074e-13 
  5.9483e+04    2.3430e-12    6.4123e-13 
  5.9722e+04    2.3399e-12    6.4172e-13 
  5.9961e+04    2.3367e-12    6.4221e-13 
  6.0202e+04    2.3336e-12    6.4270e-13 
  6.0443e+04    2.3304e-12    6.4318e-13 
  6.0686e+04    2.3273e-12    6.4366e-13 
  6.0930e+04    2.3241e-12    6.4413e-13 
  6.1174e+04    2.3209e-12    6.4461e-13 
  6.1420e+04    2.3178e-12    6.4508e-13 
  6.1666e+04    2.3146e-12    6.4555e-13 
  6.1914e+04    2.3114e-12    6.4602e-13 
  6.2162e+04    2.3082e-12    6.4648e-13 
  6.2411e+04    2.3050e-12    6.4694e-13 
  6.2662e+04    2.3018e-12    6.4740e-13 
  6.2913e+04    2.2986e-12    6.4786e-13 
  6.3166e+04    2.2955e-12    6.4831e-13 
  6.3419e+04    2.2923e-12    6.4877e-13 
  6.3674e+04    2.2891e-12    6.4922e-13 
  6.3929e+04    2.2859e-12    6.4966e-13 
  6.4186e+04    2.2826e-12    6.5011e-13 
  6.4444e+04    2.2794e-12    6.5055e-13 
  6.4702e+04    2.2762e-12    6.5099e-13 
  6.4962e+04    2.2730e-12    6.5142e-13 
  6.5223e+04    2.2698e-12    6.5186e-13 
  6.5484e+04    2.2666e-12    6.5229e-13 
  6.5747e+04    2.2633e-12    6.5272e-13 
  6.6011e+04    2.2601e-12    6.5314e-13 
  6.6276e+04    2.2569e-12    6.5357e-13 
  6.6542e+04    2.2537e-12    6.5399e-13 
  6.6809e+04    2.2504e-12    6.5441e-13 
  6.7077e+04    2.2472e-12    6.5482e-13 
  6.7346e+04    2.2440e-12    6.5523e-13 
  6.7617e+04    2.2407e-12    6.5564e-13 
  6.7888e+04    2.2375e-12    6.5605e-13 
  6.8160e+04    2.2342e-12    6.5646e-13 
  6.8434e+04    2.2310e-12    6.5686e-13 
  6.8709e+04    2.2277e-12    6.5726e-13 
  6.8984e+04    2.2245e-12    6.5766e-13 
  6.9261e+04    2.2212e-12    6.5805e-13 
  6.9539e+04    2.2180e-12    6.5844e-13 
  6.9818e+04    2.2147e-12    6.5883e-13 
  7.0098e+04    2.2114e-12    6.5922e-13 
  7.0380e+04    2.2082e-12    6.5960e-13 
  7.0662e+04    2.2049e-12    6.5998e-13 
  7.0946e+04    2.2016e-12    6.6036e-13 
  7.1230e+04    2.1983e-12    6.6073e-13 
  7.1516e+04    2.1951e-12    6.6110e-13 
  7.1803e+04    2.1918e-12    6.6147e-13 
  7.2091e+04    2.1885e-12    6.6184e-13 
  7.2381e+04    2.1852e-12    6.6220e-13 
  7.2671e+04    2.1819e-12    6.6257e-13 
  7.2963e+04    2.1787e-12    6.6292e-13 
  7.3256e+04    2.1754e-12    6.6328e-13 
  7.3550e+04    2.1721e-12    6.6363e-13 
  7.3845e+04    2.1688e-12    6.6398e-13 
  7.4141e+04    2.1655e-12    6.6433e-13 
  7.4439e+04    2.1622e-12    6.6467e-13 
  7.4738e+04    2.1589e-12    6.6502e-13 
  7.5037e+04    2.1556e-12    6.6535e-13 
  7.5339e+04    2.1523e-12    6.6569e-13 
  7.5641e+04    2.1490e-12    6.6602e-13 
  7.5945e+04    2.1457e-12    6.6635e-13 
  7.6249e+04    2.1424e-12    6.6668e-13 
  7.6555e+04    2.1391e-12    6.6701e-13 
  7.6863e+04    2.1358e-12    6.6733e-13 
  7.7171e+04    2.1325e-12    6.6765e-13 
  7.7481e+04    2.1291e-12    6.6796e-13 
  7.7792e+04    2.1258e-12    6.6828e-13 
  7.8104e+04    2.1225e-12    6.6859e-13 
  7.8417e+04    2.1192e-12    6.6890e-13 
  7.8732e+04    2.1159e-12    6.6920e-13 
  7.9048e+04    2.1125e-12    6.6950e-13 
  7.9365e+04    2.1092e-12    6.6980e-13 
  7.9684e+04    2.1059e-12    6.7010e-13 
  8.0004e+04    2.1026e-12    6.7039e-13 
  8.0325e+04    2.0992e-12    6.7068e-13 
  8.0647e+04    2.0959e-12    6.7097e-13 
  8.0971e+04    2.0926e-12    6.7125e-13 
  8.1296e+04    2.0892e-12    6.7153e-13 
  8.1622e+04    2.0859e-12    6.7181e-13 
  8.1949e+04    2.0826e-12    6.7209e-13 
  8.2278e+04    2.0792e-12    6.7236e-13 
  8.2608e+04    2.0759e-12    6.7263e-13 
  8.2940e+04    2.0725e-12    6.7290e-13 
  8.3273e+04    2.0692e-12    6.7316e-13 
  8.3607e+04    2.0659e-12    6.7342e-13 
  8.3943e+04    2.0625e-12    6.7368e-13 
  8.4279e+04    2.0592e-12    6.7394e-13 
  8.4618e+04    2.0558e-12    6.7419e-13 
  8.4957e+04    2.0525e-12    6.7444e-13 
  8.5298e+04    2.0491e-12    6.7469e-13 
  8.5641e+04    2.0458e-12    6.7493e-13 
  8.5984e+04    2.0424e-12    6.7517e-13 
  8.6329e+04    2.0391e-12    6.7541e-13 
  8.6676e+04    2.0357e-12    6.7564e-13 
  8.7024e+04    2.0324e-12    6.7587e-13 
  8.7373e+04    2.0290e-12    6.7610e-13 
  8.7724e+04    2.0257e-12    6.7633e-13 
  8.8076e+04    2.0223e-12    6.7655e-13 
  8.8429e+04    2.0189e-12    6.7677e-13 
  8.8784e+04    2.0156e-12    6.7699e-13 
  8.9140e+04    2.0122e-12    6.7720e-13 
  8.9498e+04    2.0089e-12    6.7741e-13 
  8.9857e+04    2.0055e-12    6.7762e-13 
  9.0218e+04    2.0021e-12    6.7782e-13 
  9.0580e+04    1.9988e-12    6.7802e-13 
  9.0943e+04    1.9954e-12    6.7822e-13 
  9.1308e+04    1.9920e-12    6.7842e-13 
  9.1675e+04    1.9887e-12    6.7861e-13 
  9.2043e+04    1.9853e-12    6.7880e-13 
  9.2412e+04    1.9819e-12    6.7899e-13 
  9.2783e+04    1.9786e-12    6.7917e-13 
  9.3155e+04    1.9752e-12    6.7935e-13 
  9.3529e+04    1.9718e-12    6.7953e-13 
  9.3905e+04    1.9685e-12    6.7970e-13 
  9.4281e+04    1.9651e-12    6.7987e-13 
  9.4660e+04    1.9617e-12    6.8004e-13 
  9.5040e+04    1.9583e-12    6.8021e-13 
  9.5421e+04    1.9550e-12    6.8037e-13 
  9.5804e+04    1.9516e-12    6.8053e-13 
  9.6188e+04    1.9482e-12    6.8069e-13 
  9.6574e+04    1.9449e-12    6.8084e-13 
  9.6962e+04    1.9415e-12    6.8099e-13 
  9.7351e+04    1.9381e-12    6.8114e-13 
  9.7742e+04    1.9347e-12    6.8128e-13 
  9.8134e+04    1.9314e-12    6.8142e-13 
  9.8528e+04    1.9280e-12    6.8156e-13 
  9.8923e+04    1.9246e-12    6.8169e-13 
  9.9320e+04    1.9212e-12    6.8183e-13 
  9.9719e+04    1.9178e-12    6.8195e-13 
  1.0012e+05    1.9145e-12    6.8208e-13 
  1.0052e+05    1.9111e-12    6.8220e-13 
  1.0092e+05    1.9077e-12    6.8232e-13 
  1.0133e+05    1.9043e-12    6.8244e-13 
  1.0174e+05    1.9010e-12    6.8255e-13 
  1.0214e+05    1.8976e-12    6.8266e-13 
  1.0255e+05    1.8942e-12    6.8277e-13 
  1.0297e+05    1.8908e-12    6.8287e-13 
  1.0338e+05    1.8874e-12    6.8297e-13 
  1.0379e+05    1.8841e-12    6.8307e-13 
  1.0421e+05    1.8807e-12    6.8317e-13 
  1.0463e+05    1.8773e-12    6.8326e-13 
  1.0505e+05    1.8739e-12    6.8335e-13 
  1.0547e+05    1.8706e-12    6.8343e-13 
  1.0589e+05    1.8672e-12    6.8352e-13 
  1.0632e+05    1.8638e-12    6.8359e-13 
  1.0675e+05    1.8604e-12    6.8367e-13 
  1.0717e+05    1.8570e-12    6.8374e-13 
  1.0760e+05    1.8537e-12    6.8381e-13 
  1.0804e+05    1.8503e-12    6.8388e-13 
  1.0847e+05    1.8469e-12    6.8395e-13 
  1.0890e+05    1.8435e-12    6.8401e-13 
  1.0934e+05    1.8402e-12    6.8406e-13 
  1.0978e+05    1.8368e-12    6.8412e-13 
  1.1022e+05    1.8334e-12    6.8417e-13 
  1.1066e+05    1.8300e-12    6.8422e-13 
  1.1111e+05    1.8266e-12    6.8426e-13 
  1.1155e+05    1.8233e-12    6.8431e-13 
  1.1200e+05    1.8199e-12    6.8435e-13 
  1.1245e+05    1.8165e-12    6.8438e-13 
  1.1290e+05    1.8131e-12    6.8442e-13 
  1.1335e+05    1.8098e-12    6.8444e-13 
  1.1381e+05    1.8064e-12    6.8447e-13 
  1.1427e+05    1.8030e-12    6.8450e-13 
  1.1472e+05    1.7997e-12    6.8452e-13 
  1.1519e+05    1.7963e-12    6.8453e-13 
  1.1565e+05    1.7929e-12    6.8455e-13 
  1.1611e+05    1.7895e-12    6.8456e-13 
  1.1658e+05    1.7862e-12    6.8457e-13 
  1.1705e+05    1.7828e-12    6.8457e-13 
  1.1752e+05    1.7794e-12    6.8457e-13 
  1.1799e+05    1.7761e-12    6.8457e-13 
  1.1846e+05    1.7727e-12    6.8457e-13 
  1.1894e+05    1.7693e-12    6.8456e-13 
  1.1941e+05    1.7660e-12    6.8455e-13 
  1.1989e+05    1.7626e-12    6.8454e-13 
  1.2037e+05    1.7592e-12    6.8452e-13 
  1.2086e+05    1.7559e-12    6.8450e-13 
  1.2134e+05    1.7525e-12    6.8448e-13 
  1.2183e+05    1.7491e-12    6.8445e-13 
  1.2232e+05    1.7458e-12    6.8442e-13 
  1.2281e+05    1.7424e-12    6.8439e-13 
  1.2330e+05    1.7391e-12    6.8436e-13 
  1.2380e+05    1.7357e-12    6.8432e-13 
  1.2429e+05    1.7323e-12    6.8428e-13 
  1.2479e+05    1.7290e-12    6.8423e-13 
  1.2529e+05    1.7256e-12    6.8419e-13 
  1.2580e+05    1.7223e-12    6.8413e-13 
  1.2630e+05    1.7189e-12    6.8408e-13 
  1.2681e+05    1.7156e-12    6.8402e-13 
  1.2732e+05    1.7122e-12    6.8396e-13 
  1.2783e+05    1.7089e-12    6.8390e-13 
  1.2834e+05    1.7055e-12    6.8384e-13 
  1.2886e+05    1.7021e-12    6.8377e-13 
  1.2937e+05    1.6988e-12    6.8369e-13 
  1.2989e+05    1.6955e-12    6.8362e-13 
  1.3041e+05    1.6921e-12    6.8354e-13 
  1.3094e+05    1.6888e-12    6.8346e-13 
  1.3146e+05    1.6854e-12    6.8337e-13 
  1.3199e+05    1.6821e-12    6.8329e-13 
  1.3252e+05    1.6787e-12    6.8320e-13 
  1.3305e+05    1.6754e-12    6.8310e-13 
  1.3358e+05    1.6721e-12    6.8301e-13 
  1.3412e+05    1.6687e-12    6.8291e-13 
  1.3466e+05    1.6654e-12    6.8280e-13 
  1.3520e+05    1.6620e-12    6.8270e-13 
  1.3574e+05    1.6587e-12    6.8259e-13 
  1.3629e+05    1.6554e-12    6.8248e-13 
  1.3683e+05    1.6520e-12    6.8236e-13 
  1.3738e+05    1.6487e-12    6.8224e-13 
  1.3793e+05    1.6454e-12    6.8212e-13 
  1.3849e+05    1.6421e-12    6.8200e-13 
  1.3904e+05    1.6387e-12    6.8187e-13 
  1.3960e+05    1.6354e-12    6.8174e-13 
  1.4016e+05    1.6321e-12    6.8160e-13 
  1.4072e+05    1.6288e-12    6.8147e-13 
  1.4129e+05    1.6254e-12    6.8133e-13 
  1.4186e+05    1.6221e-12    6.8119e-13 
  1.4243e+05    1.6188e-12    6.8104e-13 
  1.4300e+05    1.6155e-12    6.8089e-13 
  1.4357e+05    1.6122e-12    6.8074e-13 
  1.4415e+05    1.6089e-12    6.8059e-13 
  1.4473e+05    1.6056e-12    6.8043e-13 
  1.4531e+05    1.6022e-12    6.8027e-13 
  1.4589e+05    1.5989e-12    6.8010e-13 
  1.4647e+05    1.5956e-12    6.7994e-13 
  1.4706e+05    1.5923e-12    6.7977e-13 
  1.4765e+05    1.5890e-12    6.7959e-13 
  1.4825e+05    1.5857e-12    6.7942e-13 
  1.4884e+05    1.5824e-12    6.7924e-13 
  1.4944e+05    1.5791e-12    6.7906e-13 
  1.5004e+05    1.5758e-12    6.7887e-13 
  1.5064e+05    1.5725e-12    6.7868e-13 
  1.5124e+05    1.5693e-12    6.7849e-13 
  1.5185e+05    1.5660e-12    6.7830e-13 
  1.5246e+05    1.5627e-12    6.7810e-13 
  1.5307e+05    1.5594e-12    6.7790e-13 
  1.5369e+05    1.5561e-12    6.7770e-13 
  1.5430e+05    1.5528e-12    6.7749e-13 
  1.5492e+05    1.5495e-12    6.7728e-13 
  1.5554e+05    1.5463e-12    6.7707e-13 
  1.5617e+05    1.5430e-12    6.7686e-13 
  1.5680e+05    1.5397e-12    6.7664e-13 
  1.5742e+05    1.5364e-12    6.7642e-13 
  1.5806e+05    1.5332e-12    6.7620e-13 
  1.5869e+05    1.5299e-12    6.7597e-13 
  1.5933e+05    1.5266e-12    6.7574e-13 
  1.5997e+05    1.5234e-12    6.7551e-13 
  1.6061e+05    1.5201e-12    6.7527e-13 
  1.6125e+05    1.5168e-12    6.7503e-13 
  1.6190e+05    1.5136e-12    6.7479e-13 
  1.6255e+05    1.5103e-12    6.7455e-13 
  1.6320e+05    1.5071e-12    6.7430e-13 
  1.6386e+05    1.5038e-12    6.7405e-13 
  1.6452e+05    1.5006e-12    6.7380e-13 
  1.6518e+05    1.4973e-12    6.7354e-13 
  1.6584e+05    1.4941e-12    6.7328e-13 
  1.6650e+05    1.4908e-12    6.7302e-13 
  1.6717e+05    1.4876e-12    6.7275e-13 
  1.6784e+05    1.4844e-12    6.7249e-13 
  1.6852e+05    1.4811e-12    6.7222e-13 
  1.6919e+05    1.4779e-12    6.7194e-13 
  1.6987e+05    1.4747e-12    6.7167e-13 
  1.7055e+05    1.4714e-12    6.7139e-13 
  1.7124e+05    1.4682e-12    6.7111e-13 
  1.7193e+05    1.4650e-12    6.7082e-13 
  1.7262e+05    1.4618e-12    6.7053e-13 
  1.7331e+05    1.4585e-12    6.7024e-13 
  1.7400e+05    1.4553e-12    6.6995e-13 
  1.7470e+05    1.4521e-12    6.6965e-13 
  1.7540e+05    1.4489e-12    6.6935e-13 
  1.7611e+05    1.4457e-12    6.6905e-13 
  1.7681e+05    1.4425e-12    6.6875e-13 
  1.7752e+05    1.4393e-12    6.6844e-13 
  1.7824e+05    1.4361e-12    6.6813e-13 
  1.7895e+05    1.4329e-12    6.6781e-13 
  1.7967e+05    1.4297e-12    6.6750e-13 
  1.8039e+05    1.4265e-12    6.6718e-13 
  1.8111e+05    1.4233e-12    6.6686e-13 
  1.8184e+05    1.4201e-12    6.6653e-13 
  1.8257e+05    1.4169e-12    6.6620e-13 
  1.8330e+05    1.4137e-12    6.6587e-13 
  1.8404e+05    1.4105e-12    6.6554e-13 
  1.8478e+05    1.4074e-12    6.6520e-13 
  1.8552e+05    1.4042e-12    6.6486e-13 
  1.8626e+05    1.4010e-12    6.6452e-13 
  1.8701e+05    1.3978e-12    6.6418e-13 
  1.8776e+05    1.3947e-12    6.6383e-13 
  1.8852e+05    1.3915e-12    6.6348e-13 
  1.8927e+05    1.3883e-12    6.6313e-13 
  1.9003e+05    1.3852e-12    6.6277e-13 
  1.9079e+05    1.3820e-12    6.6241e-13 
  1.9156e+05    1.3789e-12    6.6205e-13 
  1.9233e+05    1.3757e-12    6.6169e-13 
  1.9310e+05    1.3726e-12    6.6132e-13 
  1.9388e+05    1.3694e-12    6.6095e-13 
  1.9465e+05    1.3663e-12    6.6058e-13 
  1.9543e+05    1.3631e-12    6.6021e-13 
  1.9622e+05    1.3600e-12    6.5983e-13 
  1.9701e+05    1.3568e-12    6.5945e-13 
  1.9780e+05    1.3537e-12    6.5907e-13 
  1.9859e+05    1.3506e-12    6.5868e-13 
  1.9939e+05    1.3475e-12    6.5829e-13 
  2.0019e+05    1.3443e-12    6.5790e-13 
  2.0099e+05    1.3412e-12    6.5751e-13 
  2.0180e+05    1.3381e-12    6.5711e-13 
  2.0261e+05    1.3350e-12    6.5671e-13 
  2.0342e+05    1.3319e-12    6.5631e-13 
  2.0424e+05    1.3288e-12    6.5591e-13 
  2.0506e+05    1.3256e-12    6.5550e-13 
  2.0588e+05    1.3225e-12    6.5509e-13 
  2.0671e+05    1.3194e-12    6.5468e-13 
  2.0754e+05    1.3163e-12    6.5427e-13 
  2.0837e+05    1.3132e-12    6.5385e-13 
  2.0921e+05    1.3102e-12    6.5343e-13 
  2.1004e+05    1.3071e-12    6.5300e-13 
  2.1089e+05    1.3040e-12    6.5258e-13 
  2.1173e+05    1.3009e-12    6.5215e-13 
  2.1258e+05    1.2978e-12    6.5172e-13 
  2.1344e+05    1.2947e-12    6.5129e-13 
  2.1429e+05    1.2917e-12    6.5085e-13 
  2.1515e+05    1.2886e-12    6.5041e-13 
  2.1602e+05    1.2855e-12    6.4997e-13 
  2.1688e+05    1.2825e-12    6.4953e-13 
  2.1775e+05    1.2794e-12    6.4908e-13 
  2.1863e+05    1.2763e-12    6.4864e-13 
  2.1951e+05    1.2733e-12    6.4818e-13 
  2.2039e+05    1.2702e-12    6.4773e-13 
  2.2127e+05    1.2672e-12    6.4727e-13 
  2.2216e+05    1.2642e-12    6.4682e-13 
  2.2305e+05    1.2611e-12    6.4635e-13 
  2.2395e+05    1.2581e-12    6.4589e-13 
  2.2484e+05    1.2550e-12    6.4542e-13 
  2.2575e+05    1.2520e-12    6.4496e-13 
  2.2665e+05    1.2490e-12    6.4448e-13 
  2.2756e+05    1.2460e-12    6.4401e-13 
  2.2848e+05    1.2429e-12    6.4353e-13 
  2.2939e+05    1.2399e-12    6.4306e-13 
  2.3031e+05    1.2369e-12    6.4257e-13 
  2.3124e+05    1.2339e-12    6.4209e-13 
  2.3217e+05    1.2309e-12    6.4160e-13 
  2.3310e+05    1.2279e-12    6.4112e-13 
  2.3403e+05    1.2249e-12    6.4063e-13 
  2.3497e+05    1.2219e-12    6.4013e-13 
  2.3591e+05    1.2189e-12    6.3964e-13 
  2.3686e+05    1.2159e-12    6.3914e-13 
  2.3781e+05    1.2129e-12    6.3864e-13 
  2.3877e+05    1.2099e-12    6.3813e-13 
  2.3972e+05    1.2069e-12    6.3763e-13 
  2.4069e+05    1.2040e-12    6.3712e-13 
  2.4165e+05    1.2010e-12    6.3661e-13 
  2.4262e+05    1.1980e-12    6.3610e-13 
  2.4360e+05    1.1950e-12    6.3558e-13 
  2.4457e+05    1.1921e-12    6.3506e-13 
  2.4556e+05    1.1891e-12    6.3455e-13 
  2.4654e+05    1.1862e-12    6.3402e-13 
  2.4753e+05    1.1832e-12    6.3350e-13 
  2.4852e+05    1.1803e-12    6.3297e-13 
  2.4952e+05    1.1773e-12    6.3244e-13 
  2.5052e+05    1.1744e-12    6.3191e-13 
  2.5153e+05    1.1714e-12    6.3138e-13 
  2.5254e+05    1.1685e-12    6.3084e-13 
  2.5355e+05    1.1656e-12    6.3030e-13 
  2.5457e+05    1.1626e-12    6.2976e-13 
  2.5559e+05    1.1597e-12    6.2922e-13 
  2.5662e+05    1.1568e-12    6.2867e-13 
  2.5765e+05    1.1539e-12    6.2813e-13 
  2.5868e+05    1.1510e-12    6.2758e-13 
  2.5972e+05    1.1480e-12    6.2702e-13 
  2.6076e+05    1.1451e-12    6.2647e-13 
  2.6181e+05    1.1422e-12    6.2591e-13 
  2.6286e+05    1.1393e-12    6.2535e-13 
  2.6391e+05    1.1364e-12    6.2479e-13 
  2.6497e+05    1.1335e-12    6.2423e-13 
  2.6603e+05    1.1307e-12    6.2366e-13 
  2.6710e+05    1.1278e-12    6.2310e-13 
  2.6817e+05    1.1249e-12    6.2253e-13 
  2.6925e+05    1.1220e-12    6.2195e-13 
  2.7033e+05    1.1191e-12    6.2138e-13 
  2.7142e+05    1.1163e-12    6.2080e-13 
  2.7251e+05    1.1134e-12    6.2023e-13 
  2.7360e+05    1.1105e-12    6.1964e-13 
  2.7470e+05    1.1077e-12    6.1906e-13 
  2.7580e+05    1.1048e-12    6.1848e-13 
  2.7691e+05    1.1020e-12    6.1789e-13 
  2.7802e+05    1.0991e-12    6.1730e-13 
  2.7913e+05    1.0963e-12    6.1671e-13 
  2.8025e+05    1.0935e-12    6.1612e-13 
  2.8138e+05    1.0906e-12    6.1552e-13 
  2.8251e+05    1.0878e-12    6.1492e-13 
  2.8364e+05    1.0850e-12    6.1432e-13 
  2.8478e+05    1.0821e-12    6.1372e-13 
  2.8592e+05    1.0793e-12    6.1312e-13 
  2.8707e+05    1.0765e-12    6.1251e-13 
  2.8822e+05    1.0737e-12    6.1190e-13 
  2.8938e+05    1.0709e-12    6.1129e-13 
  2.9054e+05    1.0681e-12    6.1068e-13 
  2.9171e+05    1.0653e-12    6.1006e-13 
  2.9288e+05    1.0625e-12    6.0945e-13 
  2.9405e+05    1.0597e-12    6.0883e-13 
  2.9523e+05    1.0569e-12    6.0821e-13 
  2.9642e+05    1.0541e-12    6.0759e-13 
  2.9761e+05    1.0513e-12    6.0696e-13 
  2.9880e+05    1.0486e-12    6.0634e-13 
  3.0000e+05    1.0458e-12    6.0571e-13 