1.0000e+02    1.1884e-12    2.6757e-13 
1.0040e+02    1.1899e-12    2.6737e-13 
1.0080e+02    1.1913e-12    2.6717e-13 
1.0121e+02    1.1928e-12    2.6697e-13 
1.0161e+02    1.1942e-12    2.6677e-13 
1.0202e+02    1.1957e-12    2.6657e-13 
1.0243e+02    1.1971e-12    2.6637e-13 
1.0284e+02    1.1986e-12    2.6617e-13 
1.0326e+02    1.2000e-12    2.6596e-13 
1.0367e+02    1.2015e-12    2.6576e-13 
1.0409e+02    1.2029e-12    2.6556e-13 
1.0450e+02    1.2044e-12    2.6535e-13 
1.0492e+02    1.2059e-12    2.6515e-13 
1.0534e+02    1.2073e-12    2.6494e-13 
1.0577e+02    1.2088e-12    2.6474e-13 
1.0619e+02    1.2102e-12    2.6453e-13 
1.0662e+02    1.2117e-12    2.6432e-13 
1.0705e+02    1.2131e-12    2.6412e-13 
1.0748e+02    1.2146e-12    2.6391e-13 
1.0791e+02    1.2161e-12    2.6370e-13 
1.0834e+02    1.2175e-12    2.6350e-13 
1.0877e+02    1.2190e-12    2.6329e-13 
1.0921e+02    1.2205e-12    2.6308e-13 
1.0965e+02    1.2219e-12    2.6287e-13 
1.1009e+02    1.2234e-12    2.6266e-13 
1.1053e+02    1.2248e-12    2.6245e-13 
1.1098e+02    1.2263e-12    2.6224e-13 
1.1142e+02    1.2278e-12    2.6203e-13 
1.1187e+02    1.2292e-12    2.6182e-13 
1.1232e+02    1.2307e-12    2.6161e-13 
1.1277e+02    1.2322e-12    2.6139e-13 
1.1322e+02    1.2337e-12    2.6118e-13 
1.1367e+02    1.2351e-12    2.6097e-13 
1.1413e+02    1.2366e-12    2.6076e-13 
1.1459e+02    1.2381e-12    2.6054e-13 
1.1505e+02    1.2395e-12    2.6033e-13 
1.1551e+02    1.2410e-12    2.6011e-13 
1.1597e+02    1.2425e-12    2.5990e-13 
1.1644e+02    1.2440e-12    2.5968e-13 
1.1691e+02    1.2454e-12    2.5947e-13 
1.1738e+02    1.2469e-12    2.5925e-13 
1.1785e+02    1.2484e-12    2.5904e-13 
1.1832e+02    1.2499e-12    2.5882e-13 
1.1879e+02    1.2513e-12    2.5860e-13 
1.1927e+02    1.2528e-12    2.5839e-13 
1.1975e+02    1.2543e-12    2.5817e-13 
1.2023e+02    1.2558e-12    2.5795e-13 
1.2071e+02    1.2573e-12    2.5773e-13 
1.2120e+02    1.2587e-12    2.5751e-13 
1.2168e+02    1.2602e-12    2.5729e-13 
1.2217e+02    1.2617e-12    2.5708e-13 
1.2266e+02    1.2632e-12    2.5686e-13 
1.2315e+02    1.2647e-12    2.5664e-13 
1.2365e+02    1.2662e-12    2.5641e-13 
1.2415e+02    1.2677e-12    2.5619e-13 
1.2464e+02    1.2691e-12    2.5597e-13 
1.2514e+02    1.2706e-12    2.5575e-13 
1.2565e+02    1.2721e-12    2.5553e-13 
1.2615e+02    1.2736e-12    2.5531e-13 
1.2666e+02    1.2751e-12    2.5508e-13 
1.2716e+02    1.2766e-12    2.5486e-13 
1.2767e+02    1.2781e-12    2.5464e-13 
1.2819e+02    1.2796e-12    2.5441e-13 
1.2870e+02    1.2811e-12    2.5419e-13 
1.2922e+02    1.2826e-12    2.5397e-13 
1.2974e+02    1.2840e-12    2.5374e-13 
1.3026e+02    1.2855e-12    2.5352e-13 
1.3078e+02    1.2870e-12    2.5329e-13 
1.3130e+02    1.2885e-12    2.5306e-13 
1.3183e+02    1.2900e-12    2.5284e-13 
1.3236e+02    1.2915e-12    2.5261e-13 
1.3289e+02    1.2930e-12    2.5239e-13 
1.3343e+02    1.2945e-12    2.5216e-13 
1.3396e+02    1.2960e-12    2.5193e-13 
1.3450e+02    1.2975e-12    2.5170e-13 
1.3504e+02    1.2990e-12    2.5147e-13 
1.3558e+02    1.3005e-12    2.5125e-13 
1.3612e+02    1.3020e-12    2.5102e-13 
1.3667e+02    1.3035e-12    2.5079e-13 
1.3722e+02    1.3050e-12    2.5056e-13 
1.3777e+02    1.3065e-12    2.5033e-13 
1.3832e+02    1.3080e-12    2.5010e-13 
1.3888e+02    1.3095e-12    2.4987e-13 
1.3944e+02    1.3110e-12    2.4964e-13 
1.3999e+02    1.3125e-12    2.4941e-13 
1.4056e+02    1.3140e-12    2.4918e-13 
1.4112e+02    1.3156e-12    2.4895e-13 
1.4169e+02    1.3171e-12    2.4871e-13 
1.4226e+02    1.3186e-12    2.4848e-13 
1.4283e+02    1.3201e-12    2.4825e-13 
1.4340e+02    1.3216e-12    2.4802e-13 
1.4398e+02    1.3231e-12    2.4778e-13 
1.4455e+02    1.3246e-12    2.4755e-13 
1.4513e+02    1.3261e-12    2.4732e-13 
1.4572e+02    1.3276e-12    2.4708e-13 
1.4630e+02    1.3291e-12    2.4685e-13 
1.4689e+02    1.3307e-12    2.4661e-13 
1.4748e+02    1.3322e-12    2.4638e-13 
1.4807e+02    1.3337e-12    2.4614e-13 
1.4866e+02    1.3352e-12    2.4591e-13 
1.4926e+02    1.3367e-12    2.4567e-13 
1.4986e+02    1.3382e-12    2.4544e-13 
1.5046e+02    1.3397e-12    2.4520e-13 
1.5106e+02    1.3413e-12    2.4497e-13 
1.5167e+02    1.3428e-12    2.4473e-13 
1.5228e+02    1.3443e-12    2.4449e-13 
1.5289e+02    1.3458e-12    2.4425e-13 
1.5350e+02    1.3473e-12    2.4402e-13 
1.5412e+02    1.3489e-12    2.4378e-13 
1.5474e+02    1.3504e-12    2.4354e-13 
1.5536e+02    1.3519e-12    2.4330e-13 
1.5598e+02    1.3534e-12    2.4307e-13 
1.5661e+02    1.3549e-12    2.4283e-13 
1.5724e+02    1.3565e-12    2.4259e-13 
1.5787e+02    1.3580e-12    2.4235e-13 
1.5850e+02    1.3595e-12    2.4211e-13 
1.5914e+02    1.3610e-12    2.4187e-13 
1.5978e+02    1.3626e-12    2.4163e-13 
1.6042e+02    1.3641e-12    2.4139e-13 
1.6106e+02    1.3656e-12    2.4115e-13 
1.6171e+02    1.3671e-12    2.4091e-13 
1.6236e+02    1.3687e-12    2.4067e-13 
1.6301e+02    1.3702e-12    2.4043e-13 
1.6366e+02    1.3717e-12    2.4018e-13 
1.6432e+02    1.3732e-12    2.3994e-13 
1.6498e+02    1.3748e-12    2.3970e-13 
1.6564e+02    1.3763e-12    2.3946e-13 
1.6631e+02    1.3778e-12    2.3922e-13 
1.6697e+02    1.3794e-12    2.3897e-13 
1.6764e+02    1.3809e-12    2.3873e-13 
1.6832e+02    1.3824e-12    2.3849e-13 
1.6899e+02    1.3840e-12    2.3824e-13 
1.6967e+02    1.3855e-12    2.3800e-13 
1.7035e+02    1.3870e-12    2.3776e-13 
1.7103e+02    1.3886e-12    2.3751e-13 
1.7172e+02    1.3901e-12    2.3727e-13 
1.7241e+02    1.3916e-12    2.3703e-13 
1.7310e+02    1.3932e-12    2.3678e-13 
1.7380e+02    1.3947e-12    2.3654e-13 
1.7449e+02    1.3962e-12    2.3629e-13 
1.7519e+02    1.3978e-12    2.3605e-13 
1.7590e+02    1.3993e-12    2.3580e-13 
1.7660e+02    1.4009e-12    2.3556e-13 
1.7731e+02    1.4024e-12    2.3531e-13 
1.7802e+02    1.4039e-12    2.3507e-13 
1.7874e+02    1.4055e-12    2.3482e-13 
1.7946e+02    1.4070e-12    2.3457e-13 
1.8018e+02    1.4086e-12    2.3433e-13 
1.8090e+02    1.4101e-12    2.3408e-13 
1.8162e+02    1.4116e-12    2.3383e-13 
1.8235e+02    1.4132e-12    2.3359e-13 
1.8309e+02    1.4147e-12    2.3334e-13 
1.8382e+02    1.4163e-12    2.3309e-13 
1.8456e+02    1.4178e-12    2.3284e-13 
1.8530e+02    1.4194e-12    2.3260e-13 
1.8604e+02    1.4209e-12    2.3235e-13 
1.8679e+02    1.4225e-12    2.3210e-13 
1.8754e+02    1.4240e-12    2.3185e-13 
1.8829e+02    1.4255e-12    2.3161e-13 
1.8905e+02    1.4271e-12    2.3136e-13 
1.8981e+02    1.4286e-12    2.3111e-13 
1.9057e+02    1.4302e-12    2.3086e-13 
1.9133e+02    1.4317e-12    2.3061e-13 
1.9210e+02    1.4333e-12    2.3036e-13 
1.9287e+02    1.4348e-12    2.3011e-13 
1.9364e+02    1.4364e-12    2.2986e-13 
1.9442e+02    1.4379e-12    2.2961e-13 
1.9520e+02    1.4395e-12    2.2937e-13 
1.9599e+02    1.4410e-12    2.2912e-13 
1.9677e+02    1.4426e-12    2.2887e-13 
1.9756e+02    1.4441e-12    2.2862e-13 
1.9835e+02    1.4457e-12    2.2837e-13 
1.9915e+02    1.4472e-12    2.2812e-13 
1.9995e+02    1.4488e-12    2.2787e-13 
2.0075e+02    1.4504e-12    2.2762e-13 
2.0156e+02    1.4519e-12    2.2737e-13 
2.0237e+02    1.4535e-12    2.2711e-13 
2.0318e+02    1.4550e-12    2.2686e-13 
2.0399e+02    1.4566e-12    2.2661e-13 
2.0481e+02    1.4581e-12    2.2636e-13 
2.0564e+02    1.4597e-12    2.2611e-13 
2.0646e+02    1.4612e-12    2.2586e-13 
2.0729e+02    1.4628e-12    2.2561e-13 
2.0812e+02    1.4644e-12    2.2536e-13 
2.0896e+02    1.4659e-12    2.2511e-13 
2.0979e+02    1.4675e-12    2.2485e-13 
2.1064e+02    1.4690e-12    2.2460e-13 
2.1148e+02    1.4706e-12    2.2435e-13 
2.1233e+02    1.4722e-12    2.2410e-13 
2.1318e+02    1.4737e-12    2.2385e-13 
2.1404e+02    1.4753e-12    2.2360e-13 
2.1490e+02    1.4768e-12    2.2334e-13 
2.1576e+02    1.4784e-12    2.2309e-13 
2.1663e+02    1.4800e-12    2.2284e-13 
2.1750e+02    1.4815e-12    2.2259e-13 
2.1837e+02    1.4831e-12    2.2233e-13 
2.1924e+02    1.4847e-12    2.2208e-13 
2.2012e+02    1.4862e-12    2.2183e-13 
2.2101e+02    1.4878e-12    2.2158e-13 
2.2189e+02    1.4893e-12    2.2133e-13 
2.2279e+02    1.4909e-12    2.2107e-13 
2.2368e+02    1.4925e-12    2.2082e-13 
2.2458e+02    1.4940e-12    2.2057e-13 
2.2548e+02    1.4956e-12    2.2031e-13 
2.2638e+02    1.4972e-12    2.2006e-13 
2.2729e+02    1.4987e-12    2.1981e-13 
2.2820e+02    1.5003e-12    2.1956e-13 
2.2912e+02    1.5019e-12    2.1930e-13 
2.3004e+02    1.5034e-12    2.1905e-13 
2.3096e+02    1.5050e-12    2.1880e-13 
2.3189e+02    1.5066e-12    2.1854e-13 
2.3282e+02    1.5081e-12    2.1829e-13 
2.3375e+02    1.5097e-12    2.1804e-13 
2.3469e+02    1.5113e-12    2.1779e-13 
2.3563e+02    1.5129e-12    2.1753e-13 
2.3658e+02    1.5144e-12    2.1728e-13 
2.3753e+02    1.5160e-12    2.1703e-13 
2.3848e+02    1.5176e-12    2.1677e-13 
2.3944e+02    1.5191e-12    2.1652e-13 
2.4040e+02    1.5207e-12    2.1627e-13 
2.4137e+02    1.5223e-12    2.1601e-13 
2.4233e+02    1.5239e-12    2.1576e-13 
2.4331e+02    1.5254e-12    2.1551e-13 
2.4428e+02    1.5270e-12    2.1525e-13 
2.4526e+02    1.5286e-12    2.1500e-13 
2.4625e+02    1.5302e-12    2.1475e-13 
2.4724e+02    1.5317e-12    2.1450e-13 
2.4823e+02    1.5333e-12    2.1424e-13 
2.4922e+02    1.5349e-12    2.1399e-13 
2.5022e+02    1.5365e-12    2.1374e-13 
2.5123e+02    1.5380e-12    2.1348e-13 
2.5224e+02    1.5396e-12    2.1323e-13 
2.5325e+02    1.5412e-12    2.1298e-13 
2.5427e+02    1.5428e-12    2.1273e-13 
2.5529e+02    1.5443e-12    2.1247e-13 
2.5631e+02    1.5459e-12    2.1222e-13 
2.5734e+02    1.5475e-12    2.1197e-13 
2.5837e+02    1.5491e-12    2.1171e-13 
2.5941e+02    1.5506e-12    2.1146e-13 
2.6045e+02    1.5522e-12    2.1121e-13 
2.6149e+02    1.5538e-12    2.1096e-13 
2.6254e+02    1.5554e-12    2.1070e-13 
2.6360e+02    1.5570e-12    2.1045e-13 
2.6466e+02    1.5585e-12    2.1020e-13 
2.6572e+02    1.5601e-12    2.0995e-13 
2.6678e+02    1.5617e-12    2.0969e-13 
2.6786e+02    1.5633e-12    2.0944e-13 
2.6893e+02    1.5649e-12    2.0919e-13 
2.7001e+02    1.5664e-12    2.0894e-13 
2.7109e+02    1.5680e-12    2.0869e-13 
2.7218e+02    1.5696e-12    2.0843e-13 
2.7327e+02    1.5712e-12    2.0818e-13 
2.7437e+02    1.5728e-12    2.0793e-13 
2.7547e+02    1.5743e-12    2.0768e-13 
2.7658e+02    1.5759e-12    2.0743e-13 
2.7769e+02    1.5775e-12    2.0718e-13 
2.7880e+02    1.5791e-12    2.0693e-13 
2.7992e+02    1.5807e-12    2.0667e-13 
2.8104e+02    1.5823e-12    2.0642e-13 
2.8217e+02    1.5838e-12    2.0617e-13 
2.8330e+02    1.5854e-12    2.0592e-13 
2.8444e+02    1.5870e-12    2.0567e-13 
2.8558e+02    1.5886e-12    2.0542e-13 
2.8673e+02    1.5902e-12    2.0517e-13 
2.8788e+02    1.5918e-12    2.0492e-13 
2.8903e+02    1.5934e-12    2.0467e-13 
2.9019e+02    1.5949e-12    2.0442e-13 
2.9136e+02    1.5965e-12    2.0417e-13 
2.9253e+02    1.5981e-12    2.0392e-13 
2.9370e+02    1.5997e-12    2.0367e-13 
2.9488e+02    1.6013e-12    2.0342e-13 
2.9606e+02    1.6029e-12    2.0317e-13 
2.9725e+02    1.6045e-12    2.0292e-13 
2.9845e+02    1.6060e-12    2.0267e-13 
2.9964e+02    1.6076e-12    2.0242e-13 
3.0085e+02    1.6092e-12    2.0218e-13 
3.0205e+02    1.6108e-12    2.0193e-13 
3.0326e+02    1.6124e-12    2.0168e-13 
3.0448e+02    1.6140e-12    2.0143e-13 
3.0570e+02    1.6156e-12    2.0118e-13 
3.0693e+02    1.6172e-12    2.0094e-13 
3.0816e+02    1.6188e-12    2.0069e-13 
3.0940e+02    1.6203e-12    2.0044e-13 
3.1064e+02    1.6219e-12    2.0019e-13 
3.1189e+02    1.6235e-12    1.9995e-13 
3.1314e+02    1.6251e-12    1.9970e-13 
3.1440e+02    1.6267e-12    1.9945e-13 
3.1566e+02    1.6283e-12    1.9921e-13 
3.1692e+02    1.6299e-12    1.9896e-13 
3.1820e+02    1.6315e-12    1.9871e-13 
3.1947e+02    1.6331e-12    1.9847e-13 
3.2076e+02    1.6347e-12    1.9822e-13 
3.2204e+02    1.6362e-12    1.9798e-13 
3.2334e+02    1.6378e-12    1.9773e-13 
3.2463e+02    1.6394e-12    1.9749e-13 
3.2594e+02    1.6410e-12    1.9724e-13 
3.2724e+02    1.6426e-12    1.9700e-13 
3.2856e+02    1.6442e-12    1.9675e-13 
3.2988e+02    1.6458e-12    1.9651e-13 
3.3120e+02    1.6474e-12    1.9626e-13 
3.3253e+02    1.6490e-12    1.9602e-13 
3.3386e+02    1.6506e-12    1.9578e-13 
3.3520e+02    1.6522e-12    1.9553e-13 
3.3655e+02    1.6538e-12    1.9529e-13 
3.3790e+02    1.6553e-12    1.9505e-13 
3.3925e+02    1.6569e-12    1.9481e-13 
3.4062e+02    1.6585e-12    1.9456e-13 
3.4198e+02    1.6601e-12    1.9432e-13 
3.4336e+02    1.6617e-12    1.9408e-13 
3.4473e+02    1.6633e-12    1.9384e-13 
3.4612e+02    1.6649e-12    1.9360e-13 
3.4751e+02    1.6665e-12    1.9336e-13 
3.4890e+02    1.6681e-12    1.9312e-13 
3.5030e+02    1.6697e-12    1.9288e-13 
3.5171e+02    1.6713e-12    1.9264e-13 
3.5312e+02    1.6729e-12    1.9240e-13 
3.5454e+02    1.6745e-12    1.9216e-13 
3.5596e+02    1.6761e-12    1.9192e-13 
3.5739e+02    1.6777e-12    1.9168e-13 
3.5882e+02    1.6793e-12    1.9144e-13 
3.6026e+02    1.6809e-12    1.9120e-13 
3.6171e+02    1.6824e-12    1.9096e-13 
3.6316e+02    1.6840e-12    1.9073e-13 
3.6462e+02    1.6856e-12    1.9049e-13 
3.6608e+02    1.6872e-12    1.9025e-13 
3.6755e+02    1.6888e-12    1.9002e-13 
3.6902e+02    1.6904e-12    1.8978e-13 
3.7050e+02    1.6920e-12    1.8954e-13 
3.7199e+02    1.6936e-12    1.8931e-13 
3.7348e+02    1.6952e-12    1.8907e-13 
3.7498e+02    1.6968e-12    1.8884e-13 
3.7649e+02    1.6984e-12    1.8860e-13 
3.7800e+02    1.7000e-12    1.8837e-13 
3.7952e+02    1.7016e-12    1.8813e-13 
3.8104e+02    1.7032e-12    1.8790e-13 
3.8257e+02    1.7048e-12    1.8767e-13 
3.8410e+02    1.7064e-12    1.8743e-13 
3.8565e+02    1.7080e-12    1.8720e-13 
3.8719e+02    1.7096e-12    1.8697e-13 
3.8875e+02    1.7112e-12    1.8674e-13 
3.9031e+02    1.7128e-12    1.8651e-13 
3.9187e+02    1.7144e-12    1.8628e-13 
3.9345e+02    1.7160e-12    1.8604e-13 
3.9503e+02    1.7176e-12    1.8581e-13 
3.9661e+02    1.7192e-12    1.8558e-13 
3.9820e+02    1.7208e-12    1.8536e-13 
3.9980e+02    1.7223e-12    1.8513e-13 
4.0140e+02    1.7239e-12    1.8490e-13 
4.0302e+02    1.7255e-12    1.8467e-13 
4.0463e+02    1.7271e-12    1.8444e-13 
4.0626e+02    1.7287e-12    1.8421e-13 
4.0789e+02    1.7303e-12    1.8399e-13 
4.0952e+02    1.7319e-12    1.8376e-13 
4.1117e+02    1.7335e-12    1.8353e-13 
4.1282e+02    1.7351e-12    1.8331e-13 
4.1447e+02    1.7367e-12    1.8308e-13 
4.1614e+02    1.7383e-12    1.8286e-13 
4.1781e+02    1.7399e-12    1.8263e-13 
4.1948e+02    1.7415e-12    1.8241e-13 
4.2117e+02    1.7431e-12    1.8219e-13 
4.2286e+02    1.7447e-12    1.8196e-13 
4.2456e+02    1.7463e-12    1.8174e-13 
4.2626e+02    1.7479e-12    1.8152e-13 
4.2797e+02    1.7495e-12    1.8130e-13 
4.2969e+02    1.7511e-12    1.8107e-13 
4.3141e+02    1.7527e-12    1.8085e-13 
4.3314e+02    1.7543e-12    1.8063e-13 
4.3488e+02    1.7559e-12    1.8041e-13 
4.3663e+02    1.7575e-12    1.8019e-13 
4.3838e+02    1.7591e-12    1.7997e-13 
4.4014e+02    1.7607e-12    1.7975e-13 
4.4190e+02    1.7623e-12    1.7954e-13 
4.4368e+02    1.7639e-12    1.7932e-13 
4.4546e+02    1.7655e-12    1.7910e-13 
4.4725e+02    1.7671e-12    1.7889e-13 
4.4904e+02    1.7687e-12    1.7867e-13 
4.5084e+02    1.7703e-12    1.7845e-13 
4.5265e+02    1.7718e-12    1.7824e-13 
4.5447e+02    1.7734e-12    1.7802e-13 
4.5629e+02    1.7750e-12    1.7781e-13 
4.5812e+02    1.7766e-12    1.7760e-13 
4.5996e+02    1.7782e-12    1.7738e-13 
4.6181e+02    1.7798e-12    1.7717e-13 
4.6366e+02    1.7814e-12    1.7696e-13 
4.6552e+02    1.7830e-12    1.7675e-13 
4.6739e+02    1.7846e-12    1.7653e-13 
4.6927e+02    1.7862e-12    1.7632e-13 
4.7115e+02    1.7878e-12    1.7611e-13 
4.7304e+02    1.7894e-12    1.7590e-13 
4.7494e+02    1.7910e-12    1.7570e-13 
4.7685e+02    1.7926e-12    1.7549e-13 
4.7876e+02    1.7942e-12    1.7528e-13 
4.8068e+02    1.7958e-12    1.7507e-13 
4.8261e+02    1.7974e-12    1.7487e-13 
4.8455e+02    1.7990e-12    1.7466e-13 
4.8649e+02    1.8006e-12    1.7445e-13 
4.8844e+02    1.8022e-12    1.7425e-13 
4.9040e+02    1.8038e-12    1.7404e-13 
4.9237e+02    1.8054e-12    1.7384e-13 
4.9435e+02    1.8070e-12    1.7364e-13 
4.9633e+02    1.8085e-12    1.7343e-13 
4.9832e+02    1.8101e-12    1.7323e-13 
5.0032e+02    1.8117e-12    1.7303e-13 
5.0233e+02    1.8133e-12    1.7283e-13 
5.0435e+02    1.8149e-12    1.7263e-13 
5.0637e+02    1.8165e-12    1.7243e-13 
5.0840e+02    1.8181e-12    1.7223e-13 
5.1044e+02    1.8197e-12    1.7203e-13 
5.1249e+02    1.8213e-12    1.7183e-13 
5.1455e+02    1.8229e-12    1.7164e-13 
5.1661e+02    1.8245e-12    1.7144e-13 
5.1869e+02    1.8261e-12    1.7124e-13 
5.2077e+02    1.8277e-12    1.7105e-13 
5.2286e+02    1.8293e-12    1.7085e-13 
5.2496e+02    1.8309e-12    1.7066e-13 
5.2706e+02    1.8324e-12    1.7046e-13 
5.2918e+02    1.8340e-12    1.7027e-13 
5.3130e+02    1.8356e-12    1.7008e-13 
5.3344e+02    1.8372e-12    1.6989e-13 
5.3558e+02    1.8388e-12    1.6970e-13 
5.3773e+02    1.8404e-12    1.6951e-13 
5.3988e+02    1.8420e-12    1.6932e-13 
5.4205e+02    1.8436e-12    1.6913e-13 
5.4423e+02    1.8452e-12    1.6894e-13 
5.4641e+02    1.8468e-12    1.6875e-13 
5.4860e+02    1.8484e-12    1.6856e-13 
5.5080e+02    1.8500e-12    1.6838e-13 
5.5301e+02    1.8515e-12    1.6819e-13 
5.5523e+02    1.8531e-12    1.6801e-13 
5.5746e+02    1.8547e-12    1.6782e-13 
5.5970e+02    1.8563e-12    1.6764e-13 
5.6195e+02    1.8579e-12    1.6745e-13 
5.6420e+02    1.8595e-12    1.6727e-13 
5.6647e+02    1.8611e-12    1.6709e-13 
5.6874e+02    1.8627e-12    1.6691e-13 
5.7102e+02    1.8643e-12    1.6673e-13 
5.7331e+02    1.8659e-12    1.6655e-13 
5.7561e+02    1.8674e-12    1.6637e-13 
5.7792e+02    1.8690e-12    1.6619e-13 
5.8024e+02    1.8706e-12    1.6601e-13 
5.8257e+02    1.8722e-12    1.6584e-13 
5.8491e+02    1.8738e-12    1.6566e-13 
5.8726e+02    1.8754e-12    1.6549e-13 
5.8961e+02    1.8770e-12    1.6531e-13 
5.9198e+02    1.8786e-12    1.6514e-13 
5.9436e+02    1.8801e-12    1.6496e-13 
5.9674e+02    1.8817e-12    1.6479e-13 
5.9914e+02    1.8833e-12    1.6462e-13 
6.0154e+02    1.8849e-12    1.6445e-13 
6.0395e+02    1.8865e-12    1.6428e-13 
6.0638e+02    1.8881e-12    1.6411e-13 
6.0881e+02    1.8897e-12    1.6394e-13 
6.1126e+02    1.8912e-12    1.6377e-13 
6.1371e+02    1.8928e-12    1.6360e-13 
6.1617e+02    1.8944e-12    1.6344e-13 
6.1864e+02    1.8960e-12    1.6327e-13 
6.2113e+02    1.8976e-12    1.6311e-13 
6.2362e+02    1.8992e-12    1.6294e-13 
6.2612e+02    1.9007e-12    1.6278e-13 
6.2863e+02    1.9023e-12    1.6262e-13 
6.3116e+02    1.9039e-12    1.6245e-13 
6.3369e+02    1.9055e-12    1.6229e-13 
6.3623e+02    1.9071e-12    1.6213e-13 
6.3879e+02    1.9087e-12    1.6197e-13 
6.4135e+02    1.9102e-12    1.6181e-13 
6.4392e+02    1.9118e-12    1.6166e-13 
6.4651e+02    1.9134e-12    1.6150e-13 
6.4910e+02    1.9150e-12    1.6134e-13 
6.5171e+02    1.9166e-12    1.6119e-13 
6.5432e+02    1.9181e-12    1.6103e-13 
6.5695e+02    1.9197e-12    1.6088e-13 
6.5959e+02    1.9213e-12    1.6072e-13 
6.6223e+02    1.9229e-12    1.6057e-13 
6.6489e+02    1.9245e-12    1.6042e-13 
6.6756e+02    1.9260e-12    1.6027e-13 
6.7024e+02    1.9276e-12    1.6012e-13 
6.7293e+02    1.9292e-12    1.5997e-13 
6.7563e+02    1.9308e-12    1.5982e-13 
6.7834e+02    1.9323e-12    1.5967e-13 
6.8106e+02    1.9339e-12    1.5953e-13 
6.8380e+02    1.9355e-12    1.5938e-13 
6.8654e+02    1.9371e-12    1.5924e-13 
6.8930e+02    1.9387e-12    1.5909e-13 
6.9206e+02    1.9402e-12    1.5895e-13 
6.9484e+02    1.9418e-12    1.5880e-13 
6.9763e+02    1.9434e-12    1.5866e-13 
7.0043e+02    1.9449e-12    1.5852e-13 
7.0324e+02    1.9465e-12    1.5838e-13 
7.0606e+02    1.9481e-12    1.5824e-13 
7.0889e+02    1.9497e-12    1.5810e-13 
7.1174e+02    1.9512e-12    1.5797e-13 
7.1460e+02    1.9528e-12    1.5783e-13 
7.1746e+02    1.9544e-12    1.5769e-13 
7.2034e+02    1.9560e-12    1.5756e-13 
7.2323e+02    1.9575e-12    1.5743e-13 
7.2614e+02    1.9591e-12    1.5729e-13 
7.2905e+02    1.9607e-12    1.5716e-13 
7.3198e+02    1.9622e-12    1.5703e-13 
7.3491e+02    1.9638e-12    1.5690e-13 
7.3786e+02    1.9654e-12    1.5677e-13 
7.4082e+02    1.9670e-12    1.5664e-13 
7.4380e+02    1.9685e-12    1.5651e-13 
7.4678e+02    1.9701e-12    1.5638e-13 
7.4978e+02    1.9717e-12    1.5626e-13 
7.5279e+02    1.9732e-12    1.5613e-13 
7.5581e+02    1.9748e-12    1.5601e-13 
7.5884e+02    1.9764e-12    1.5588e-13 
7.6189e+02    1.9779e-12    1.5576e-13 
7.6495e+02    1.9795e-12    1.5564e-13 
7.6802e+02    1.9811e-12    1.5552e-13 
7.7110e+02    1.9826e-12    1.5540e-13 
7.7419e+02    1.9842e-12    1.5528e-13 
7.7730e+02    1.9857e-12    1.5516e-13 
7.8042e+02    1.9873e-12    1.5504e-13 
7.8355e+02    1.9889e-12    1.5493e-13 
7.8670e+02    1.9904e-12    1.5481e-13 
7.8985e+02    1.9920e-12    1.5470e-13 
7.9302e+02    1.9936e-12    1.5458e-13 
7.9621e+02    1.9951e-12    1.5447e-13 
7.9940e+02    1.9967e-12    1.5436e-13 
8.0261e+02    1.9982e-12    1.5425e-13 
8.0583e+02    1.9998e-12    1.5414e-13 
8.0906e+02    2.0014e-12    1.5403e-13 
8.1231e+02    2.0029e-12    1.5392e-13 
8.1557e+02    2.0045e-12    1.5381e-13 
8.1884e+02    2.0060e-12    1.5371e-13 
8.2213e+02    2.0076e-12    1.5360e-13 
8.2543e+02    2.0092e-12    1.5350e-13 
8.2874e+02    2.0107e-12    1.5339e-13 
8.3207e+02    2.0123e-12    1.5329e-13 
8.3541e+02    2.0138e-12    1.5319e-13 
8.3876e+02    2.0154e-12    1.5309e-13 
8.4213e+02    2.0169e-12    1.5299e-13 
8.4551e+02    2.0185e-12    1.5289e-13 
8.4890e+02    2.0200e-12    1.5279e-13 
8.5231e+02    2.0216e-12    1.5270e-13 
8.5573e+02    2.0231e-12    1.5260e-13 
8.5916e+02    2.0247e-12    1.5251e-13 
8.6261e+02    2.0263e-12    1.5241e-13 
8.6607e+02    2.0278e-12    1.5232e-13 
8.6955e+02    2.0294e-12    1.5223e-13 
8.7304e+02    2.0309e-12    1.5213e-13 
8.7654e+02    2.0325e-12    1.5204e-13 
8.8006e+02    2.0340e-12    1.5195e-13 
8.8359e+02    2.0355e-12    1.5187e-13 
8.8713e+02    2.0371e-12    1.5178e-13 
8.9069e+02    2.0386e-12    1.5169e-13 
8.9427e+02    2.0402e-12    1.5161e-13 
8.9786e+02    2.0417e-12    1.5152e-13 
9.0146e+02    2.0433e-12    1.5144e-13 
9.0508e+02    2.0448e-12    1.5136e-13 
9.0871e+02    2.0464e-12    1.5127e-13 
9.1236e+02    2.0479e-12    1.5119e-13 
9.1602e+02    2.0495e-12    1.5111e-13 
9.1970e+02    2.0510e-12    1.5104e-13 
9.2339e+02    2.0525e-12    1.5096e-13 
9.2709e+02    2.0541e-12    1.5088e-13 
9.3081e+02    2.0556e-12    1.5080e-13 
9.3455e+02    2.0572e-12    1.5073e-13 
9.3830e+02    2.0587e-12    1.5066e-13 
9.4207e+02    2.0603e-12    1.5058e-13 
9.4585e+02    2.0618e-12    1.5051e-13 
9.4964e+02    2.0633e-12    1.5044e-13 
9.5345e+02    2.0649e-12    1.5037e-13 
9.5728e+02    2.0664e-12    1.5030e-13 
9.6112e+02    2.0679e-12    1.5023e-13 
9.6498e+02    2.0695e-12    1.5017e-13 
9.6885e+02    2.0710e-12    1.5010e-13 
9.7274e+02    2.0725e-12    1.5003e-13 
9.7664e+02    2.0741e-12    1.4997e-13 
9.8056e+02    2.0756e-12    1.4991e-13 
9.8450e+02    2.0771e-12    1.4985e-13 
9.8845e+02    2.0787e-12    1.4978e-13 
9.9242e+02    2.0802e-12    1.4972e-13 
9.9640e+02    2.0817e-12    1.4966e-13 
1.0004e+03    2.0833e-12    1.4961e-13 
1.0044e+03    2.0848e-12    1.4955e-13 
1.0084e+03    2.0863e-12    1.4949e-13 
1.0125e+03    2.0879e-12    1.4944e-13 
1.0166e+03    2.0894e-12    1.4938e-13 
1.0206e+03    2.0909e-12    1.4933e-13 
1.0247e+03    2.0924e-12    1.4928e-13 
1.0288e+03    2.0940e-12    1.4923e-13 
1.0330e+03    2.0955e-12    1.4918e-13 
1.0371e+03    2.0970e-12    1.4913e-13 
1.0413e+03    2.0985e-12    1.4908e-13 
1.0455e+03    2.1001e-12    1.4903e-13 
1.0497e+03    2.1016e-12    1.4898e-13 
1.0539e+03    2.1031e-12    1.4894e-13 
1.0581e+03    2.1046e-12    1.4889e-13 
1.0623e+03    2.1062e-12    1.4885e-13 
1.0666e+03    2.1077e-12    1.4881e-13 
1.0709e+03    2.1092e-12    1.4877e-13 
1.0752e+03    2.1107e-12    1.4873e-13 
1.0795e+03    2.1122e-12    1.4869e-13 
1.0838e+03    2.1138e-12    1.4865e-13 
1.0882e+03    2.1153e-12    1.4861e-13 
1.0925e+03    2.1168e-12    1.4857e-13 
1.0969e+03    2.1183e-12    1.4854e-13 
1.1013e+03    2.1198e-12    1.4850e-13 
1.1058e+03    2.1213e-12    1.4847e-13 
1.1102e+03    2.1228e-12    1.4844e-13 
1.1146e+03    2.1244e-12    1.4841e-13 
1.1191e+03    2.1259e-12    1.4838e-13 
1.1236e+03    2.1274e-12    1.4835e-13 
1.1281e+03    2.1289e-12    1.4832e-13 
1.1326e+03    2.1304e-12    1.4829e-13 
1.1372e+03    2.1319e-12    1.4826e-13 
1.1418e+03    2.1334e-12    1.4824e-13 
1.1463e+03    2.1349e-12    1.4821e-13 
1.1509e+03    2.1364e-12    1.4819e-13 
1.1556e+03    2.1379e-12    1.4817e-13 
1.1602e+03    2.1394e-12    1.4814e-13 
1.1649e+03    2.1409e-12    1.4812e-13 
1.1695e+03    2.1425e-12    1.4810e-13 
1.1742e+03    2.1440e-12    1.4808e-13 
1.1789e+03    2.1455e-12    1.4807e-13 
1.1837e+03    2.1470e-12    1.4805e-13 
1.1884e+03    2.1485e-12    1.4803e-13 
1.1932e+03    2.1500e-12    1.4802e-13 
1.1980e+03    2.1515e-12    1.4801e-13 
1.2028e+03    2.1530e-12    1.4799e-13 
1.2076e+03    2.1545e-12    1.4798e-13 
1.2125e+03    2.1560e-12    1.4797e-13 
1.2173e+03    2.1574e-12    1.4796e-13 
1.2222e+03    2.1589e-12    1.4795e-13 
1.2271e+03    2.1604e-12    1.4794e-13 
1.2320e+03    2.1619e-12    1.4793e-13 
1.2370e+03    2.1634e-12    1.4793e-13 
1.2419e+03    2.1649e-12    1.4792e-13 
1.2469e+03    2.1664e-12    1.4792e-13 
1.2519e+03    2.1679e-12    1.4792e-13 
1.2570e+03    2.1694e-12    1.4791e-13 
1.2620e+03    2.1709e-12    1.4791e-13 
1.2671e+03    2.1724e-12    1.4791e-13 
1.2721e+03    2.1739e-12    1.4791e-13 
1.2773e+03    2.1753e-12    1.4791e-13 
1.2824e+03    2.1768e-12    1.4792e-13 
1.2875e+03    2.1783e-12    1.4792e-13 
1.2927e+03    2.1798e-12    1.4793e-13 
1.2979e+03    2.1813e-12    1.4793e-13 
1.3031e+03    2.1828e-12    1.4794e-13 
1.3083e+03    2.1842e-12    1.4794e-13 
1.3136e+03    2.1857e-12    1.4795e-13 
1.3188e+03    2.1872e-12    1.4796e-13 
1.3241e+03    2.1887e-12    1.4797e-13 
1.3294e+03    2.1902e-12    1.4798e-13 
1.3348e+03    2.1916e-12    1.4800e-13 
1.3401e+03    2.1931e-12    1.4801e-13 
1.3455e+03    2.1946e-12    1.4802e-13 
1.3509e+03    2.1961e-12    1.4804e-13 
1.3563e+03    2.1975e-12    1.4805e-13 
1.3618e+03    2.1990e-12    1.4807e-13 
1.3673e+03    2.2005e-12    1.4809e-13 
1.3727e+03    2.2020e-12    1.4811e-13 
1.3782e+03    2.2034e-12    1.4813e-13 
1.3838e+03    2.2049e-12    1.4815e-13 
1.3893e+03    2.2064e-12    1.4817e-13 
1.3949e+03    2.2078e-12    1.4819e-13 
1.4005e+03    2.2093e-12    1.4822e-13 
1.4061e+03    2.2108e-12    1.4824e-13 
1.4118e+03    2.2122e-12    1.4827e-13 
1.4174e+03    2.2137e-12    1.4829e-13 
1.4231e+03    2.2152e-12    1.4832e-13 
1.4288e+03    2.2166e-12    1.4835e-13 
1.4346e+03    2.2181e-12    1.4838e-13 
1.4403e+03    2.2196e-12    1.4841e-13 
1.4461e+03    2.2210e-12    1.4844e-13 
1.4519e+03    2.2225e-12    1.4847e-13 
1.4577e+03    2.2239e-12    1.4850e-13 
1.4636e+03    2.2254e-12    1.4854e-13 
1.4695e+03    2.2268e-12    1.4857e-13 
1.4754e+03    2.2283e-12    1.4861e-13 
1.4813e+03    2.2298e-12    1.4864e-13 
1.4872e+03    2.2312e-12    1.4868e-13 
1.4932e+03    2.2327e-12    1.4872e-13 
1.4992e+03    2.2341e-12    1.4876e-13 
1.5052e+03    2.2356e-12    1.4880e-13 
1.5112e+03    2.2370e-12    1.4884e-13 
1.5173e+03    2.2385e-12    1.4888e-13 
1.5234e+03    2.2399e-12    1.4892e-13 
1.5295e+03    2.2414e-12    1.4897e-13 
1.5356e+03    2.2428e-12    1.4901e-13 
1.5418e+03    2.2443e-12    1.4906e-13 
1.5480e+03    2.2457e-12    1.4911e-13 
1.5542e+03    2.2471e-12    1.4915e-13 
1.5604e+03    2.2486e-12    1.4920e-13 
1.5667e+03    2.2500e-12    1.4925e-13 
1.5730e+03    2.2515e-12    1.4930e-13 
1.5793e+03    2.2529e-12    1.4935e-13 
1.5856e+03    2.2543e-12    1.4940e-13 
1.5920e+03    2.2558e-12    1.4946e-13 
1.5984e+03    2.2572e-12    1.4951e-13 
1.6048e+03    2.2587e-12    1.4956e-13 
1.6113e+03    2.2601e-12    1.4962e-13 
1.6177e+03    2.2615e-12    1.4968e-13 
1.6242e+03    2.2630e-12    1.4973e-13 
1.6307e+03    2.2644e-12    1.4979e-13 
1.6373e+03    2.2658e-12    1.4985e-13 
1.6438e+03    2.2672e-12    1.4991e-13 
1.6504e+03    2.2687e-12    1.4997e-13 
1.6571e+03    2.2701e-12    1.5003e-13 
1.6637e+03    2.2715e-12    1.5010e-13 
1.6704e+03    2.2730e-12    1.5016e-13 
1.6771e+03    2.2744e-12    1.5022e-13 
1.6838e+03    2.2758e-12    1.5029e-13 
1.6906e+03    2.2772e-12    1.5035e-13 
1.6974e+03    2.2786e-12    1.5042e-13 
1.7042e+03    2.2801e-12    1.5049e-13 
1.7110e+03    2.2815e-12    1.5056e-13 
1.7179e+03    2.2829e-12    1.5063e-13 
1.7248e+03    2.2843e-12    1.5070e-13 
1.7317e+03    2.2857e-12    1.5077e-13 
1.7387e+03    2.2872e-12    1.5084e-13 
1.7456e+03    2.2886e-12    1.5091e-13 
1.7526e+03    2.2900e-12    1.5099e-13 
1.7597e+03    2.2914e-12    1.5106e-13 
1.7667e+03    2.2928e-12    1.5114e-13 
1.7738e+03    2.2942e-12    1.5121e-13 
1.7809e+03    2.2956e-12    1.5129e-13 
1.7881e+03    2.2970e-12    1.5137e-13 
1.7953e+03    2.2984e-12    1.5145e-13 
1.8025e+03    2.2998e-12    1.5153e-13 
1.8097e+03    2.3013e-12    1.5161e-13 
1.8170e+03    2.3027e-12    1.5169e-13 
1.8243e+03    2.3041e-12    1.5177e-13 
1.8316e+03    2.3055e-12    1.5185e-13 
1.8389e+03    2.3069e-12    1.5194e-13 
1.8463e+03    2.3083e-12    1.5202e-13 
1.8537e+03    2.3097e-12    1.5211e-13 
1.8612e+03    2.3111e-12    1.5219e-13 
1.8686e+03    2.3125e-12    1.5228e-13 
1.8761e+03    2.3138e-12    1.5237e-13 
1.8837e+03    2.3152e-12    1.5246e-13 
1.8912e+03    2.3166e-12    1.5255e-13 
1.8988e+03    2.3180e-12    1.5264e-13 
1.9064e+03    2.3194e-12    1.5273e-13 
1.9141e+03    2.3208e-12    1.5282e-13 
1.9218e+03    2.3222e-12    1.5291e-13 
1.9295e+03    2.3236e-12    1.5300e-13 
1.9372e+03    2.3250e-12    1.5310e-13 
1.9450e+03    2.3263e-12    1.5319e-13 
1.9528e+03    2.3277e-12    1.5329e-13 
1.9606e+03    2.3291e-12    1.5339e-13 
1.9685e+03    2.3305e-12    1.5348e-13 
1.9764e+03    2.3319e-12    1.5358e-13 
1.9843e+03    2.3333e-12    1.5368e-13 
1.9923e+03    2.3346e-12    1.5378e-13 
2.0003e+03    2.3360e-12    1.5388e-13 
2.0083e+03    2.3374e-12    1.5398e-13 
2.0164e+03    2.3388e-12    1.5409e-13 
2.0245e+03    2.3401e-12    1.5419e-13 
2.0326e+03    2.3415e-12    1.5429e-13 
2.0408e+03    2.3429e-12    1.5440e-13 
2.0489e+03    2.3442e-12    1.5450e-13 
2.0572e+03    2.3456e-12    1.5461e-13 
2.0654e+03    2.3470e-12    1.5472e-13 
2.0737e+03    2.3484e-12    1.5482e-13 
2.0820e+03    2.3497e-12    1.5493e-13 
2.0904e+03    2.3511e-12    1.5504e-13 
2.0988e+03    2.3524e-12    1.5515e-13 
2.1072e+03    2.3538e-12    1.5526e-13 
2.1157e+03    2.3552e-12    1.5537e-13 
2.1242e+03    2.3565e-12    1.5549e-13 
2.1327e+03    2.3579e-12    1.5560e-13 
2.1412e+03    2.3592e-12    1.5571e-13 
2.1498e+03    2.3606e-12    1.5583e-13 
2.1585e+03    2.3620e-12    1.5594e-13 
2.1671e+03    2.3633e-12    1.5606e-13 
2.1758e+03    2.3647e-12    1.5618e-13 
2.1845e+03    2.3660e-12    1.5629e-13 
2.1933e+03    2.3674e-12    1.5641e-13 
2.2021e+03    2.3687e-12    1.5653e-13 
2.2110e+03    2.3701e-12    1.5665e-13 
2.2198e+03    2.3714e-12    1.5677e-13 
2.2287e+03    2.3727e-12    1.5689e-13 
2.2377e+03    2.3741e-12    1.5702e-13 
2.2467e+03    2.3754e-12    1.5714e-13 
2.2557e+03    2.3768e-12    1.5726e-13 
2.2647e+03    2.3781e-12    1.5739e-13 
2.2738e+03    2.3794e-12    1.5751e-13 
2.2829e+03    2.3808e-12    1.5764e-13 
2.2921e+03    2.3821e-12    1.5777e-13 
2.3013e+03    2.3835e-12    1.5789e-13 
2.3105e+03    2.3848e-12    1.5802e-13 
2.3198e+03    2.3861e-12    1.5815e-13 
2.3291e+03    2.3875e-12    1.5828e-13 
2.3385e+03    2.3888e-12    1.5841e-13 
2.3479e+03    2.3901e-12    1.5854e-13 
2.3573e+03    2.3914e-12    1.5867e-13 
2.3667e+03    2.3928e-12    1.5881e-13 
2.3762e+03    2.3941e-12    1.5894e-13 
2.3858e+03    2.3954e-12    1.5907e-13 
2.3953e+03    2.3967e-12    1.5921e-13 
2.4050e+03    2.3981e-12    1.5934e-13 
2.4146e+03    2.3994e-12    1.5948e-13 
2.4243e+03    2.4007e-12    1.5962e-13 
2.4340e+03    2.4020e-12    1.5975e-13 
2.4438e+03    2.4033e-12    1.5989e-13 
2.4536e+03    2.4046e-12    1.6003e-13 
2.4635e+03    2.4060e-12    1.6017e-13 
2.4733e+03    2.4073e-12    1.6031e-13 
2.4833e+03    2.4086e-12    1.6045e-13 
2.4932e+03    2.4099e-12    1.6060e-13 
2.5032e+03    2.4112e-12    1.6074e-13 
2.5133e+03    2.4125e-12    1.6088e-13 
2.5234e+03    2.4138e-12    1.6103e-13 
2.5335e+03    2.4151e-12    1.6117e-13 
2.5437e+03    2.4164e-12    1.6132e-13 
2.5539e+03    2.4177e-12    1.6146e-13 
2.5641e+03    2.4190e-12    1.6161e-13 
2.5744e+03    2.4203e-12    1.6176e-13 
2.5847e+03    2.4216e-12    1.6191e-13 
2.5951e+03    2.4229e-12    1.6206e-13 
2.6055e+03    2.4242e-12    1.6221e-13 
2.6160e+03    2.4255e-12    1.6236e-13 
2.6265e+03    2.4268e-12    1.6251e-13 
2.6370e+03    2.4281e-12    1.6266e-13 
2.6476e+03    2.4294e-12    1.6281e-13 
2.6582e+03    2.4306e-12    1.6297e-13 
2.6689e+03    2.4319e-12    1.6312e-13 
2.6796e+03    2.4332e-12    1.6327e-13 
2.6904e+03    2.4345e-12    1.6343e-13 
2.7012e+03    2.4358e-12    1.6359e-13 
2.7120e+03    2.4371e-12    1.6374e-13 
2.7229e+03    2.4383e-12    1.6390e-13 
2.7338e+03    2.4396e-12    1.6406e-13 
2.7448e+03    2.4409e-12    1.6422e-13 
2.7558e+03    2.4422e-12    1.6438e-13 
2.7669e+03    2.4435e-12    1.6454e-13 
2.7780e+03    2.4447e-12    1.6470e-13 
2.7891e+03    2.4460e-12    1.6486e-13 
2.8003e+03    2.4473e-12    1.6502e-13 
2.8115e+03    2.4485e-12    1.6519e-13 
2.8228e+03    2.4498e-12    1.6535e-13 
2.8342e+03    2.4511e-12    1.6552e-13 
2.8455e+03    2.4523e-12    1.6568e-13 
2.8570e+03    2.4536e-12    1.6585e-13 
2.8684e+03    2.4549e-12    1.6601e-13 
2.8799e+03    2.4561e-12    1.6618e-13 
2.8915e+03    2.4574e-12    1.6635e-13 
2.9031e+03    2.4586e-12    1.6652e-13 
2.9147e+03    2.4599e-12    1.6669e-13 
2.9264e+03    2.4611e-12    1.6686e-13 
2.9382e+03    2.4624e-12    1.6703e-13 
2.9500e+03    2.4636e-12    1.6720e-13 
2.9618e+03    2.4649e-12    1.6737e-13 
2.9737e+03    2.4661e-12    1.6754e-13 
2.9856e+03    2.4674e-12    1.6772e-13 
2.9976e+03    2.4686e-12    1.6789e-13 
3.0096e+03    2.4699e-12    1.6807e-13 
3.0217e+03    2.4711e-12    1.6824e-13 
3.0339e+03    2.4724e-12    1.6842e-13 
3.0460e+03    2.4736e-12    1.6860e-13 
3.0583e+03    2.4748e-12    1.6878e-13 
3.0705e+03    2.4761e-12    1.6895e-13 
3.0828e+03    2.4773e-12    1.6913e-13 
3.0952e+03    2.4785e-12    1.6931e-13 
3.1076e+03    2.4798e-12    1.6949e-13 
3.1201e+03    2.4810e-12    1.6967e-13 
3.1326e+03    2.4822e-12    1.6986e-13 
3.1452e+03    2.4835e-12    1.7004e-13 
3.1578e+03    2.4847e-12    1.7022e-13 
3.1705e+03    2.4859e-12    1.7041e-13 
3.1832e+03    2.4871e-12    1.7059e-13 
3.1960e+03    2.4884e-12    1.7078e-13 
3.2088e+03    2.4896e-12    1.7096e-13 
3.2217e+03    2.4908e-12    1.7115e-13 
3.2346e+03    2.4920e-12    1.7134e-13 
3.2476e+03    2.4932e-12    1.7153e-13 
3.2607e+03    2.4945e-12    1.7171e-13 
3.2737e+03    2.4957e-12    1.7190e-13 
3.2869e+03    2.4969e-12    1.7209e-13 
3.3001e+03    2.4981e-12    1.7229e-13 
3.3133e+03    2.4993e-12    1.7248e-13 
3.3266e+03    2.5005e-12    1.7267e-13 
3.3400e+03    2.5017e-12    1.7286e-13 
3.3534e+03    2.5029e-12    1.7306e-13 
3.3668e+03    2.5041e-12    1.7325e-13 
3.3803e+03    2.5053e-12    1.7345e-13 
3.3939e+03    2.5065e-12    1.7364e-13 
3.4075e+03    2.5077e-12    1.7384e-13 
3.4212e+03    2.5089e-12    1.7404e-13 
3.4349e+03    2.5101e-12    1.7423e-13 
3.4487e+03    2.5113e-12    1.7443e-13 
3.4625e+03    2.5125e-12    1.7463e-13 
3.4764e+03    2.5137e-12    1.7483e-13 
3.4904e+03    2.5149e-12    1.7503e-13 
3.5044e+03    2.5161e-12    1.7524e-13 
3.5185e+03    2.5172e-12    1.7544e-13 
3.5326e+03    2.5184e-12    1.7564e-13 
3.5468e+03    2.5196e-12    1.7584e-13 
3.5610e+03    2.5208e-12    1.7605e-13 
3.5753e+03    2.5220e-12    1.7625e-13 
3.5896e+03    2.5231e-12    1.7646e-13 
3.6040e+03    2.5243e-12    1.7667e-13 
3.6185e+03    2.5255e-12    1.7687e-13 
3.6330e+03    2.5267e-12    1.7708e-13 
3.6476e+03    2.5278e-12    1.7729e-13 
3.6622e+03    2.5290e-12    1.7750e-13 
3.6769e+03    2.5302e-12    1.7771e-13 
3.6917e+03    2.5313e-12    1.7792e-13 
3.7065e+03    2.5325e-12    1.7813e-13 
3.7214e+03    2.5337e-12    1.7834e-13 
3.7363e+03    2.5348e-12    1.7856e-13 
3.7513e+03    2.5360e-12    1.7877e-13 
3.7664e+03    2.5372e-12    1.7899e-13 
3.7815e+03    2.5383e-12    1.7920e-13 
3.7967e+03    2.5395e-12    1.7942e-13 
3.8119e+03    2.5406e-12    1.7963e-13 
3.8272e+03    2.5418e-12    1.7985e-13 
3.8426e+03    2.5429e-12    1.8007e-13 
3.8580e+03    2.5441e-12    1.8029e-13 
3.8735e+03    2.5452e-12    1.8051e-13 
3.8890e+03    2.5464e-12    1.8073e-13 
3.9046e+03    2.5475e-12    1.8095e-13 
3.9203e+03    2.5487e-12    1.8117e-13 
3.9360e+03    2.5498e-12    1.8139e-13 
3.9518e+03    2.5509e-12    1.8162e-13 
3.9677e+03    2.5521e-12    1.8184e-13 
3.9836e+03    2.5532e-12    1.8206e-13 
3.9996e+03    2.5543e-12    1.8229e-13 
4.0156e+03    2.5555e-12    1.8252e-13 
4.0318e+03    2.5566e-12    1.8274e-13 
4.0479e+03    2.5577e-12    1.8297e-13 
4.0642e+03    2.5589e-12    1.8320e-13 
4.0805e+03    2.5600e-12    1.8343e-13 
4.0969e+03    2.5611e-12    1.8366e-13 
4.1133e+03    2.5622e-12    1.8389e-13 
4.1298e+03    2.5634e-12    1.8412e-13 
4.1464e+03    2.5645e-12    1.8435e-13 
4.1630e+03    2.5656e-12    1.8458e-13 
4.1797e+03    2.5667e-12    1.8482e-13 
4.1965e+03    2.5678e-12    1.8505e-13 
4.2134e+03    2.5689e-12    1.8529e-13 
4.2303e+03    2.5701e-12    1.8552e-13 
4.2472e+03    2.5712e-12    1.8576e-13 
4.2643e+03    2.5723e-12    1.8600e-13 
4.2814e+03    2.5734e-12    1.8624e-13 
4.2986e+03    2.5745e-12    1.8647e-13 
4.3158e+03    2.5756e-12    1.8671e-13 
4.3332e+03    2.5767e-12    1.8695e-13 
4.3505e+03    2.5778e-12    1.8720e-13 
4.3680e+03    2.5789e-12    1.8744e-13 
4.3855e+03    2.5800e-12    1.8768e-13 
4.4031e+03    2.5811e-12    1.8792e-13 
4.4208e+03    2.5822e-12    1.8817e-13 
4.4385e+03    2.5833e-12    1.8841e-13 
4.4564e+03    2.5843e-12    1.8866e-13 
4.4742e+03    2.5854e-12    1.8891e-13 
4.4922e+03    2.5865e-12    1.8915e-13 
4.5102e+03    2.5876e-12    1.8940e-13 
4.5283e+03    2.5887e-12    1.8965e-13 
4.5465e+03    2.5898e-12    1.8990e-13 
4.5647e+03    2.5908e-12    1.9015e-13 
4.5831e+03    2.5919e-12    1.9040e-13 
4.6015e+03    2.5930e-12    1.9065e-13 
4.6199e+03    2.5941e-12    1.9091e-13 
4.6385e+03    2.5951e-12    1.9116e-13 
4.6571e+03    2.5962e-12    1.9142e-13 
4.6758e+03    2.5973e-12    1.9167e-13 
4.6945e+03    2.5983e-12    1.9193e-13 
4.7134e+03    2.5994e-12    1.9218e-13 
4.7323e+03    2.6005e-12    1.9244e-13 
4.7513e+03    2.6015e-12    1.9270e-13 
4.7704e+03    2.6026e-12    1.9296e-13 
4.7895e+03    2.6037e-12    1.9322e-13 
4.8087e+03    2.6047e-12    1.9348e-13 
4.8280e+03    2.6058e-12    1.9374e-13 
4.8474e+03    2.6068e-12    1.9401e-13 
4.8668e+03    2.6079e-12    1.9427e-13 
4.8864e+03    2.6089e-12    1.9453e-13 
4.9060e+03    2.6100e-12    1.9480e-13 
4.9257e+03    2.6110e-12    1.9507e-13 
4.9454e+03    2.6121e-12    1.9533e-13 
4.9653e+03    2.6131e-12    1.9560e-13 
4.9852e+03    2.6141e-12    1.9587e-13 
5.0052e+03    2.6152e-12    1.9614e-13 
5.0253e+03    2.6162e-12    1.9641e-13 
5.0455e+03    2.6172e-12    1.9668e-13 
5.0657e+03    2.6183e-12    1.9695e-13 
5.0861e+03    2.6193e-12    1.9722e-13 
5.1065e+03    2.6203e-12    1.9750e-13 
5.1270e+03    2.6214e-12    1.9777e-13 
5.1475e+03    2.6224e-12    1.9805e-13 
5.1682e+03    2.6234e-12    1.9832e-13 
5.1889e+03    2.6244e-12    1.9860e-13 
5.2098e+03    2.6255e-12    1.9888e-13 
5.2307e+03    2.6265e-12    1.9916e-13 
5.2517e+03    2.6275e-12    1.9944e-13 
5.2727e+03    2.6285e-12    1.9972e-13 
5.2939e+03    2.6295e-12    2.0000e-13 
5.3151e+03    2.6305e-12    2.0028e-13 
5.3365e+03    2.6315e-12    2.0056e-13 
5.3579e+03    2.6326e-12    2.0085e-13 
5.3794e+03    2.6336e-12    2.0113e-13 
5.4010e+03    2.6346e-12    2.0142e-13 
5.4227e+03    2.6356e-12    2.0170e-13 
5.4444e+03    2.6366e-12    2.0199e-13 
5.4663e+03    2.6376e-12    2.0228e-13 
5.4882e+03    2.6386e-12    2.0257e-13 
5.5102e+03    2.6396e-12    2.0286e-13 
5.5323e+03    2.6405e-12    2.0315e-13 
5.5545e+03    2.6415e-12    2.0344e-13 
5.5768e+03    2.6425e-12    2.0374e-13 
5.5992e+03    2.6435e-12    2.0403e-13 
5.6217e+03    2.6445e-12    2.0432e-13 
5.6443e+03    2.6455e-12    2.0462e-13 
5.6669e+03    2.6465e-12    2.0492e-13 
5.6896e+03    2.6474e-12    2.0521e-13 
5.7125e+03    2.6484e-12    2.0551e-13 
5.7354e+03    2.6494e-12    2.0581e-13 
5.7584e+03    2.6504e-12    2.0611e-13 
5.7815e+03    2.6513e-12    2.0641e-13 
5.8047e+03    2.6523e-12    2.0671e-13 
5.8280e+03    2.6533e-12    2.0702e-13 
5.8514e+03    2.6543e-12    2.0732e-13 
5.8749e+03    2.6552e-12    2.0763e-13 
5.8985e+03    2.6562e-12    2.0793e-13 
5.9222e+03    2.6571e-12    2.0824e-13 
5.9459e+03    2.6581e-12    2.0855e-13 
5.9698e+03    2.6591e-12    2.0885e-13 
5.9937e+03    2.6600e-12    2.0916e-13 
6.0178e+03    2.6610e-12    2.0947e-13 
6.0419e+03    2.6619e-12    2.0979e-13 
6.0662e+03    2.6629e-12    2.1010e-13 
6.0905e+03    2.6638e-12    2.1041e-13 
6.1150e+03    2.6648e-12    2.1073e-13 
6.1395e+03    2.6657e-12    2.1104e-13 
6.1642e+03    2.6667e-12    2.1136e-13 
6.1889e+03    2.6676e-12    2.1167e-13 
6.2137e+03    2.6685e-12    2.1199e-13 
6.2387e+03    2.6695e-12    2.1231e-13 
6.2637e+03    2.6704e-12    2.1263e-13 
6.2888e+03    2.6713e-12    2.1295e-13 
6.3141e+03    2.6723e-12    2.1327e-13 
6.3394e+03    2.6732e-12    2.1360e-13 
6.3649e+03    2.6741e-12    2.1392e-13 
6.3904e+03    2.6750e-12    2.1425e-13 
6.4161e+03    2.6760e-12    2.1457e-13 
6.4418e+03    2.6769e-12    2.1490e-13 
6.4677e+03    2.6778e-12    2.1523e-13 
6.4936e+03    2.6787e-12    2.1556e-13 
6.5197e+03    2.6796e-12    2.1589e-13 
6.5458e+03    2.6806e-12    2.1622e-13 
6.5721e+03    2.6815e-12    2.1655e-13 
6.5985e+03    2.6824e-12    2.1688e-13 
6.6250e+03    2.6833e-12    2.1722e-13 
6.6516e+03    2.6842e-12    2.1755e-13 
6.6782e+03    2.6851e-12    2.1789e-13 
6.7050e+03    2.6860e-12    2.1822e-13 
6.7320e+03    2.6869e-12    2.1856e-13 
6.7590e+03    2.6878e-12    2.1890e-13 
6.7861e+03    2.6887e-12    2.1924e-13 
6.8133e+03    2.6896e-12    2.1958e-13 
6.8407e+03    2.6905e-12    2.1992e-13 
6.8681e+03    2.6914e-12    2.2027e-13 
6.8957e+03    2.6923e-12    2.2061e-13 
6.9234e+03    2.6931e-12    2.2096e-13 
6.9512e+03    2.6940e-12    2.2130e-13 
6.9790e+03    2.6949e-12    2.2165e-13 
7.0071e+03    2.6958e-12    2.2200e-13 
7.0352e+03    2.6967e-12    2.2235e-13 
7.0634e+03    2.6975e-12    2.2270e-13 
7.0918e+03    2.6984e-12    2.2305e-13 
7.1202e+03    2.6993e-12    2.2340e-13 
7.1488e+03    2.7002e-12    2.2376e-13 
7.1775e+03    2.7010e-12    2.2411e-13 
7.2063e+03    2.7019e-12    2.2447e-13 
7.2352e+03    2.7028e-12    2.2482e-13 
7.2642e+03    2.7036e-12    2.2518e-13 
7.2934e+03    2.7045e-12    2.2554e-13 
7.3227e+03    2.7053e-12    2.2590e-13 
7.3521e+03    2.7062e-12    2.2626e-13 
7.3816e+03    2.7070e-12    2.2662e-13 
7.4112e+03    2.7079e-12    2.2699e-13 
7.4409e+03    2.7087e-12    2.2735e-13 
7.4708e+03    2.7096e-12    2.2772e-13 
7.5008e+03    2.7104e-12    2.2808e-13 
7.5309e+03    2.7113e-12    2.2845e-13 
7.5611e+03    2.7121e-12    2.2882e-13 
7.5914e+03    2.7130e-12    2.2919e-13 
7.6219e+03    2.7138e-12    2.2956e-13 
7.6525e+03    2.7146e-12    2.2993e-13 
7.6832e+03    2.7155e-12    2.3031e-13 
7.7140e+03    2.7163e-12    2.3068e-13 
7.7450e+03    2.7171e-12    2.3106e-13 
7.7761e+03    2.7180e-12    2.3143e-13 
7.8073e+03    2.7188e-12    2.3181e-13 
7.8386e+03    2.7196e-12    2.3219e-13 
7.8701e+03    2.7204e-12    2.3257e-13 
7.9017e+03    2.7213e-12    2.3295e-13 
7.9334e+03    2.7221e-12    2.3333e-13 
7.9652e+03    2.7229e-12    2.3371e-13 
7.9972e+03    2.7237e-12    2.3410e-13 
8.0293e+03    2.7245e-12    2.3448e-13 
8.0615e+03    2.7253e-12    2.3487e-13 
8.0938e+03    2.7261e-12    2.3526e-13 
8.1263e+03    2.7269e-12    2.3565e-13 
8.1589e+03    2.7277e-12    2.3604e-13 
8.1917e+03    2.7285e-12    2.3643e-13 
8.2246e+03    2.7293e-12    2.3682e-13 
8.2576e+03    2.7301e-12    2.3722e-13 
8.2907e+03    2.7309e-12    2.3761e-13 
8.3240e+03    2.7317e-12    2.3801e-13 
8.3574e+03    2.7325e-12    2.3840e-13 
8.3909e+03    2.7333e-12    2.3880e-13 
8.4246e+03    2.7341e-12    2.3920e-13 
8.4584e+03    2.7349e-12    2.3960e-13 
8.4924e+03    2.7357e-12    2.4000e-13 
8.5264e+03    2.7364e-12    2.4041e-13 
8.5607e+03    2.7372e-12    2.4081e-13 
8.5950e+03    2.7380e-12    2.4122e-13 
8.6295e+03    2.7388e-12    2.4162e-13 
8.6641e+03    2.7396e-12    2.4203e-13 
8.6989e+03    2.7403e-12    2.4244e-13 
8.7338e+03    2.7411e-12    2.4285e-13 
8.7689e+03    2.7419e-12    2.4326e-13 
8.8041e+03    2.7426e-12    2.4367e-13 
8.8394e+03    2.7434e-12    2.4409e-13 
8.8749e+03    2.7441e-12    2.4450e-13 
8.9105e+03    2.7449e-12    2.4492e-13 
8.9462e+03    2.7457e-12    2.4533e-13 
8.9821e+03    2.7464e-12    2.4575e-13 
9.0182e+03    2.7472e-12    2.4617e-13 
9.0544e+03    2.7479e-12    2.4659e-13 
9.0907e+03    2.7487e-12    2.4702e-13 
9.1272e+03    2.7494e-12    2.4744e-13 
9.1638e+03    2.7501e-12    2.4786e-13 
9.2006e+03    2.7509e-12    2.4829e-13 
9.2375e+03    2.7516e-12    2.4872e-13 
9.2746e+03    2.7524e-12    2.4914e-13 
9.3118e+03    2.7531e-12    2.4957e-13 
9.3492e+03    2.7538e-12    2.5000e-13 
9.3867e+03    2.7546e-12    2.5044e-13 
9.4244e+03    2.7553e-12    2.5087e-13 
9.4622e+03    2.7560e-12    2.5130e-13 
9.5002e+03    2.7567e-12    2.5174e-13 
9.5383e+03    2.7575e-12    2.5218e-13 
9.5766e+03    2.7582e-12    2.5261e-13 
9.6150e+03    2.7589e-12    2.5305e-13 
9.6536e+03    2.7596e-12    2.5349e-13 
9.6924e+03    2.7603e-12    2.5394e-13 
9.7313e+03    2.7610e-12    2.5438e-13 
9.7703e+03    2.7617e-12    2.5482e-13 
9.8095e+03    2.7625e-12    2.5527e-13 
9.8489e+03    2.7632e-12    2.5572e-13 
9.8884e+03    2.7639e-12    2.5616e-13 
9.9281e+03    2.7646e-12    2.5661e-13 
9.9679e+03    2.7653e-12    2.5706e-13 
1.0008e+04    2.7660e-12    2.5752e-13 
1.0048e+04    2.7667e-12    2.5797e-13 
1.0088e+04    2.7673e-12    2.5842e-13 
1.0129e+04    2.7680e-12    2.5888e-13 
1.0170e+04    2.7687e-12    2.5934e-13 
1.0210e+04    2.7694e-12    2.5979e-13 
1.0251e+04    2.7701e-12    2.6025e-13 
1.0293e+04    2.7708e-12    2.6071e-13 
1.0334e+04    2.7714e-12    2.6118e-13 
1.0375e+04    2.7721e-12    2.6164e-13 
1.0417e+04    2.7728e-12    2.6210e-13 
1.0459e+04    2.7735e-12    2.6257e-13 
1.0501e+04    2.7741e-12    2.6304e-13 
1.0543e+04    2.7748e-12    2.6351e-13 
1.0585e+04    2.7755e-12    2.6398e-13 
1.0628e+04    2.7761e-12    2.6445e-13 
1.0670e+04    2.7768e-12    2.6492e-13 
1.0713e+04    2.7775e-12    2.6539e-13 
1.0756e+04    2.7781e-12    2.6587e-13 
1.0799e+04    2.7788e-12    2.6634e-13 
1.0843e+04    2.7794e-12    2.6682e-13 
1.0886e+04    2.7801e-12    2.6730e-13 
1.0930e+04    2.7807e-12    2.6778e-13 
1.0974e+04    2.7814e-12    2.6826e-13 
1.1018e+04    2.7820e-12    2.6875e-13 
1.1062e+04    2.7827e-12    2.6923e-13 
1.1106e+04    2.7833e-12    2.6972e-13 
1.1151e+04    2.7839e-12    2.7020e-13 
1.1196e+04    2.7846e-12    2.7069e-13 
1.1241e+04    2.7852e-12    2.7118e-13 
1.1286e+04    2.7858e-12    2.7167e-13 
1.1331e+04    2.7865e-12    2.7216e-13 
1.1376e+04    2.7871e-12    2.7266e-13 
1.1422e+04    2.7877e-12    2.7315e-13 
1.1468e+04    2.7883e-12    2.7365e-13 
1.1514e+04    2.7890e-12    2.7415e-13 
1.1560e+04    2.7896e-12    2.7465e-13 
1.1607e+04    2.7902e-12    2.7515e-13 
1.1653e+04    2.7908e-12    2.7565e-13 
1.1700e+04    2.7914e-12    2.7615e-13 
1.1747e+04    2.7920e-12    2.7665e-13 
1.1794e+04    2.7926e-12    2.7716e-13 
1.1841e+04    2.7932e-12    2.7767e-13 
1.1889e+04    2.7938e-12    2.7818e-13 
1.1937e+04    2.7944e-12    2.7869e-13 
1.1984e+04    2.7950e-12    2.7920e-13 
1.2033e+04    2.7956e-12    2.7971e-13 
1.2081e+04    2.7962e-12    2.8022e-13 
1.2129e+04    2.7968e-12    2.8074e-13 
1.2178e+04    2.7974e-12    2.8125e-13 
1.2227e+04    2.7980e-12    2.8177e-13 
1.2276e+04    2.7986e-12    2.8229e-13 
1.2325e+04    2.7992e-12    2.8281e-13 
1.2375e+04    2.7997e-12    2.8333e-13 
1.2424e+04    2.8003e-12    2.8386e-13 
1.2474e+04    2.8009e-12    2.8438e-13 
1.2524e+04    2.8015e-12    2.8491e-13 
1.2575e+04    2.8020e-12    2.8543e-13 
1.2625e+04    2.8026e-12    2.8596e-13 
1.2676e+04    2.8032e-12    2.8649e-13 
1.2727e+04    2.8037e-12    2.8702e-13 
1.2778e+04    2.8043e-12    2.8756e-13 
1.2829e+04    2.8049e-12    2.8809e-13 
1.2880e+04    2.8054e-12    2.8863e-13 
1.2932e+04    2.8060e-12    2.8916e-13 
1.2984e+04    2.8065e-12    2.8970e-13 
1.3036e+04    2.8071e-12    2.9024e-13 
1.3088e+04    2.8076e-12    2.9078e-13 
1.3141e+04    2.8082e-12    2.9133e-13 
1.3194e+04    2.8087e-12    2.9187e-13 
1.3247e+04    2.8093e-12    2.9242e-13 
1.3300e+04    2.8098e-12    2.9296e-13 
1.3353e+04    2.8103e-12    2.9351e-13 
1.3407e+04    2.8109e-12    2.9406e-13 
1.3461e+04    2.8114e-12    2.9461e-13 
1.3515e+04    2.8119e-12    2.9516e-13 
1.3569e+04    2.8125e-12    2.9572e-13 
1.3623e+04    2.8130e-12    2.9627e-13 
1.3678e+04    2.8135e-12    2.9683e-13 
1.3733e+04    2.8140e-12    2.9739e-13 
1.3788e+04    2.8146e-12    2.9794e-13 
1.3843e+04    2.8151e-12    2.9851e-13 
1.3899e+04    2.8156e-12    2.9907e-13 
1.3955e+04    2.8161e-12    2.9963e-13 
1.4011e+04    2.8166e-12    3.0020e-13 
1.4067e+04    2.8171e-12    3.0076e-13 
1.4123e+04    2.8176e-12    3.0133e-13 
1.4180e+04    2.8181e-12    3.0190e-13 
1.4237e+04    2.8186e-12    3.0247e-13 
1.4294e+04    2.8191e-12    3.0304e-13 
1.4351e+04    2.8196e-12    3.0361e-13 
1.4409e+04    2.8201e-12    3.0419e-13 
1.4467e+04    2.8206e-12    3.0477e-13 
1.4525e+04    2.8211e-12    3.0534e-13 
1.4583e+04    2.8216e-12    3.0592e-13 
1.4642e+04    2.8221e-12    3.0650e-13 
1.4700e+04    2.8226e-12    3.0708e-13 
1.4759e+04    2.8230e-12    3.0767e-13 
1.4819e+04    2.8235e-12    3.0825e-13 
1.4878e+04    2.8240e-12    3.0884e-13 
1.4938e+04    2.8245e-12    3.0942e-13 
1.4998e+04    2.8249e-12    3.1001e-13 
1.5058e+04    2.8254e-12    3.1060e-13 
1.5118e+04    2.8259e-12    3.1120e-13 
1.5179e+04    2.8263e-12    3.1179e-13 
1.5240e+04    2.8268e-12    3.1238e-13 
1.5301e+04    2.8273e-12    3.1298e-13 
1.5363e+04    2.8277e-12    3.1358e-13 
1.5424e+04    2.8282e-12    3.1418e-13 
1.5486e+04    2.8286e-12    3.1478e-13 
1.5548e+04    2.8291e-12    3.1538e-13 
1.5611e+04    2.8295e-12    3.1598e-13 
1.5673e+04    2.8300e-12    3.1658e-13 
1.5736e+04    2.8304e-12    3.1719e-13 
1.5799e+04    2.8308e-12    3.1780e-13 
1.5863e+04    2.8313e-12    3.1841e-13 
1.5926e+04    2.8317e-12    3.1902e-13 
1.5990e+04    2.8322e-12    3.1963e-13 
1.6055e+04    2.8326e-12    3.2024e-13 
1.6119e+04    2.8330e-12    3.2086e-13 
1.6184e+04    2.8334e-12    3.2147e-13 
1.6249e+04    2.8339e-12    3.2209e-13 
1.6314e+04    2.8343e-12    3.2271e-13 
1.6379e+04    2.8347e-12    3.2333e-13 
1.6445e+04    2.8351e-12    3.2395e-13 
1.6511e+04    2.8356e-12    3.2457e-13 
1.6577e+04    2.8360e-12    3.2520e-13 
1.6644e+04    2.8364e-12    3.2582e-13 
1.6711e+04    2.8368e-12    3.2645e-13 
1.6778e+04    2.8372e-12    3.2708e-13 
1.6845e+04    2.8376e-12    3.2771e-13 
1.6913e+04    2.8380e-12    3.2834e-13 
1.6980e+04    2.8384e-12    3.2897e-13 
1.7049e+04    2.8388e-12    3.2961e-13 
1.7117e+04    2.8392e-12    3.3024e-13 
1.7186e+04    2.8396e-12    3.3088e-13 
1.7255e+04    2.8400e-12    3.3152e-13 
1.7324e+04    2.8404e-12    3.3216e-13 
1.7393e+04    2.8407e-12    3.3280e-13 
1.7463e+04    2.8411e-12    3.3345e-13 
1.7533e+04    2.8415e-12    3.3409e-13 
1.7604e+04    2.8419e-12    3.3474e-13 
1.7674e+04    2.8423e-12    3.3538e-13 
1.7745e+04    2.8426e-12    3.3603e-13 
1.7817e+04    2.8430e-12    3.3668e-13 
1.7888e+04    2.8434e-12    3.3733e-13 
1.7960e+04    2.8437e-12    3.3799e-13 
1.8032e+04    2.8441e-12    3.3864e-13 
1.8104e+04    2.8445e-12    3.3930e-13 
1.8177e+04    2.8448e-12    3.3995e-13 
1.8250e+04    2.8452e-12    3.4061e-13 
1.8323e+04    2.8455e-12    3.4127e-13 
1.8397e+04    2.8459e-12    3.4194e-13 
1.8470e+04    2.8463e-12    3.4260e-13 
1.8545e+04    2.8466e-12    3.4326e-13 
1.8619e+04    2.8469e-12    3.4393e-13 
1.8694e+04    2.8473e-12    3.4460e-13 
1.8769e+04    2.8476e-12    3.4527e-13 
1.8844e+04    2.8480e-12    3.4594e-13 
1.8920e+04    2.8483e-12    3.4661e-13 
1.8996e+04    2.8486e-12    3.4728e-13 
1.9072e+04    2.8490e-12    3.4796e-13 
1.9148e+04    2.8493e-12    3.4863e-13 
1.9225e+04    2.8496e-12    3.4931e-13 
1.9302e+04    2.8500e-12    3.4999e-13 
1.9380e+04    2.8503e-12    3.5067e-13 
1.9458e+04    2.8506e-12    3.5135e-13 
1.9536e+04    2.8509e-12    3.5203e-13 
1.9614e+04    2.8512e-12    3.5272e-13 
1.9693e+04    2.8515e-12    3.5340e-13 
1.9772e+04    2.8519e-12    3.5409e-13 
1.9851e+04    2.8522e-12    3.5478e-13 
1.9931e+04    2.8525e-12    3.5547e-13 
2.0011e+04    2.8528e-12    3.5616e-13 
2.0091e+04    2.8531e-12    3.5686e-13 
2.0172e+04    2.8534e-12    3.5755e-13 
2.0253e+04    2.8537e-12    3.5825e-13 
2.0334e+04    2.8540e-12    3.5894e-13 
2.0416e+04    2.8542e-12    3.5964e-13 
2.0498e+04    2.8545e-12    3.6034e-13 
2.0580e+04    2.8548e-12    3.6105e-13 
2.0662e+04    2.8551e-12    3.6175e-13 
2.0745e+04    2.8554e-12    3.6245e-13 
2.0829e+04    2.8557e-12    3.6316e-13 
2.0912e+04    2.8559e-12    3.6387e-13 
2.0996e+04    2.8562e-12    3.6458e-13 
2.1080e+04    2.8565e-12    3.6529e-13 
2.1165e+04    2.8568e-12    3.6600e-13 
2.1250e+04    2.8570e-12    3.6671e-13 
2.1335e+04    2.8573e-12    3.6743e-13 
2.1421e+04    2.8576e-12    3.6814e-13 
2.1507e+04    2.8578e-12    3.6886e-13 
2.1593e+04    2.8581e-12    3.6958e-13 
2.1680e+04    2.8583e-12    3.7030e-13 
2.1767e+04    2.8586e-12    3.7102e-13 
2.1854e+04    2.8588e-12    3.7174e-13 
2.1942e+04    2.8591e-12    3.7247e-13 
2.2030e+04    2.8593e-12    3.7319e-13 
2.2118e+04    2.8596e-12    3.7392e-13 
2.2207e+04    2.8598e-12    3.7465e-13 
2.2296e+04    2.8601e-12    3.7538e-13 
2.2386e+04    2.8603e-12    3.7611e-13 
2.2476e+04    2.8605e-12    3.7684e-13 
2.2566e+04    2.8608e-12    3.7758e-13 
2.2656e+04    2.8610e-12    3.7831e-13 
2.2747e+04    2.8612e-12    3.7905e-13 
2.2838e+04    2.8614e-12    3.7979e-13 
2.2930e+04    2.8617e-12    3.8053e-13 
2.3022e+04    2.8619e-12    3.8127e-13 
2.3115e+04    2.8621e-12    3.8202e-13 
2.3207e+04    2.8623e-12    3.8276e-13 
2.3300e+04    2.8625e-12    3.8351e-13 
2.3394e+04    2.8627e-12    3.8425e-13 
2.3488e+04    2.8630e-12    3.8500e-13 
2.3582e+04    2.8632e-12    3.8575e-13 
2.3677e+04    2.8634e-12    3.8650e-13 
2.3772e+04    2.8636e-12    3.8725e-13 
2.3867e+04    2.8638e-12    3.8801e-13 
2.3963e+04    2.8640e-12    3.8876e-13 
2.4059e+04    2.8642e-12    3.8952e-13 
2.4156e+04    2.8643e-12    3.9028e-13 
2.4253e+04    2.8645e-12    3.9104e-13 
2.4350e+04    2.8647e-12    3.9180e-13 
2.4448e+04    2.8649e-12    3.9256e-13 
2.4546e+04    2.8651e-12    3.9333e-13 
2.4644e+04    2.8653e-12    3.9409e-13 
2.4743e+04    2.8654e-12    3.9486e-13 
2.4843e+04    2.8656e-12    3.9563e-13 
2.4942e+04    2.8658e-12    3.9640e-13 
2.5042e+04    2.8660e-12    3.9717e-13 
2.5143e+04    2.8661e-12    3.9794e-13 
2.5244e+04    2.8663e-12    3.9871e-13 
2.5345e+04    2.8665e-12    3.9949e-13 
2.5447e+04    2.8666e-12    4.0026e-13 
2.5549e+04    2.8668e-12    4.0104e-13 
2.5651e+04    2.8669e-12    4.0182e-13 
2.5754e+04    2.8671e-12    4.0260e-13 
2.5858e+04    2.8672e-12    4.0338e-13 
2.5961e+04    2.8674e-12    4.0417e-13 
2.6066e+04    2.8675e-12    4.0495e-13 
2.6170e+04    2.8677e-12    4.0574e-13 
2.6275e+04    2.8678e-12    4.0652e-13 
2.6381e+04    2.8680e-12    4.0731e-13 
2.6487e+04    2.8681e-12    4.0810e-13 
2.6593e+04    2.8682e-12    4.0889e-13 
2.6700e+04    2.8684e-12    4.0969e-13 
2.6807e+04    2.8685e-12    4.1048e-13 
2.6914e+04    2.8686e-12    4.1128e-13 
2.7022e+04    2.8687e-12    4.1207e-13 
2.7131e+04    2.8689e-12    4.1287e-13 
2.7240e+04    2.8690e-12    4.1367e-13 
2.7349e+04    2.8691e-12    4.1447e-13 
2.7459e+04    2.8692e-12    4.1527e-13 
2.7569e+04    2.8693e-12    4.1608e-13 
2.7680e+04    2.8694e-12    4.1688e-13 
2.7791e+04    2.8695e-12    4.1769e-13 
2.7902e+04    2.8696e-12    4.1850e-13 
2.8014e+04    2.8697e-12    4.1930e-13 
2.8127e+04    2.8698e-12    4.2012e-13 
2.8240e+04    2.8699e-12    4.2093e-13 
2.8353e+04    2.8700e-12    4.2174e-13 
2.8467e+04    2.8701e-12    4.2255e-13 
2.8581e+04    2.8702e-12    4.2337e-13 
2.8696e+04    2.8703e-12    4.2419e-13 
2.8811e+04    2.8704e-12    4.2501e-13 
2.8926e+04    2.8705e-12    4.2583e-13 
2.9042e+04    2.8706e-12    4.2665e-13 
2.9159e+04    2.8706e-12    4.2747e-13 
2.9276e+04    2.8707e-12    4.2829e-13 
2.9394e+04    2.8708e-12    4.2912e-13 
2.9511e+04    2.8709e-12    4.2994e-13 
2.9630e+04    2.8709e-12    4.3077e-13 
2.9749e+04    2.8710e-12    4.3160e-13 
2.9868e+04    2.8711e-12    4.3243e-13 
2.9988e+04    2.8711e-12    4.3326e-13 
3.0108e+04    2.8712e-12    4.3410e-13 
3.0229e+04    2.8712e-12    4.3493e-13 
3.0351e+04    2.8713e-12    4.3577e-13 
3.0472e+04    2.8713e-12    4.3660e-13 
3.0595e+04    2.8714e-12    4.3744e-13 
3.0717e+04    2.8714e-12    4.3828e-13 
3.0841e+04    2.8715e-12    4.3912e-13 
3.0965e+04    2.8715e-12    4.3996e-13 
3.1089e+04    2.8716e-12    4.4081e-13 
3.1214e+04    2.8716e-12    4.4165e-13 
3.1339e+04    2.8716e-12    4.4250e-13 
3.1465e+04    2.8717e-12    4.4334e-13 
3.1591e+04    2.8717e-12    4.4419e-13 
3.1718e+04    2.8717e-12    4.4504e-13 
3.1845e+04    2.8718e-12    4.4589e-13 
3.1973e+04    2.8718e-12    4.4675e-13 
3.2101e+04    2.8718e-12    4.4760e-13 
3.2230e+04    2.8718e-12    4.4846e-13 
3.2359e+04    2.8718e-12    4.4931e-13 
3.2489e+04    2.8718e-12    4.5017e-13 
3.2619e+04    2.8719e-12    4.5103e-13 
3.2750e+04    2.8719e-12    4.5189e-13 
3.2882e+04    2.8719e-12    4.5275e-13 
3.3014e+04    2.8719e-12    4.5361e-13 
3.3146e+04    2.8719e-12    4.5448e-13 
3.3279e+04    2.8719e-12    4.5534e-13 
3.3413e+04    2.8719e-12    4.5621e-13 
3.3547e+04    2.8719e-12    4.5708e-13 
3.3682e+04    2.8719e-12    4.5795e-13 
3.3817e+04    2.8718e-12    4.5882e-13 
3.3952e+04    2.8718e-12    4.5969e-13 
3.4089e+04    2.8718e-12    4.6056e-13 
3.4226e+04    2.8718e-12    4.6143e-13 
3.4363e+04    2.8718e-12    4.6231e-13 
3.4501e+04    2.8718e-12    4.6319e-13 
3.4639e+04    2.8717e-12    4.6406e-13 
3.4778e+04    2.8717e-12    4.6494e-13 
3.4918e+04    2.8717e-12    4.6582e-13 
3.5058e+04    2.8716e-12    4.6671e-13 
3.5199e+04    2.8716e-12    4.6759e-13 
3.5340e+04    2.8716e-12    4.6847e-13 
3.5482e+04    2.8715e-12    4.6936e-13 
3.5624e+04    2.8715e-12    4.7024e-13 
3.5767e+04    2.8714e-12    4.7113e-13 
3.5911e+04    2.8714e-12    4.7202e-13 
3.6055e+04    2.8713e-12    4.7291e-13 
3.6199e+04    2.8713e-12    4.7380e-13 
3.6345e+04    2.8712e-12    4.7470e-13 
3.6491e+04    2.8712e-12    4.7559e-13 
3.6637e+04    2.8711e-12    4.7648e-13 
3.6784e+04    2.8711e-12    4.7738e-13 
3.6932e+04    2.8710e-12    4.7828e-13 
3.7080e+04    2.8709e-12    4.7918e-13 
3.7229e+04    2.8709e-12    4.8008e-13 
3.7378e+04    2.8708e-12    4.8098e-13 
3.7528e+04    2.8707e-12    4.8188e-13 
3.7679e+04    2.8706e-12    4.8278e-13 
3.7830e+04    2.8706e-12    4.8369e-13 
3.7982e+04    2.8705e-12    4.8459e-13 
3.8134e+04    2.8704e-12    4.8550e-13 
3.8287e+04    2.8703e-12    4.8641e-13 
3.8441e+04    2.8702e-12    4.8732e-13 
3.8595e+04    2.8701e-12    4.8823e-13 
3.8750e+04    2.8700e-12    4.8914e-13 
3.8906e+04    2.8700e-12    4.9006e-13 
3.9062e+04    2.8699e-12    4.9097e-13 
3.9218e+04    2.8698e-12    4.9188e-13 
3.9376e+04    2.8697e-12    4.9280e-13 
3.9534e+04    2.8695e-12    4.9372e-13 
3.9693e+04    2.8694e-12    4.9464e-13 
3.9852e+04    2.8693e-12    4.9556e-13 
4.0012e+04    2.8692e-12    4.9648e-13 
4.0172e+04    2.8691e-12    4.9740e-13 
4.0334e+04    2.8690e-12    4.9833e-13 
4.0495e+04    2.8689e-12    4.9925e-13 
4.0658e+04    2.8687e-12    5.0018e-13 
4.0821e+04    2.8686e-12    5.0110e-13 
4.0985e+04    2.8685e-12    5.0203e-13 
4.1149e+04    2.8684e-12    5.0296e-13 
4.1315e+04    2.8682e-12    5.0389e-13 
4.1480e+04    2.8681e-12    5.0482e-13 
4.1647e+04    2.8680e-12    5.0576e-13 
4.1814e+04    2.8678e-12    5.0669e-13 
4.1982e+04    2.8677e-12    5.0762e-13 
4.2150e+04    2.8675e-12    5.0856e-13 
4.2319e+04    2.8674e-12    5.0950e-13 
4.2489e+04    2.8673e-12    5.1044e-13 
4.2660e+04    2.8671e-12    5.1138e-13 
4.2831e+04    2.8669e-12    5.1232e-13 
4.3003e+04    2.8668e-12    5.1326e-13 
4.3175e+04    2.8666e-12    5.1420e-13 
4.3349e+04    2.8665e-12    5.1515e-13 
4.3523e+04    2.8663e-12    5.1609e-13 
4.3697e+04    2.8661e-12    5.1704e-13 
4.3873e+04    2.8660e-12    5.1798e-13 
4.4049e+04    2.8658e-12    5.1893e-13 
4.4226e+04    2.8656e-12    5.1988e-13 
4.4403e+04    2.8655e-12    5.2083e-13 
4.4581e+04    2.8653e-12    5.2178e-13 
4.4760e+04    2.8651e-12    5.2274e-13 
4.4940e+04    2.8649e-12    5.2369e-13 
4.5120e+04    2.8647e-12    5.2465e-13 
4.5301e+04    2.8646e-12    5.2560e-13 
4.5483e+04    2.8644e-12    5.2656e-13 
4.5666e+04    2.8642e-12    5.2752e-13 
4.5849e+04    2.8640e-12    5.2848e-13 
4.6033e+04    2.8638e-12    5.2944e-13 
4.6218e+04    2.8636e-12    5.3040e-13 
4.6403e+04    2.8634e-12    5.3136e-13 
4.6589e+04    2.8632e-12    5.3233e-13 
4.6776e+04    2.8630e-12    5.3329e-13 
4.6964e+04    2.8628e-12    5.3426e-13 
4.7152e+04    2.8626e-12    5.3522e-13 
4.7342e+04    2.8623e-12    5.3619e-13 
4.7532e+04    2.8621e-12    5.3716e-13 
4.7722e+04    2.8619e-12    5.3813e-13 
4.7914e+04    2.8617e-12    5.3910e-13 
4.8106e+04    2.8615e-12    5.4007e-13 
4.8299e+04    2.8612e-12    5.4104e-13 
4.8493e+04    2.8610e-12    5.4202e-13 
4.8688e+04    2.8608e-12    5.4299e-13 
4.8883e+04    2.8606e-12    5.4397e-13 
4.9079e+04    2.8603e-12    5.4495e-13 
4.9276e+04    2.8601e-12    5.4593e-13 
4.9474e+04    2.8598e-12    5.4690e-13 
4.9673e+04    2.8596e-12    5.4788e-13 
4.9872e+04    2.8594e-12    5.4887e-13 
5.0072e+04    2.8591e-12    5.4985e-13 
5.0273e+04    2.8589e-12    5.5083e-13 
5.0475e+04    2.8586e-12    5.5182e-13 
5.0677e+04    2.8584e-12    5.5280e-13 
5.0881e+04    2.8581e-12    5.5379e-13 
5.1085e+04    2.8579e-12    5.5477e-13 
5.1290e+04    2.8576e-12    5.5576e-13 
5.1496e+04    2.8573e-12    5.5675e-13 
5.1702e+04    2.8571e-12    5.5774e-13 
5.1910e+04    2.8568e-12    5.5873e-13 
5.2118e+04    2.8565e-12    5.5973e-13 
5.2327e+04    2.8563e-12    5.6072e-13 
5.2537e+04    2.8560e-12    5.6171e-13 
5.2748e+04    2.8557e-12    5.6271e-13 
5.2960e+04    2.8554e-12    5.6370e-13 
5.3173e+04    2.8551e-12    5.6470e-13 
5.3386e+04    2.8549e-12    5.6570e-13 
5.3600e+04    2.8546e-12    5.6670e-13 
5.3815e+04    2.8543e-12    5.6770e-13 
5.4031e+04    2.8540e-12    5.6870e-13 
5.4248e+04    2.8537e-12    5.6970e-13 
5.4466e+04    2.8534e-12    5.7070e-13 
5.4684e+04    2.8531e-12    5.7171e-13 
5.4904e+04    2.8528e-12    5.7271e-13 
5.5124e+04    2.8525e-12    5.7372e-13 
5.5345e+04    2.8522e-12    5.7472e-13 
5.5568e+04    2.8519e-12    5.7573e-13 
5.5791e+04    2.8516e-12    5.7674e-13 
5.6014e+04    2.8513e-12    5.7775e-13 
5.6239e+04    2.8509e-12    5.7876e-13 
5.6465e+04    2.8506e-12    5.7977e-13 
5.6692e+04    2.8503e-12    5.8078e-13 
5.6919e+04    2.8500e-12    5.8180e-13 
5.7147e+04    2.8497e-12    5.8281e-13 
5.7377e+04    2.8493e-12    5.8382e-13 
5.7607e+04    2.8490e-12    5.8484e-13 
5.7838e+04    2.8487e-12    5.8586e-13 
5.8070e+04    2.8483e-12    5.8687e-13 
5.8303e+04    2.8480e-12    5.8789e-13 
5.8537e+04    2.8477e-12    5.8891e-13 
5.8772e+04    2.8473e-12    5.8993e-13 
5.9008e+04    2.8470e-12    5.9095e-13 
5.9245e+04    2.8466e-12    5.9197e-13 
5.9483e+04    2.8463e-12    5.9300e-13 
5.9722e+04    2.8459e-12    5.9402e-13 
5.9961e+04    2.8456e-12    5.9505e-13 
6.0202e+04    2.8452e-12    5.9607e-13 
6.0443e+04    2.8449e-12    5.9710e-13 
6.0686e+04    2.8445e-12    5.9812e-13 
6.0930e+04    2.8442e-12    5.9915e-13 
6.1174e+04    2.8438e-12    6.0018e-13 
6.1420e+04    2.8434e-12    6.0121e-13 
6.1666e+04    2.8431e-12    6.0224e-13 
6.1914e+04    2.8427e-12    6.0327e-13 
6.2162e+04    2.8423e-12    6.0431e-13 
6.2411e+04    2.8419e-12    6.0534e-13 
6.2662e+04    2.8416e-12    6.0637e-13 
6.2913e+04    2.8412e-12    6.0741e-13 
6.3166e+04    2.8408e-12    6.0844e-13 
6.3419e+04    2.8404e-12    6.0948e-13 
6.3674e+04    2.8400e-12    6.1052e-13 
6.3929e+04    2.8396e-12    6.1155e-13 
6.4186e+04    2.8392e-12    6.1259e-13 
6.4444e+04    2.8388e-12    6.1363e-13 
6.4702e+04    2.8384e-12    6.1467e-13 
6.4962e+04    2.8380e-12    6.1571e-13 
6.5223e+04    2.8376e-12    6.1676e-13 
6.5484e+04    2.8372e-12    6.1780e-13 
6.5747e+04    2.8368e-12    6.1884e-13 
6.6011e+04    2.8364e-12    6.1989e-13 
6.6276e+04    2.8360e-12    6.2093e-13 
6.6542e+04    2.8356e-12    6.2198e-13 
6.6809e+04    2.8352e-12    6.2303e-13 
6.7077e+04    2.8348e-12    6.2407e-13 
6.7346e+04    2.8343e-12    6.2512e-13 
6.7617e+04    2.8339e-12    6.2617e-13 
6.7888e+04    2.8335e-12    6.2722e-13 
6.8160e+04    2.8331e-12    6.2827e-13 
6.8434e+04    2.8326e-12    6.2932e-13 
6.8709e+04    2.8322e-12    6.3037e-13 
6.8984e+04    2.8318e-12    6.3143e-13 
6.9261e+04    2.8313e-12    6.3248e-13 
6.9539e+04    2.8309e-12    6.3354e-13 
6.9818e+04    2.8305e-12    6.3459e-13 
7.0098e+04    2.8300e-12    6.3565e-13 
7.0380e+04    2.8296e-12    6.3670e-13 
7.0662e+04    2.8291e-12    6.3776e-13 
7.0946e+04    2.8287e-12    6.3882e-13 
7.1230e+04    2.8282e-12    6.3988e-13 
7.1516e+04    2.8278e-12    6.4094e-13 
7.1803e+04    2.8273e-12    6.4200e-13 
7.2091e+04    2.8268e-12    6.4306e-13 
7.2381e+04    2.8264e-12    6.4412e-13 
7.2671e+04    2.8259e-12    6.4518e-13 
7.2963e+04    2.8254e-12    6.4625e-13 
7.3256e+04    2.8250e-12    6.4731e-13 
7.3550e+04    2.8245e-12    6.4837e-13 
7.3845e+04    2.8240e-12    6.4944e-13 
7.4141e+04    2.8236e-12    6.5050e-13 
7.4439e+04    2.8231e-12    6.5157e-13 
7.4738e+04    2.8226e-12    6.5264e-13 
7.5037e+04    2.8221e-12    6.5371e-13 
7.5339e+04    2.8216e-12    6.5478e-13 
7.5641e+04    2.8211e-12    6.5584e-13 
7.5945e+04    2.8207e-12    6.5691e-13 
7.6249e+04    2.8202e-12    6.5798e-13 
7.6555e+04    2.8197e-12    6.5906e-13 
7.6863e+04    2.8192e-12    6.6013e-13 
7.7171e+04    2.8187e-12    6.6120e-13 
7.7481e+04    2.8182e-12    6.6227e-13 
7.7792e+04    2.8177e-12    6.6335e-13 
7.8104e+04    2.8172e-12    6.6442e-13 
7.8417e+04    2.8167e-12    6.6550e-13 
7.8732e+04    2.8161e-12    6.6657e-13 
7.9048e+04    2.8156e-12    6.6765e-13 
7.9365e+04    2.8151e-12    6.6873e-13 
7.9684e+04    2.8146e-12    6.6980e-13 
8.0004e+04    2.8141e-12    6.7088e-13 
8.0325e+04    2.8136e-12    6.7196e-13 
8.0647e+04    2.8130e-12    6.7304e-13 
8.0971e+04    2.8125e-12    6.7412e-13 
8.1296e+04    2.8120e-12    6.7520e-13 
8.1622e+04    2.8115e-12    6.7628e-13 
8.1949e+04    2.8109e-12    6.7737e-13 
8.2278e+04    2.8104e-12    6.7845e-13 
8.2608e+04    2.8099e-12    6.7953e-13 
8.2940e+04    2.8093e-12    6.8061e-13 
8.3273e+04    2.8088e-12    6.8170e-13 
8.3607e+04    2.8082e-12    6.8278e-13 
8.3943e+04    2.8077e-12    6.8387e-13 
8.4279e+04    2.8071e-12    6.8495e-13 
8.4618e+04    2.8066e-12    6.8604e-13 
8.4957e+04    2.8060e-12    6.8713e-13 
8.5298e+04    2.8055e-12    6.8822e-13 
8.5641e+04    2.8049e-12    6.8930e-13 
8.5984e+04    2.8044e-12    6.9039e-13 
8.6329e+04    2.8038e-12    6.9148e-13 
8.6676e+04    2.8032e-12    6.9257e-13 
8.7024e+04    2.8027e-12    6.9366e-13 
8.7373e+04    2.8021e-12    6.9475e-13 
8.7724e+04    2.8015e-12    6.9585e-13 
8.8076e+04    2.8010e-12    6.9694e-13 
8.8429e+04    2.8004e-12    6.9803e-13 
8.8784e+04    2.7998e-12    6.9912e-13 
8.9140e+04    2.7992e-12    7.0022e-13 
8.9498e+04    2.7986e-12    7.0131e-13 
8.9857e+04    2.7981e-12    7.0241e-13 
9.0218e+04    2.7975e-12    7.0350e-13 
9.0580e+04    2.7969e-12    7.0460e-13 
9.0943e+04    2.7963e-12    7.0569e-13 
9.1308e+04    2.7957e-12    7.0679e-13 
9.1675e+04    2.7951e-12    7.0789e-13 
9.2043e+04    2.7945e-12    7.0898e-13 
9.2412e+04    2.7939e-12    7.1008e-13 
9.2783e+04    2.7933e-12    7.1118e-13 
9.3155e+04    2.7927e-12    7.1228e-13 
9.3529e+04    2.7921e-12    7.1338e-13 
9.3905e+04    2.7915e-12    7.1448e-13 
9.4281e+04    2.7909e-12    7.1558e-13 
9.4660e+04    2.7903e-12    7.1668e-13 
9.5040e+04    2.7896e-12    7.1778e-13 
9.5421e+04    2.7890e-12    7.1889e-13 
9.5804e+04    2.7884e-12    7.1999e-13 
9.6188e+04    2.7878e-12    7.2109e-13 
9.6574e+04    2.7872e-12    7.2219e-13 
9.6962e+04    2.7865e-12    7.2330e-13 
9.7351e+04    2.7859e-12    7.2440e-13 
9.7742e+04    2.7853e-12    7.2551e-13 
9.8134e+04    2.7846e-12    7.2661e-13 
9.8528e+04    2.7840e-12    7.2772e-13 
9.8923e+04    2.7834e-12    7.2882e-13 
9.9320e+04    2.7827e-12    7.2993e-13 
9.9719e+04    2.7821e-12    7.3104e-13 
1.0012e+05    2.7814e-12    7.3214e-13 
1.0052e+05    2.7808e-12    7.3325e-13 
1.0092e+05    2.7801e-12    7.3436e-13 
1.0133e+05    2.7795e-12    7.3547e-13 
1.0174e+05    2.7788e-12    7.3658e-13 
1.0214e+05    2.7782e-12    7.3768e-13 
1.0255e+05    2.7775e-12    7.3879e-13 
1.0297e+05    2.7769e-12    7.3990e-13 
1.0338e+05    2.7762e-12    7.4101e-13 
1.0379e+05    2.7755e-12    7.4212e-13 
1.0421e+05    2.7749e-12    7.4324e-13 
1.0463e+05    2.7742e-12    7.4435e-13 
1.0505e+05    2.7735e-12    7.4546e-13 
1.0547e+05    2.7729e-12    7.4657e-13 
1.0589e+05    2.7722e-12    7.4768e-13 
1.0632e+05    2.7715e-12    7.4880e-13 
1.0675e+05    2.7708e-12    7.4991e-13 
1.0717e+05    2.7702e-12    7.5102e-13 
1.0760e+05    2.7695e-12    7.5214e-13 
1.0804e+05    2.7688e-12    7.5325e-13 
1.0847e+05    2.7681e-12    7.5437e-13 
1.0890e+05    2.7674e-12    7.5548e-13 
1.0934e+05    2.7667e-12    7.5660e-13 
1.0978e+05    2.7660e-12    7.5771e-13 
1.1022e+05    2.7653e-12    7.5883e-13 
1.1066e+05    2.7646e-12    7.5994e-13 
1.1111e+05    2.7639e-12    7.6106e-13 
1.1155e+05    2.7632e-12    7.6218e-13 
1.1200e+05    2.7625e-12    7.6329e-13 
1.1245e+05    2.7618e-12    7.6441e-13 
1.1290e+05    2.7611e-12    7.6553e-13 
1.1335e+05    2.7604e-12    7.6665e-13 
1.1381e+05    2.7597e-12    7.6776e-13 
1.1427e+05    2.7590e-12    7.6888e-13 
1.1472e+05    2.7583e-12    7.7000e-13 
1.1519e+05    2.7575e-12    7.7112e-13 
1.1565e+05    2.7568e-12    7.7224e-13 
1.1611e+05    2.7561e-12    7.7336e-13 
1.1658e+05    2.7554e-12    7.7448e-13 
1.1705e+05    2.7546e-12    7.7560e-13 
1.1752e+05    2.7539e-12    7.7672e-13 
1.1799e+05    2.7532e-12    7.7784e-13 
1.1846e+05    2.7524e-12    7.7896e-13 
1.1894e+05    2.7517e-12    7.8008e-13 
1.1941e+05    2.7510e-12    7.8120e-13 
1.1989e+05    2.7502e-12    7.8232e-13 
1.2037e+05    2.7495e-12    7.8345e-13 
1.2086e+05    2.7487e-12    7.8457e-13 
1.2134e+05    2.7480e-12    7.8569e-13 
1.2183e+05    2.7472e-12    7.8681e-13 
1.2232e+05    2.7465e-12    7.8794e-13 
1.2281e+05    2.7457e-12    7.8906e-13 
1.2330e+05    2.7450e-12    7.9018e-13 
1.2380e+05    2.7442e-12    7.9131e-13 
1.2429e+05    2.7435e-12    7.9243e-13 
1.2479e+05    2.7427e-12    7.9355e-13 
1.2529e+05    2.7419e-12    7.9468e-13 
1.2580e+05    2.7412e-12    7.9580e-13 
1.2630e+05    2.7404e-12    7.9692e-13 
1.2681e+05    2.7396e-12    7.9805e-13 
1.2732e+05    2.7389e-12    7.9917e-13 
1.2783e+05    2.7381e-12    8.0030e-13 
1.2834e+05    2.7373e-12    8.0142e-13 
1.2886e+05    2.7365e-12    8.0255e-13 
1.2937e+05    2.7357e-12    8.0367e-13 
1.2989e+05    2.7350e-12    8.0480e-13 
1.3041e+05    2.7342e-12    8.0592e-13 
1.3094e+05    2.7334e-12    8.0705e-13 
1.3146e+05    2.7326e-12    8.0818e-13 
1.3199e+05    2.7318e-12    8.0930e-13 
1.3252e+05    2.7310e-12    8.1043e-13 
1.3305e+05    2.7302e-12    8.1155e-13 
1.3358e+05    2.7294e-12    8.1268e-13 
1.3412e+05    2.7286e-12    8.1381e-13 
1.3466e+05    2.7278e-12    8.1493e-13 
1.3520e+05    2.7270e-12    8.1606e-13 
1.3574e+05    2.7262e-12    8.1719e-13 
1.3629e+05    2.7254e-12    8.1832e-13 
1.3683e+05    2.7246e-12    8.1944e-13 
1.3738e+05    2.7238e-12    8.2057e-13 
1.3793e+05    2.7230e-12    8.2170e-13 
1.3849e+05    2.7222e-12    8.2282e-13 
1.3904e+05    2.7213e-12    8.2395e-13 
1.3960e+05    2.7205e-12    8.2508e-13 
1.4016e+05    2.7197e-12    8.2621e-13 
1.4072e+05    2.7189e-12    8.2733e-13 
1.4129e+05    2.7181e-12    8.2846e-13 
1.4186e+05    2.7172e-12    8.2959e-13 
1.4243e+05    2.7164e-12    8.3072e-13 
1.4300e+05    2.7156e-12    8.3185e-13 
1.4357e+05    2.7147e-12    8.3297e-13 
1.4415e+05    2.7139e-12    8.3410e-13 
1.4473e+05    2.7131e-12    8.3523e-13 
1.4531e+05    2.7122e-12    8.3636e-13 
1.4589e+05    2.7114e-12    8.3749e-13 
1.4647e+05    2.7105e-12    8.3861e-13 
1.4706e+05    2.7097e-12    8.3974e-13 
1.4765e+05    2.7088e-12    8.4087e-13 
1.4825e+05    2.7080e-12    8.4200e-13 
1.4884e+05    2.7071e-12    8.4313e-13 
1.4944e+05    2.7063e-12    8.4426e-13 
1.5004e+05    2.7054e-12    8.4538e-13 
1.5064e+05    2.7046e-12    8.4651e-13 
1.5124e+05    2.7037e-12    8.4764e-13 
1.5185e+05    2.7028e-12    8.4877e-13 
1.5246e+05    2.7020e-12    8.4990e-13 
1.5307e+05    2.7011e-12    8.5103e-13 
1.5369e+05    2.7002e-12    8.5215e-13 
1.5430e+05    2.6994e-12    8.5328e-13 
1.5492e+05    2.6985e-12    8.5441e-13 
1.5554e+05    2.6976e-12    8.5554e-13 
1.5617e+05    2.6968e-12    8.5667e-13 
1.5680e+05    2.6959e-12    8.5780e-13 
1.5742e+05    2.6950e-12    8.5892e-13 
1.5806e+05    2.6941e-12    8.6005e-13 
1.5869e+05    2.6932e-12    8.6118e-13 
1.5933e+05    2.6923e-12    8.6231e-13 
1.5997e+05    2.6915e-12    8.6344e-13 
1.6061e+05    2.6906e-12    8.6456e-13 
1.6125e+05    2.6897e-12    8.6569e-13 
1.6190e+05    2.6888e-12    8.6682e-13 
1.6255e+05    2.6879e-12    8.6795e-13 
1.6320e+05    2.6870e-12    8.6908e-13 
1.6386e+05    2.6861e-12    8.7020e-13 
1.6452e+05    2.6852e-12    8.7133e-13 
1.6518e+05    2.6843e-12    8.7246e-13 
1.6584e+05    2.6834e-12    8.7358e-13 
1.6650e+05    2.6825e-12    8.7471e-13 
1.6717e+05    2.6816e-12    8.7584e-13 
1.6784e+05    2.6806e-12    8.7697e-13 
1.6852e+05    2.6797e-12    8.7809e-13 
1.6919e+05    2.6788e-12    8.7922e-13 
1.6987e+05    2.6779e-12    8.8035e-13 
1.7055e+05    2.6770e-12    8.8147e-13 
1.7124e+05    2.6761e-12    8.8260e-13 
1.7193e+05    2.6751e-12    8.8373e-13 
1.7262e+05    2.6742e-12    8.8485e-13 
1.7331e+05    2.6733e-12    8.8598e-13 
1.7400e+05    2.6724e-12    8.8710e-13 
1.7470e+05    2.6714e-12    8.8823e-13 
1.7540e+05    2.6705e-12    8.8936e-13 
1.7611e+05    2.6696e-12    8.9048e-13 
1.7681e+05    2.6686e-12    8.9161e-13 
1.7752e+05    2.6677e-12    8.9273e-13 
1.7824e+05    2.6667e-12    8.9386e-13 
1.7895e+05    2.6658e-12    8.9498e-13 
1.7967e+05    2.6649e-12    8.9611e-13 
1.8039e+05    2.6639e-12    8.9723e-13 
1.8111e+05    2.6630e-12    8.9835e-13 
1.8184e+05    2.6620e-12    8.9948e-13 
1.8257e+05    2.6611e-12    9.0060e-13 
1.8330e+05    2.6601e-12    9.0173e-13 
1.8404e+05    2.6592e-12    9.0285e-13 
1.8478e+05    2.6582e-12    9.0397e-13 
1.8552e+05    2.6572e-12    9.0510e-13 
1.8626e+05    2.6563e-12    9.0622e-13 
1.8701e+05    2.6553e-12    9.0734e-13 
1.8776e+05    2.6544e-12    9.0846e-13 
1.8852e+05    2.6534e-12    9.0959e-13 
1.8927e+05    2.6524e-12    9.1071e-13 
1.9003e+05    2.6514e-12    9.1183e-13 
1.9079e+05    2.6505e-12    9.1295e-13 
1.9156e+05    2.6495e-12    9.1407e-13 
1.9233e+05    2.6485e-12    9.1520e-13 
1.9310e+05    2.6475e-12    9.1632e-13 
1.9388e+05    2.6466e-12    9.1744e-13 
1.9465e+05    2.6456e-12    9.1856e-13 
1.9543e+05    2.6446e-12    9.1968e-13 
1.9622e+05    2.6436e-12    9.2080e-13 
1.9701e+05    2.6426e-12    9.2192e-13 
1.9780e+05    2.6416e-12    9.2304e-13 
1.9859e+05    2.6406e-12    9.2416e-13 
1.9939e+05    2.6397e-12    9.2527e-13 
2.0019e+05    2.6387e-12    9.2639e-13 
2.0099e+05    2.6377e-12    9.2751e-13 
2.0180e+05    2.6367e-12    9.2863e-13 
2.0261e+05    2.6357e-12    9.2975e-13 
2.0342e+05    2.6347e-12    9.3086e-13 
2.0424e+05    2.6337e-12    9.3198e-13 
2.0506e+05    2.6327e-12    9.3310e-13 
2.0588e+05    2.6316e-12    9.3421e-13 
2.0671e+05    2.6306e-12    9.3533e-13 
2.0754e+05    2.6296e-12    9.3645e-13 
2.0837e+05    2.6286e-12    9.3756e-13 
2.0921e+05    2.6276e-12    9.3868e-13 
2.1004e+05    2.6266e-12    9.3979e-13 
2.1089e+05    2.6256e-12    9.4091e-13 
2.1173e+05    2.6245e-12    9.4202e-13 
2.1258e+05    2.6235e-12    9.4313e-13 
2.1344e+05    2.6225e-12    9.4425e-13 
2.1429e+05    2.6215e-12    9.4536e-13 
2.1515e+05    2.6204e-12    9.4647e-13 
2.1602e+05    2.6194e-12    9.4759e-13 
2.1688e+05    2.6184e-12    9.4870e-13 
2.1775e+05    2.6174e-12    9.4981e-13 
2.1863e+05    2.6163e-12    9.5092e-13 
2.1951e+05    2.6153e-12    9.5203e-13 
2.2039e+05    2.6142e-12    9.5314e-13 
2.2127e+05    2.6132e-12    9.5425e-13 
2.2216e+05    2.6122e-12    9.5536e-13 
2.2305e+05    2.6111e-12    9.5647e-13 
2.2395e+05    2.6101e-12    9.5758e-13 
2.2484e+05    2.6090e-12    9.5869e-13 
2.2575e+05    2.6080e-12    9.5980e-13 
2.2665e+05    2.6069e-12    9.6091e-13 
2.2756e+05    2.6059e-12    9.6201e-13 
2.2848e+05    2.6048e-12    9.6312e-13 
2.2939e+05    2.6038e-12    9.6423e-13 
2.3031e+05    2.6027e-12    9.6533e-13 
2.3124e+05    2.6016e-12    9.6644e-13 
2.3217e+05    2.6006e-12    9.6754e-13 
2.3310e+05    2.5995e-12    9.6865e-13 
2.3403e+05    2.5985e-12    9.6975e-13 
2.3497e+05    2.5974e-12    9.7086e-13 
2.3591e+05    2.5963e-12    9.7196e-13 
2.3686e+05    2.5953e-12    9.7306e-13 
2.3781e+05    2.5942e-12    9.7417e-13 
2.3877e+05    2.5931e-12    9.7527e-13 
2.3972e+05    2.5920e-12    9.7637e-13 
2.4069e+05    2.5910e-12    9.7747e-13 
2.4165e+05    2.5899e-12    9.7857e-13 
2.4262e+05    2.5888e-12    9.7967e-13 
2.4360e+05    2.5877e-12    9.8077e-13 
2.4457e+05    2.5866e-12    9.8187e-13 
2.4556e+05    2.5855e-12    9.8297e-13 
2.4654e+05    2.5845e-12    9.8407e-13 
2.4753e+05    2.5834e-12    9.8517e-13 
2.4852e+05    2.5823e-12    9.8627e-13 
2.4952e+05    2.5812e-12    9.8736e-13 
2.5052e+05    2.5801e-12    9.8846e-13 
2.5153e+05    2.5790e-12    9.8955e-13 
2.5254e+05    2.5779e-12    9.9065e-13 
2.5355e+05    2.5768e-12    9.9175e-13 
2.5457e+05    2.5757e-12    9.9284e-13 
2.5559e+05    2.5746e-12    9.9393e-13 
2.5662e+05    2.5735e-12    9.9503e-13 
2.5765e+05    2.5724e-12    9.9612e-13 
2.5868e+05    2.5713e-12    9.9721e-13 
2.5972e+05    2.5702e-12    9.9830e-13 
2.6076e+05    2.5691e-12    9.9939e-13 
2.6181e+05    2.5679e-12    1.0005e-12 
2.6286e+05    2.5668e-12    1.0016e-12 
2.6391e+05    2.5657e-12    1.0027e-12 
2.6497e+05    2.5646e-12    1.0038e-12 
2.6603e+05    2.5635e-12    1.0048e-12 
2.6710e+05    2.5624e-12    1.0059e-12 
2.6817e+05    2.5612e-12    1.0070e-12 
2.6925e+05    2.5601e-12    1.0081e-12 
2.7033e+05    2.5590e-12    1.0092e-12 
2.7142e+05    2.5579e-12    1.0103e-12 
2.7251e+05    2.5567e-12    1.0114e-12 
2.7360e+05    2.5556e-12    1.0124e-12 
2.7470e+05    2.5545e-12    1.0135e-12 
2.7580e+05    2.5533e-12    1.0146e-12 
2.7691e+05    2.5522e-12    1.0157e-12 
2.7802e+05    2.5511e-12    1.0168e-12 
2.7913e+05    2.5499e-12    1.0179e-12 
2.8025e+05    2.5488e-12    1.0189e-12 
2.8138e+05    2.5476e-12    1.0200e-12 
2.8251e+05    2.5465e-12    1.0211e-12 
2.8364e+05    2.5453e-12    1.0222e-12 
2.8478e+05    2.5442e-12    1.0233e-12 
2.8592e+05    2.5430e-12    1.0243e-12 
2.8707e+05    2.5419e-12    1.0254e-12 
2.8822e+05    2.5407e-12    1.0265e-12 
2.8938e+05    2.5396e-12    1.0276e-12 
2.9054e+05    2.5384e-12    1.0286e-12 
2.9171e+05    2.5373e-12    1.0297e-12 
2.9288e+05    2.5361e-12    1.0308e-12 
2.9405e+05    2.5350e-12    1.0319e-12 
2.9523e+05    2.5338e-12    1.0329e-12 
2.9642e+05    2.5326e-12    1.0340e-12 
2.9761e+05    2.5315e-12    1.0351e-12 
2.9880e+05    2.5303e-12    1.0361e-12 
3.0000e+05    2.5291e-12    1.0372e-12 