1.362693e+16 1.850706e-31 2.521943e-15 1.613440e+01 -1.459826e+01
1.303445e+16 2.279371e-30 2.971036e-14 1.611509e+01 -1.352709e+01
1.249135e+16 2.318604e-30 2.896250e-14 1.609661e+01 -1.353816e+01
1.199170e+16 2.366235e-30 2.837517e-14 1.607888e+01 -1.354706e+01
1.153048e+16 2.453568e-30 2.829081e-14 1.606185e+01 -1.354835e+01
1.110342e+16 2.575518e-30 2.859707e-14 1.604546e+01 -1.354368e+01
1.070687e+16 2.594504e-30 2.777902e-14 1.602966e+01 -1.355628e+01
1.033767e+16 2.723976e-30 2.815956e-14 1.601442e+01 -1.355037e+01
9.993080e+15 2.698689e-30 2.696821e-14 1.599970e+01 -1.356915e+01
9.670723e+15 2.780703e-30 2.689141e-14 1.598546e+01 -1.357039e+01
9.368512e+15 2.818933e-30 2.640921e-14 1.597167e+01 -1.357824e+01
9.084618e+15 2.857236e-30 2.595690e-14 1.595831e+01 -1.358575e+01
8.817424e+15 2.843689e-30 2.507401e-14 1.594534e+01 -1.360078e+01
8.565497e+15 2.923395e-30 2.504034e-14 1.593275e+01 -1.360136e+01
8.327567e+15 3.430283e-30 2.856591e-14 1.592052e+01 -1.354415e+01
8.102497e+15 3.935401e-30 3.188657e-14 1.590862e+01 -1.349639e+01
7.889274e+15 3.802303e-30 2.999741e-14 1.589704e+01 -1.352292e+01
7.686985e+15 4.064144e-30 3.124101e-14 1.588576e+01 -1.350527e+01
7.494810e+15 4.873262e-30 3.652417e-14 1.587476e+01 -1.343742e+01
7.312010e+15 5.277047e-30 3.858582e-14 1.586404e+01 -1.341357e+01
7.137914e+15 5.163491e-30 3.685655e-14 1.585357e+01 -1.343349e+01
6.971916e+15 5.113341e-30 3.564978e-14 1.584335e+01 -1.344794e+01
6.813464e+15 5.583623e-30 3.804381e-14 1.583337e+01 -1.341972e+01
6.662053e+15 5.816921e-30 3.875264e-14 1.582361e+01 -1.341170e+01
6.517226e+15 5.585126e-30 3.639953e-14 1.581406e+01 -1.343890e+01
6.378562e+15 5.728550e-30 3.653991e-14 1.580472e+01 -1.343723e+01
6.245675e+15 6.122470e-30 3.823896e-14 1.579558e+01 -1.341749e+01
6.118212e+15 5.923959e-30 3.624404e-14 1.578662e+01 -1.344076e+01
5.995848e+15 6.530440e-30 3.915552e-14 1.577785e+01 -1.340721e+01
5.878282e+15 8.236140e-30 4.841436e-14 1.576925e+01 -1.331503e+01
5.765238e+15 9.229448e-30 5.320997e-14 1.576082e+01 -1.327401e+01
5.656460e+15 8.738471e-30 4.942881e-14 1.575254e+01 -1.330602e+01
5.551711e+15 8.067151e-30 4.478649e-14 1.574443e+01 -1.334885e+01
5.450771e+15 8.251190e-30 4.497534e-14 1.573646e+01 -1.334703e+01
5.353436e+15 9.887430e-30 5.293172e-14 1.572863e+01 -1.327628e+01
5.259516e+15 1.082701e-29 5.694485e-14 1.572095e+01 -1.324455e+01
5.168834e+15 1.091709e-29 5.642865e-14 1.571339e+01 -1.324850e+01
5.081227e+15 1.102634e-29 5.602734e-14 1.570597e+01 -1.325160e+01
4.996540e+15 1.016733e-29 5.080146e-14 1.569867e+01 -1.329412e+01
4.914630e+15 1.032154e-29 5.072655e-14 1.569149e+01 -1.329476e+01
4.835361e+15 1.185330e-29 5.731500e-14 1.568443e+01 -1.324173e+01
4.758610e+15 1.194289e-29 5.683154e-14 1.567748e+01 -1.324541e+01
4.684256e+15 1.260456e-29 5.904301e-14 1.567064e+01 -1.322883e+01
4.612191e+15 1.246036e-29 5.746955e-14 1.566391e+01 -1.324056e+01
4.542309e+15 1.234363e-29 5.606857e-14 1.565728e+01 -1.325128e+01
4.474513e+15 1.348874e-29 6.035553e-14 1.565075e+01 -1.321928e+01
4.408712e+15 1.311763e-29 5.783183e-14 1.564431e+01 -1.323783e+01
4.344817e+15 1.324135e-29 5.753124e-14 1.563797e+01 -1.324010e+01
4.282749e+15 1.314949e-29 5.631597e-14 1.563172e+01 -1.324937e+01
4.222428e+15 1.336380e-29 5.642771e-14 1.562556e+01 -1.324851e+01
4.163783e+15 1.496207e-29 6.229883e-14 1.561949e+01 -1.320552e+01
4.106745e+15 1.522391e-29 6.252073e-14 1.561350e+01 -1.320398e+01
4.051249e+15 1.523566e-29 6.172346e-14 1.560759e+01 -1.320955e+01
3.997232e+15 1.515414e-29 6.057460e-14 1.560176e+01 -1.321771e+01
3.944637e+15 1.474226e-29 5.815288e-14 1.559601e+01 -1.323543e+01
3.893408e+15 1.489622e-29 5.799707e-14 1.559033e+01 -1.323659e+01
3.843492e+15 1.522177e-29 5.850477e-14 1.558473e+01 -1.323281e+01
3.794841e+15 1.532627e-29 5.816075e-14 1.557919e+01 -1.323537e+01
3.747405e+15 1.595191e-29 5.977827e-14 1.557373e+01 -1.322346e+01
3.701141e+15 1.626365e-29 6.019406e-14 1.556834e+01 -1.322045e+01
3.656005e+15 1.658299e-29 6.062748e-14 1.556301e+01 -1.321733e+01
3.611957e+15 1.549995e-29 5.598516e-14 1.555774e+01 -1.325193e+01
3.568957e+15 1.548306e-29 5.525839e-14 1.555254e+01 -1.325760e+01
3.526969e+15 1.678693e-29 5.920699e-14 1.554740e+01 -1.322763e+01
3.485958e+15 1.707553e-29 5.952458e-14 1.554232e+01 -1.322530e+01
3.445890e+15 1.750673e-29 6.032626e-14 1.553730e+01 -1.321949e+01
3.406732e+15 1.771637e-29 6.035490e-14 1.553234e+01 -1.321929e+01
3.368454e+15 1.793002e-29 6.039645e-14 1.552743e+01 -1.321899e+01
3.331027e+15 1.796952e-29 5.985696e-14 1.552258e+01 -1.322289e+01
3.294422e+15 1.741469e-29 5.737134e-14 1.551778e+01 -1.324130e+01
3.258613e+15 9.144144e-29 2.979723e-13 1.551303e+01 -1.252582e+01
3.223574e+15 1.622716e-28 5.230945e-13 1.550834e+01 -1.228142e+01
3.189281e+15 2.539116e-28 8.097954e-13 1.550369e+01 -1.209162e+01
3.155709e+15 3.481276e-28 1.098589e-12 1.549910e+01 -1.195916e+01
3.122838e+15 4.235172e-28 1.322575e-12 1.549455e+01 -1.187858e+01
3.090643e+15 3.130529e-28 9.675349e-13 1.549005e+01 -1.201433e+01
3.059106e+15 2.956434e-28 9.044045e-13 1.548559e+01 -1.204364e+01
3.028206e+15 4.196330e-28 1.270735e-12 1.548119e+01 -1.189594e+01
2.997924e+15 4.573408e-28 1.371073e-12 1.547682e+01 -1.186294e+01
2.968242e+15 4.973785e-28 1.476340e-12 1.547250e+01 -1.183081e+01
2.939141e+15 3.801296e-28 1.117254e-12 1.546822e+01 -1.195185e+01
2.910606e+15 3.471869e-28 1.010524e-12 1.546398e+01 -1.199545e+01
2.882619e+15 5.285001e-28 1.523465e-12 1.545979e+01 -1.181717e+01
2.855166e+15 6.284207e-28 1.794245e-12 1.545563e+01 -1.174612e+01
2.828230e+15 5.769809e-28 1.631835e-12 1.545151e+01 -1.178732e+01
2.801798e+15 5.637576e-28 1.579535e-12 1.544744e+01 -1.180147e+01
2.775856e+15 5.635678e-28 1.564383e-12 1.544340e+01 -1.180566e+01
2.750389e+15 5.723062e-28 1.574065e-12 1.543939e+01 -1.180298e+01
2.725385e+15 6.073740e-28 1.655328e-12 1.543543e+01 -1.178112e+01
2.700832e+15 5.924661e-28 1.600152e-12 1.543150e+01 -1.179584e+01
2.676718e+15 5.595963e-28 1.497881e-12 1.542760e+01 -1.182452e+01
2.653030e+15 5.784818e-28 1.534730e-12 1.542374e+01 -1.181397e+01
2.629758e+15 6.056851e-28 1.592805e-12 1.541992e+01 -1.179784e+01
2.606890e+15 5.927532e-28 1.545243e-12 1.541612e+01 -1.181100e+01
2.584417e+15 6.053672e-28 1.564521e-12 1.541236e+01 -1.180562e+01
2.562328e+15 5.263106e-28 1.348580e-12 1.540863e+01 -1.187012e+01
2.540614e+15 5.131250e-28 1.303652e-12 1.540494e+01 -1.188484e+01
2.519264e+15 5.344965e-28 1.346538e-12 1.540127e+01 -1.187078e+01
2.498270e+15 4.447922e-28 1.111211e-12 1.539764e+01 -1.195420e+01
2.477623e+15 3.380244e-28 8.374970e-13 1.539404e+01 -1.207702e+01
2.457315e+15 2.990981e-28 7.349782e-13 1.539046e+01 -1.213373e+01
2.437337e+15 4.144158e-28 1.010071e-12 1.538692e+01 -1.199565e+01
2.417681e+15 6.689831e-28 1.617388e-12 1.538340e+01 -1.179119e+01
2.398339e+15 7.208288e-28 1.728792e-12 1.537991e+01 -1.176226e+01
2.379305e+15 6.430657e-28 1.530049e-12 1.537645e+01 -1.181529e+01
2.360570e+15 7.232510e-28 1.707285e-12 1.537302e+01 -1.176769e+01
2.342128e+15 7.336535e-28 1.718311e-12 1.536961e+01 -1.176490e+01
2.323972e+15 7.386972e-28 1.716712e-12 1.536623e+01 -1.176530e+01
2.306095e+15 6.242156e-28 1.439501e-12 1.536288e+01 -1.184179e+01
2.288492e+15 6.862867e-28 1.570561e-12 1.535955e+01 -1.180395e+01
2.271155e+15 7.290012e-28 1.655674e-12 1.535625e+01 -1.178103e+01
2.254078e+15 6.671011e-28 1.503698e-12 1.535297e+01 -1.182284e+01
2.237257e+15 6.603920e-28 1.477466e-12 1.534972e+01 -1.183048e+01
2.220684e+15 7.135296e-28 1.584524e-12 1.534649e+01 -1.180010e+01
2.204356e+15 6.660763e-28 1.468269e-12 1.534328e+01 -1.183319e+01
2.188266e+15 6.362990e-28 1.392391e-12 1.534010e+01 -1.185624e+01
2.172409e+15 6.202289e-28 1.347391e-12 1.533694e+01 -1.187051e+01
2.156780e+15 5.310694e-28 1.145400e-12 1.533381e+01 -1.194104e+01
2.141374e+15 6.015018e-28 1.288040e-12 1.533069e+01 -1.189007e+01
2.126187e+15 6.397654e-28 1.360261e-12 1.532760e+01 -1.186638e+01
2.111214e+15 6.152114e-28 1.298843e-12 1.532453e+01 -1.188644e+01
2.096450e+15 6.200423e-28 1.299888e-12 1.532148e+01 -1.188609e+01
2.081892e+15 6.428956e-28 1.338439e-12 1.531846e+01 -1.187340e+01
2.067534e+15 6.368452e-28 1.316699e-12 1.531545e+01 -1.188051e+01
2.053373e+15 6.340220e-28 1.301883e-12 1.531247e+01 -1.188543e+01
2.039404e+15 6.661051e-28 1.358457e-12 1.530950e+01 -1.186695e+01
2.025624e+15 6.809479e-28 1.379345e-12 1.530656e+01 -1.186033e+01
2.012030e+15 7.144224e-28 1.437439e-12 1.530363e+01 -1.184241e+01
1.998616e+15 6.687664e-28 1.336607e-12 1.530073e+01 -1.187400e+01
1.985380e+15 6.755585e-28 1.341240e-12 1.529784e+01 -1.187249e+01
1.972318e+15 6.784716e-28 1.338162e-12 1.529498e+01 -1.187349e+01
1.959427e+15 5.475832e-28 1.072950e-12 1.529213e+01 -1.196942e+01
1.946704e+15 4.444590e-28 8.652301e-13 1.528930e+01 -1.206287e+01
1.934145e+15 6.507814e-28 1.258705e-12 1.528649e+01 -1.190008e+01
1.921746e+15 7.026417e-28 1.350299e-12 1.528370e+01 -1.186957e+01
1.909506e+15 6.606967e-28 1.261604e-12 1.528092e+01 -1.189908e+01
1.897420e+15 6.662570e-28 1.264169e-12 1.527816e+01 -1.189819e+01
1.885487e+15 6.648965e-28 1.253654e-12 1.527542e+01 -1.190182e+01
1.873702e+15 6.332385e-28 1.186501e-12 1.527270e+01 -1.192573e+01
1.862065e+15 5.965466e-28 1.110808e-12 1.526999e+01 -1.195436e+01
1.850570e+15 6.048067e-28 1.119237e-12 1.526731e+01 -1.195108e+01
1.839217e+15 6.075543e-28 1.117424e-12 1.526463e+01 -1.195178e+01
1.828002e+15 6.187029e-28 1.130990e-12 1.526198e+01 -1.194654e+01
1.816924e+15 6.328453e-28 1.149832e-12 1.525934e+01 -1.193937e+01
1.805978e+15 5.956958e-28 1.075814e-12 1.525671e+01 -1.196826e+01
1.795164e+15 6.084579e-28 1.092282e-12 1.525410e+01 -1.196167e+01
1.784479e+15 6.599193e-28 1.177612e-12 1.525151e+01 -1.192900e+01
1.773920e+15 6.471082e-28 1.147918e-12 1.524893e+01 -1.194009e+01
1.763485e+15 6.356732e-28 1.121000e-12 1.524637e+01 -1.195039e+01
1.753172e+15 6.038772e-28 1.058701e-12 1.524382e+01 -1.197523e+01
1.742979e+15 5.907714e-28 1.029702e-12 1.524129e+01 -1.198729e+01
1.732904e+15 6.416526e-28 1.111922e-12 1.523877e+01 -1.195393e+01
1.722945e+15 6.583103e-28 1.134232e-12 1.523627e+01 -1.194530e+01
1.713099e+15 6.581820e-28 1.127531e-12 1.523378e+01 -1.194787e+01
1.703366e+15 6.686525e-28 1.138960e-12 1.523131e+01 -1.194349e+01
1.693742e+15 6.657468e-28 1.127604e-12 1.522885e+01 -1.194784e+01
1.684227e+15 6.689661e-28 1.126691e-12 1.522640e+01 -1.194820e+01
1.674818e+15 5.961037e-28 9.983652e-13 1.522397e+01 -1.200071e+01
1.665513e+15 6.606117e-28 1.100258e-12 1.522155e+01 -1.195851e+01
1.656312e+15 6.480225e-28 1.073327e-12 1.521914e+01 -1.196927e+01
1.647211e+15 6.715481e-28 1.106181e-12 1.521675e+01 -1.195617e+01
1.638210e+15 6.666418e-28 1.092099e-12 1.521437e+01 -1.196174e+01
1.629307e+15 6.423117e-28 1.046523e-12 1.521200e+01 -1.198025e+01
1.620499e+15 6.209251e-28 1.006209e-12 1.520965e+01 -1.199731e+01
1.611787e+15 6.182121e-28 9.964263e-13 1.520731e+01 -1.200155e+01
1.603168e+15 6.432345e-28 1.031213e-12 1.520498e+01 -1.198665e+01
1.594640e+15 6.341760e-28 1.011283e-12 1.520266e+01 -1.199513e+01
1.586203e+15 6.135627e-28 9.732351e-13 1.520036e+01 -1.201178e+01
1.577855e+15 6.128713e-28 9.670219e-13 1.519807e+01 -1.201456e+01
1.569594e+15 6.147433e-28 9.648973e-13 1.519579e+01 -1.201552e+01
1.561419e+15 6.022324e-28 9.403369e-13 1.519352e+01 -1.202672e+01
1.553328e+15 6.073487e-28 9.434121e-13 1.519126e+01 -1.202530e+01
1.545322e+15 6.456655e-28 9.977608e-13 1.518902e+01 -1.200097e+01
1.537397e+15 6.511413e-28 1.001063e-12 1.518679e+01 -1.199954e+01
1.529553e+15 6.408968e-28 9.802856e-13 1.518456e+01 -1.200865e+01
1.521789e+15 6.470458e-28 9.846670e-13 1.518235e+01 -1.200671e+01
1.514103e+15 6.705073e-28 1.015217e-12 1.518016e+01 -1.199344e+01
1.506494e+15 6.677344e-28 1.005938e-12 1.517797e+01 -1.199743e+01
1.498962e+15 6.585035e-28 9.870717e-13 1.517579e+01 -1.200565e+01
1.491504e+15 6.519556e-28 9.723947e-13 1.517362e+01 -1.201216e+01
1.484121e+15 6.794507e-28 1.008387e-12 1.517147e+01 -1.199637e+01
1.476810e+15 6.714843e-28 9.916546e-13 1.516932e+01 -1.200364e+01
1.469571e+15 6.768054e-28 9.946133e-13 1.516719e+01 -1.200235e+01
1.462402e+15 6.666905e-28 9.749694e-13 1.516507e+01 -1.201101e+01
1.455303e+15 6.264289e-28 9.116439e-13 1.516295e+01 -1.204017e+01
1.448272e+15 6.734642e-28 9.753597e-13 1.516085e+01 -1.201084e+01
1.441310e+15 7.054239e-28 1.016734e-12 1.515876e+01 -1.199279e+01
1.434413e+15 7.025923e-28 1.007808e-12 1.515667e+01 -1.199662e+01
1.427583e+15 6.570116e-28 9.379385e-13 1.515460e+01 -1.202783e+01
1.420817e+15 7.039502e-28 1.000184e-12 1.515254e+01 -1.199992e+01
1.414115e+15 6.993136e-28 9.889099e-13 1.515048e+01 -1.200484e+01
1.407476e+15 7.254561e-28 1.021062e-12 1.514844e+01 -1.199095e+01
1.400899e+15 6.736243e-28 9.436796e-13 1.514641e+01 -1.202518e+01
1.394383e+15 6.935235e-28 9.670376e-13 1.514438e+01 -1.201456e+01
1.387928e+15 6.965610e-28 9.667763e-13 1.514237e+01 -1.201467e+01
1.381532e+15 6.530920e-28 9.022673e-13 1.514036e+01 -1.204466e+01
1.375194e+15 6.601230e-28 9.077975e-13 1.513836e+01 -1.204201e+01
1.368915e+15 6.898598e-28 9.443595e-13 1.513638e+01 -1.202486e+01
1.362693e+15 7.327615e-28 9.985288e-13 1.513440e+01 -1.200064e+01
1.356527e+15 6.907234e-28 9.369848e-13 1.513243e+01 -1.202827e+01
1.350416e+15 6.488668e-28 8.762402e-13 1.513047e+01 -1.205738e+01
1.344361e+15 6.615130e-28 8.893120e-13 1.512852e+01 -1.205095e+01
1.338359e+15 6.669324e-28 8.925949e-13 1.512657e+01 -1.204935e+01
1.332411e+15 6.681168e-28 8.902059e-13 1.512464e+01 -1.205051e+01
1.326515e+15 6.864026e-28 9.105233e-13 1.512271e+01 -1.204071e+01
1.320671e+15 6.562428e-28 8.666811e-13 1.512079e+01 -1.206214e+01
1.314879e+15 6.789568e-28 8.927460e-13 1.511889e+01 -1.204927e+01
1.309137e+15 6.904314e-28 9.038694e-13 1.511699e+01 -1.204389e+01
1.303445e+15 6.664828e-28 8.687239e-13 1.511509e+01 -1.206112e+01
1.297803e+15 7.042248e-28 9.139447e-13 1.511321e+01 -1.203908e+01
1.292209e+15 6.973378e-28 9.011059e-13 1.511133e+01 -1.204522e+01
1.286663e+15 6.908226e-28 8.888556e-13 1.510946e+01 -1.205117e+01
1.281164e+15 6.823929e-28 8.742573e-13 1.510760e+01 -1.205836e+01
1.275712e+15 6.731626e-28 8.587619e-13 1.510575e+01 -1.206613e+01
1.270307e+15 7.122351e-28 9.047570e-13 1.510391e+01 -1.204347e+01
1.264947e+15 7.076687e-28 8.951633e-13 1.510207e+01 -1.204810e+01
1.259632e+15 6.886753e-28 8.674774e-13 1.510024e+01 -1.206174e+01
1.254362e+15 6.548932e-28 8.214728e-13 1.509842e+01 -1.208541e+01
1.249135e+15 6.736894e-28 8.415290e-13 1.509661e+01 -1.207493e+01
1.243952e+15 6.585820e-28 8.192444e-13 1.509480e+01 -1.208659e+01
1.238812e+15 6.978766e-28 8.645376e-13 1.509301e+01 -1.206322e+01
1.233714e+15 7.656522e-28 9.445956e-13 1.509121e+01 -1.202475e+01
1.228657e+15 7.350875e-28 9.031706e-13 1.508943e+01 -1.204423e+01
1.223642e+15 7.360835e-28 9.007030e-13 1.508765e+01 -1.204542e+01
1.218668e+15 7.687898e-28 9.368998e-13 1.508589e+01 -1.202831e+01
1.213734e+15 7.308556e-28 8.870646e-13 1.508412e+01 -1.205204e+01
1.208840e+15 7.193506e-28 8.695800e-13 1.508237e+01 -1.206069e+01
1.203986e+15 6.991253e-28 8.417368e-13 1.508062e+01 -1.207482e+01
1.199170e+15 7.467484e-28 8.954780e-13 1.507888e+01 -1.204795e+01
1.194392e+15 7.421511e-28 8.864194e-13 1.507715e+01 -1.205236e+01
1.189652e+15 7.094058e-28 8.439463e-13 1.507542e+01 -1.207369e+01
1.184950e+15 7.305041e-28 8.656109e-13 1.507370e+01 -1.206268e+01
1.180285e+15 7.417091e-28 8.754281e-13 1.507199e+01 -1.205778e+01
1.175656e+15 7.618976e-28 8.957298e-13 1.507028e+01 -1.204782e+01
1.171064e+15 7.885270e-28 9.234157e-13 1.506858e+01 -1.203460e+01
1.166507e+15 8.640450e-28 1.007915e-12 1.506689e+01 -1.199658e+01
1.161986e+15 7.862198e-28 9.135764e-13 1.506520e+01 -1.203926e+01
1.157500e+15 8.197937e-28 9.489108e-13 1.506352e+01 -1.202277e+01
1.153048e+15 8.098123e-28 9.337522e-13 1.506185e+01 -1.202977e+01
1.148630e+15 8.031799e-28 9.225564e-13 1.506018e+01 -1.203501e+01
1.144246e+15 8.597953e-28 9.838172e-13 1.505852e+01 -1.200709e+01
1.139895e+15 8.707284e-28 9.925390e-13 1.505686e+01 -1.200325e+01
1.135577e+15 1.094691e-27 1.243106e-12 1.505522e+01 -1.190549e+01
1.131292e+15 1.104474e-27 1.249483e-12 1.505357e+01 -1.190327e+01
1.127039e+15 1.141798e-27 1.286851e-12 1.505194e+01 -1.189047e+01
1.122818e+15 1.074803e-27 1.206809e-12 1.505031e+01 -1.191836e+01
1.118628e+15 1.105492e-27 1.236635e-12 1.504869e+01 -1.190776e+01
1.114470e+15 1.091725e-27 1.216695e-12 1.504707e+01 -1.191482e+01
1.110342e+15 1.106746e-27 1.228867e-12 1.504546e+01 -1.191050e+01
1.106245e+15 1.139633e-27 1.260713e-12 1.504385e+01 -1.189938e+01
1.102178e+15 1.029991e-27 1.135233e-12 1.504225e+01 -1.194491e+01
1.098141e+15 1.080615e-27 1.186667e-12 1.504066e+01 -1.192567e+01
1.094133e+15 9.900174e-28 1.083211e-12 1.503907e+01 -1.196529e+01
1.090154e+15 9.559692e-28 1.042154e-12 1.503749e+01 -1.198207e+01
1.086204e+15 1.077303e-27 1.170171e-12 1.503591e+01 -1.193175e+01
1.082283e+15 1.145542e-27 1.239801e-12 1.503434e+01 -1.190665e+01
1.078390e+15 1.078367e-27 1.162900e-12 1.503278e+01 -1.193446e+01
1.074525e+15 9.561947e-28 1.027455e-12 1.503122e+01 -1.198824e+01
1.070687e+15 8.189314e-28 8.768194e-13 1.502966e+01 -1.205709e+01
1.066877e+15 9.716107e-28 1.036589e-12 1.502811e+01 -1.198439e+01
1.063094e+15 1.250726e-27 1.329639e-12 1.502657e+01 -1.187627e+01
1.059337e+15 1.225977e-27 1.298723e-12 1.502503e+01 -1.188648e+01
1.055607e+15 1.211793e-27 1.279177e-12 1.502350e+01 -1.189307e+01
1.051903e+15 1.040403e-27 1.094403e-12 1.502198e+01 -1.196082e+01
1.048225e+15 1.186840e-27 1.244076e-12 1.502045e+01 -1.190515e+01
1.044573e+15 1.313632e-27 1.372184e-12 1.501894e+01 -1.186259e+01
1.040946e+15 1.313223e-27 1.366994e-12 1.501743e+01 -1.186423e+01
1.037344e+15 1.381987e-27 1.433596e-12 1.501592e+01 -1.184357e+01
1.033767e+15 1.545205e-27 1.597382e-12 1.501442e+01 -1.179659e+01
1.030214e+15 1.611003e-27 1.659678e-12 1.501293e+01 -1.177998e+01
1.026686e+15 1.571068e-27 1.612994e-12 1.501144e+01 -1.179237e+01
1.023182e+15 1.574636e-27 1.611140e-12 1.500995e+01 -1.179287e+01
1.019702e+15 1.570883e-27 1.601832e-12 1.500847e+01 -1.179538e+01
1.016245e+15 1.586156e-27 1.611923e-12 1.500700e+01 -1.179266e+01
1.012812e+15 1.683397e-27 1.704965e-12 1.500553e+01 -1.176828e+01
1.009402e+15 1.586435e-27 1.601351e-12 1.500406e+01 -1.179551e+01
1.006015e+15 1.632566e-27 1.642385e-12 1.500260e+01 -1.178452e+01
1.002650e+15 1.649173e-27 1.653543e-12 1.500115e+01 -1.178158e+01
9.993080e+14 1.600693e-27 1.599585e-12 1.499970e+01 -1.179599e+01
9.959880e+14 1.644675e-27 1.638076e-12 1.499825e+01 -1.178567e+01
9.926901e+14 1.602955e-27 1.591238e-12 1.499681e+01 -1.179826e+01
9.894139e+14 1.841072e-27 1.821582e-12 1.499538e+01 -1.173955e+01
9.861592e+14 1.899818e-27 1.873523e-12 1.499395e+01 -1.172734e+01
9.829259e+14 1.937731e-27 1.904646e-12 1.499252e+01 -1.172019e+01
9.797137e+14 1.860996e-27 1.823244e-12 1.499110e+01 -1.173916e+01
9.765225e+14 1.941457e-27 1.895877e-12 1.498968e+01 -1.172219e+01
9.733519e+14 2.038785e-27 1.984455e-12 1.498827e+01 -1.170236e+01
9.702019e+14 1.938766e-27 1.880995e-12 1.498686e+01 -1.172561e+01
9.670723e+14 1.922075e-27 1.858786e-12 1.498546e+01 -1.173077e+01
9.639627e+14 2.216800e-27 2.136913e-12 1.498406e+01 -1.167021e+01
9.608731e+14 2.163626e-27 2.078970e-12 1.498267e+01 -1.168215e+01
9.578032e+14 2.226889e-27 2.132922e-12 1.498128e+01 -1.167103e+01
9.547529e+14 2.284618e-27 2.181246e-12 1.497989e+01 -1.166130e+01
9.517219e+14 2.261689e-27 2.152499e-12 1.497851e+01 -1.166706e+01
9.487101e+14 2.140829e-27 2.031026e-12 1.497713e+01 -1.169228e+01
9.457174e+14 2.393895e-27 2.263948e-12 1.497576e+01 -1.164513e+01
9.427434e+14 2.412207e-27 2.274092e-12 1.497439e+01 -1.164319e+01
9.397881e+14 2.276758e-27 2.139670e-12 1.497303e+01 -1.166965e+01
9.368512e+14 2.197520e-27 2.058750e-12 1.497167e+01 -1.168640e+01
9.339327e+14 2.422235e-27 2.262204e-12 1.497032e+01 -1.164547e+01
9.310323e+14 2.376389e-27 2.212495e-12 1.496896e+01 -1.165512e+01
9.281498e+14 2.218105e-27 2.058734e-12 1.496762e+01 -1.168640e+01
9.252852e+14 2.266028e-27 2.096722e-12 1.496628e+01 -1.167846e+01
9.224382e+14 2.621599e-27 2.418263e-12 1.496494e+01 -1.161650e+01
9.196086e+14 2.779464e-27 2.556019e-12 1.496360e+01 -1.159244e+01
9.167963e+14 2.891968e-27 2.651345e-12 1.496227e+01 -1.157653e+01
9.140012e+14 2.822708e-27 2.579959e-12 1.496095e+01 -1.158839e+01
9.112231e+14 3.062687e-27 2.790791e-12 1.495962e+01 -1.155427e+01
9.084618e+14 3.180805e-27 2.889640e-12 1.495831e+01 -1.153916e+01
9.057172e+14 2.930944e-27 2.654606e-12 1.495699e+01 -1.157600e+01
9.029892e+14 2.938265e-27 2.653221e-12 1.495568e+01 -1.157623e+01
9.002775e+14 2.903601e-27 2.614047e-12 1.495438e+01 -1.158269e+01
8.975820e+14 3.011252e-27 2.702845e-12 1.495307e+01 -1.156818e+01
8.949027e+14 3.095293e-27 2.769986e-12 1.495178e+01 -1.155752e+01
8.922393e+14 2.881480e-27 2.570969e-12 1.495048e+01 -1.158990e+01
8.895917e+14 2.784189e-27 2.476792e-12 1.494919e+01 -1.160611e+01
8.869598e+14 3.019039e-27 2.677766e-12 1.494790e+01 -1.157223e+01
8.843434e+14 3.163619e-27 2.797725e-12 1.494662e+01 -1.155319e+01
8.817424e+14 3.270910e-27 2.884100e-12 1.494534e+01 -1.153999e+01
8.791566e+14 3.246229e-27 2.853944e-12 1.494407e+01 -1.154455e+01
8.765860e+14 3.289857e-27 2.883842e-12 1.494279e+01 -1.154003e+01
8.740303e+14 3.337533e-27 2.917105e-12 1.494153e+01 -1.153505e+01
8.714895e+14 2.955721e-27 2.575880e-12 1.494026e+01 -1.158907e+01
8.689635e+14 3.084149e-27 2.680013e-12 1.493900e+01 -1.157186e+01
8.664520e+14 3.333326e-27 2.888167e-12 1.493774e+01 -1.153938e+01
8.639550e+14 3.166786e-27 2.735961e-12 1.493649e+01 -1.156289e+01
8.614724e+14 3.167264e-27 2.728511e-12 1.493524e+01 -1.156407e+01
8.590040e+14 3.202117e-27 2.750632e-12 1.493400e+01 -1.156057e+01
8.565497e+14 3.539456e-27 3.031720e-12 1.493275e+01 -1.151831e+01
8.541094e+14 3.661897e-27 3.127661e-12 1.493151e+01 -1.150478e+01
8.516830e+14 3.446032e-27 2.934927e-12 1.493028e+01 -1.153240e+01
8.492703e+14 3.579460e-27 3.039929e-12 1.492905e+01 -1.151714e+01
8.468712e+14 4.056319e-27 3.435180e-12 1.492782e+01 -1.146405e+01
8.444856e+14 3.978709e-27 3.359963e-12 1.492659e+01 -1.147367e+01
8.421135e+14 3.596649e-27 3.028787e-12 1.492537e+01 -1.151873e+01
8.397546e+14 3.210101e-27 2.695697e-12 1.492415e+01 -1.156933e+01
8.374089e+14 2.871524e-27 2.404640e-12 1.492294e+01 -1.161895e+01
8.350763e+14 3.286764e-27 2.744698e-12 1.492173e+01 -1.156151e+01
8.327567e+14 3.784060e-27 3.151201e-12 1.492052e+01 -1.150152e+01
8.304499e+14 3.613557e-27 3.000878e-12 1.491931e+01 -1.152275e+01
8.281558e+14 3.885383e-27 3.217703e-12 1.491811e+01 -1.149245e+01
8.258744e+14 4.083962e-27 3.372839e-12 1.491691e+01 -1.147200e+01
8.236055e+14 4.125969e-27 3.398171e-12 1.491572e+01 -1.146875e+01
8.213490e+14 4.516540e-27 3.709655e-12 1.491453e+01 -1.143067e+01
8.191049e+14 5.198119e-27 4.257804e-12 1.491334e+01 -1.137081e+01
8.168730e+14 5.001718e-27 4.085769e-12 1.491215e+01 -1.138873e+01
8.146533e+14 4.662181e-27 3.798061e-12 1.491097e+01 -1.142044e+01
8.124455e+14 4.827651e-27 3.922203e-12 1.490979e+01 -1.140647e+01
8.102497e+14 5.016270e-27 4.064432e-12 1.490862e+01 -1.139100e+01
8.080658e+14 4.666249e-27 3.770636e-12 1.490745e+01 -1.142359e+01
8.058935e+14 4.458973e-27 3.593457e-12 1.490628e+01 -1.144449e+01
8.037330e+14 3.870932e-27 3.111196e-12 1.490511e+01 -1.150707e+01
8.015840e+14 3.637653e-27 2.915884e-12 1.490395e+01 -1.153523e+01
7.994464e+14 4.010000e-27 3.205780e-12 1.490279e+01 -1.149407e+01
7.973202e+14 4.438119e-27 3.538602e-12 1.490163e+01 -1.145117e+01
7.952053e+14 5.101922e-27 4.057076e-12 1.490048e+01 -1.139179e+01
7.931016e+14 5.747087e-27 4.558024e-12 1.489933e+01 -1.134122e+01
7.910090e+14 5.059679e-27 4.002252e-12 1.489818e+01 -1.139770e+01
7.889274e+14 4.974226e-27 3.924303e-12 1.489704e+01 -1.140624e+01
7.868567e+14 4.852606e-27 3.818306e-12 1.489590e+01 -1.141813e+01
7.847969e+14 4.064583e-27 3.189872e-12 1.489476e+01 -1.149623e+01
7.827478e+14 3.445209e-27 2.696730e-12 1.489362e+01 -1.156916e+01
7.807094e+14 3.870388e-27 3.021648e-12 1.489249e+01 -1.151976e+01
7.786816e+14 4.461709e-27 3.474250e-12 1.489136e+01 -1.145914e+01
7.766642e+14 4.442680e-27 3.450470e-12 1.489023e+01 -1.146212e+01
7.746574e+14 4.475163e-27 3.466718e-12 1.488911e+01 -1.146008e+01
7.726608e+14 4.439839e-27 3.430490e-12 1.488799e+01 -1.146464e+01
7.706746e+14 5.026755e-27 3.873992e-12 1.488687e+01 -1.141184e+01
7.686985e+14 5.606762e-27 4.309909e-12 1.488576e+01 -1.136553e+01
7.667325e+14 6.118690e-27 4.691398e-12 1.488464e+01 -1.132870e+01
7.647765e+14 5.585361e-27 4.271553e-12 1.488353e+01 -1.136941e+01
7.628305e+14 4.115558e-27 3.139474e-12 1.488243e+01 -1.150314e+01
7.608944e+14 4.491834e-27 3.417811e-12 1.488132e+01 -1.146625e+01
7.589681e+14 6.147872e-27 4.666039e-12 1.488022e+01 -1.133105e+01
7.570515e+14 5.243869e-27 3.969879e-12 1.487913e+01 -1.140122e+01
7.551446e+14 4.664747e-27 3.522559e-12 1.487803e+01 -1.145314e+01
7.532472e+14 7.202883e-27 5.425552e-12 1.487694e+01 -1.126556e+01
7.513594e+14 8.880505e-27 6.672451e-12 1.487585e+01 -1.117571e+01
7.494810e+14 9.551661e-27 7.158788e-12 1.487476e+01 -1.114516e+01
7.476120e+14 1.009245e-26 7.545238e-12 1.487368e+01 -1.112233e+01
7.457522e+14 1.037530e-26 7.737402e-12 1.487259e+01 -1.111140e+01
7.439017e+14 1.011153e-26 7.521984e-12 1.487152e+01 -1.112367e+01
7.420604e+14 9.841325e-27 7.302858e-12 1.487044e+01 -1.113651e+01
7.402281e+14 1.004682e-26 7.436937e-12 1.486937e+01 -1.112861e+01
7.384049e+14 9.618839e-27 7.102598e-12 1.486829e+01 -1.114858e+01
7.365907e+14 9.723673e-27 7.162367e-12 1.486723e+01 -1.114494e+01
7.347853e+14 1.038147e-26 7.628151e-12 1.486616e+01 -1.111758e+01
7.329888e+14 1.100146e-26 8.063948e-12 1.486510e+01 -1.109345e+01
7.312010e+14 1.011993e-26 7.399702e-12 1.486404e+01 -1.113079e+01
7.294219e+14 1.046198e-26 7.631201e-12 1.486298e+01 -1.111741e+01
7.276515e+14 1.082305e-26 7.875410e-12 1.486192e+01 -1.110373e+01
7.258896e+14 1.066255e-26 7.739832e-12 1.486087e+01 -1.111127e+01
7.241362e+14 1.010601e-26 7.318130e-12 1.485982e+01 -1.113560e+01
7.223913e+14 1.010607e-26 7.300538e-12 1.485877e+01 -1.113665e+01
7.206548e+14 1.060907e-26 7.645475e-12 1.485773e+01 -1.111660e+01
7.189266e+14 1.021832e-26 7.346222e-12 1.485668e+01 -1.113394e+01
7.172067e+14 1.027106e-26 7.366470e-12 1.485564e+01 -1.113274e+01
7.154950e+14 1.067785e-26 7.639945e-12 1.485461e+01 -1.111691e+01
7.137914e+14 1.055849e-26 7.536557e-12 1.485357e+01 -1.112283e+01
7.120960e+14 1.131223e-26 8.055396e-12 1.485254e+01 -1.109391e+01
7.104085e+14 1.057141e-26 7.510017e-12 1.485151e+01 -1.112436e+01
7.087291e+14 1.038111e-26 7.357392e-12 1.485048e+01 -1.113328e+01
7.070575e+14 1.167599e-26 8.255596e-12 1.484945e+01 -1.108325e+01
7.053939e+14 1.154339e-26 8.142634e-12 1.484843e+01 -1.108924e+01
7.037380e+14 1.165874e-26 8.204700e-12 1.484741e+01 -1.108594e+01
7.020899e+14 1.139577e-26 8.000855e-12 1.484639e+01 -1.109686e+01
7.004495e+14 1.142805e-26 8.004774e-12 1.484538e+01 -1.109665e+01
6.988168e+14 1.082261e-26 7.563025e-12 1.484436e+01 -1.112130e+01
6.971916e+14 9.898604e-27 6.901224e-12 1.484335e+01 -1.116107e+01
6.955740e+14 1.105053e-26 7.686462e-12 1.484234e+01 -1.111427e+01
6.939639e+14 1.294957e-26 8.986533e-12 1.484134e+01 -1.104641e+01
6.923612e+14 1.300959e-26 9.007335e-12 1.484033e+01 -1.104540e+01
6.907659e+14 1.375201e-26 9.499420e-12 1.483933e+01 -1.102230e+01
6.891779e+14 1.432405e-26 9.871819e-12 1.483833e+01 -1.100560e+01
6.875972e+14 1.511647e-26 1.039404e-11 1.483733e+01 -1.098322e+01
6.860238e+14 1.463251e-26 1.003825e-11 1.483634e+01 -1.099834e+01
6.844575e+14 1.312244e-26 8.981755e-12 1.483535e+01 -1.104664e+01
6.828984e+14 1.340703e-26 9.155638e-12 1.483436e+01 -1.103831e+01
6.813464e+14 1.398650e-26 9.529649e-12 1.483337e+01 -1.102092e+01
6.798014e+14 1.459124e-26 9.919146e-12 1.483238e+01 -1.100353e+01
6.782633e+14 1.582049e-26 1.073046e-11 1.483140e+01 -1.096938e+01
6.767323e+14 1.532348e-26 1.036989e-11 1.483042e+01 -1.098423e+01
6.752081e+14 1.574045e-26 1.062808e-11 1.482944e+01 -1.097355e+01
6.736908e+14 1.599647e-26 1.077668e-11 1.482846e+01 -1.096752e+01
6.721803e+14 1.498037e-26 1.006951e-11 1.482749e+01 -1.099699e+01
6.706765e+14 1.679930e-26 1.126690e-11 1.482651e+01 -1.094820e+01
6.691795e+14 1.783333e-26 1.193370e-11 1.482554e+01 -1.092322e+01
6.676891e+14 1.800828e-26 1.202393e-11 1.482457e+01 -1.091995e+01
6.662053e+14 1.835434e-26 1.222776e-11 1.482361e+01 -1.091265e+01
6.647282e+14 1.892931e-26 1.258285e-11 1.482264e+01 -1.090022e+01
6.632575e+14 1.756976e-26 1.165328e-11 1.482168e+01 -1.093355e+01
6.617934e+14 1.660481e-26 1.098895e-11 1.482072e+01 -1.095904e+01
6.603357e+14 1.793334e-26 1.184202e-11 1.481976e+01 -1.092657e+01
6.588844e+14 1.832542e-26 1.207433e-11 1.481881e+01 -1.091814e+01
6.574395e+14 1.921382e-26 1.263192e-11 1.481786e+01 -1.089853e+01
6.560009e+14 1.890569e-26 1.240215e-11 1.481690e+01 -1.090650e+01
6.545686e+14 1.905238e-26 1.247109e-11 1.481596e+01 -1.090410e+01
6.531425e+14 1.854729e-26 1.211402e-11 1.481501e+01 -1.091671e+01
6.517226e+14 1.906363e-26 1.242420e-11 1.481406e+01 -1.090573e+01
6.503089e+14 2.021762e-26 1.314770e-11 1.481312e+01 -1.088115e+01
6.489013e+14 2.074018e-26 1.345833e-11 1.481218e+01 -1.087101e+01
6.474998e+14 2.021112e-26 1.308670e-11 1.481124e+01 -1.088317e+01
6.461043e+14 1.931750e-26 1.248112e-11 1.481030e+01 -1.090375e+01
6.447148e+14 1.933275e-26 1.246411e-11 1.480937e+01 -1.090434e+01
6.433313e+14 1.986058e-26 1.277693e-11 1.480843e+01 -1.089357e+01
6.419537e+14 1.934829e-26 1.242071e-11 1.480750e+01 -1.090585e+01
6.405821e+14 2.011880e-26 1.288775e-11 1.480657e+01 -1.088982e+01
6.392162e+14 2.019102e-26 1.290643e-11 1.480565e+01 -1.088919e+01
6.378562e+14 1.983655e-26 1.265287e-11 1.480472e+01 -1.089781e+01
6.365019e+14 1.988379e-26 1.265607e-11 1.480380e+01 -1.089770e+01
6.351534e+14 2.097409e-26 1.332177e-11 1.480288e+01 -1.087544e+01
6.338106e+14 2.085870e-26 1.322047e-11 1.480196e+01 -1.087875e+01
6.324734e+14 2.171835e-26 1.373628e-11 1.480104e+01 -1.086213e+01
6.311419e+14 2.211093e-26 1.395514e-11 1.480013e+01 -1.085527e+01
6.298160e+14 2.120501e-26 1.335526e-11 1.479921e+01 -1.087435e+01
6.284956e+14 2.119626e-26 1.332176e-11 1.479830e+01 -1.087544e+01
6.271808e+14 2.194492e-26 1.376343e-11 1.479739e+01 -1.086127e+01
6.258714e+14 2.223919e-26 1.391887e-11 1.479649e+01 -1.085640e+01
6.245675e+14 2.282561e-26 1.425614e-11 1.479558e+01 -1.084600e+01
6.232690e+14 2.243500e-26 1.398304e-11 1.479468e+01 -1.085440e+01
6.219759e+14 2.285768e-26 1.421692e-11 1.479377e+01 -1.084719e+01
6.206882e+14 2.291588e-26 1.422362e-11 1.479287e+01 -1.084699e+01
6.194058e+14 2.254357e-26 1.396362e-11 1.479198e+01 -1.085500e+01
6.181287e+14 2.168847e-26 1.340627e-11 1.479108e+01 -1.087269e+01
6.168568e+14 2.047360e-26 1.262928e-11 1.479018e+01 -1.089862e+01
6.155901e+14 2.156393e-26 1.327454e-11 1.478929e+01 -1.087698e+01
6.143287e+14 2.185510e-26 1.342622e-11 1.478840e+01 -1.087205e+01
6.130724e+14 2.220586e-26 1.361380e-11 1.478751e+01 -1.086602e+01
6.118212e+14 2.356727e-26 1.441896e-11 1.478662e+01 -1.084107e+01
6.105752e+14 2.289410e-26 1.397857e-11 1.478574e+01 -1.085454e+01
6.093341e+14 2.262148e-26 1.378404e-11 1.478486e+01 -1.086062e+01
6.080982e+14 2.337445e-26 1.421396e-11 1.478397e+01 -1.084728e+01
6.068672e+14 2.398693e-26 1.455688e-11 1.478309e+01 -1.083693e+01
6.056412e+14 2.423592e-26 1.467827e-11 1.478222e+01 -1.083333e+01
6.044202e+14 2.287974e-26 1.382898e-11 1.478134e+01 -1.085921e+01
6.032040e+14 2.321846e-26 1.400547e-11 1.478046e+01 -1.085370e+01
6.019928e+14 2.336406e-26 1.406500e-11 1.477959e+01 -1.085186e+01
6.007864e+14 2.250900e-26 1.352310e-11 1.477872e+01 -1.086892e+01
5.995848e+14 2.243920e-26 1.345420e-11 1.477785e+01 -1.087114e+01
5.983880e+14 2.102166e-26 1.257911e-11 1.477698e+01 -1.090035e+01
5.971960e+14 2.194704e-26 1.310668e-11 1.477612e+01 -1.088251e+01
5.960087e+14 2.316352e-26 1.380566e-11 1.477525e+01 -1.085994e+01
5.948262e+14 2.270099e-26 1.350314e-11 1.477439e+01 -1.086957e+01
5.936483e+14 2.320350e-26 1.377472e-11 1.477353e+01 -1.086092e+01
5.924751e+14 2.480891e-26 1.469866e-11 1.477267e+01 -1.083272e+01
5.913065e+14 2.342814e-26 1.385321e-11 1.477181e+01 -1.085845e+01
5.901425e+14 2.271323e-26 1.340404e-11 1.477096e+01 -1.087276e+01
5.889831e+14 2.307203e-26 1.358904e-11 1.477010e+01 -1.086681e+01
5.878282e+14 2.285693e-26 1.343595e-11 1.476925e+01 -1.087173e+01
5.866779e+14 2.373073e-26 1.392229e-11 1.476840e+01 -1.085629e+01
5.855320e+14 2.354572e-26 1.378677e-11 1.476755e+01 -1.086054e+01
5.843906e+14 2.296084e-26 1.341810e-11 1.476670e+01 -1.087231e+01
5.832537e+14 2.318081e-26 1.352030e-11 1.476586e+01 -1.086901e+01
5.821212e+14 2.253874e-26 1.312028e-11 1.476501e+01 -1.088206e+01
5.809930e+14 2.200856e-26 1.278682e-11 1.476417e+01 -1.089324e+01
5.798692e+14 2.060100e-26 1.194589e-11 1.476333e+01 -1.092278e+01
5.787498e+14 2.043568e-26 1.182715e-11 1.476249e+01 -1.092712e+01
5.776347e+14 2.218038e-26 1.281216e-11 1.476165e+01 -1.089238e+01
5.765238e+14 2.312614e-26 1.333277e-11 1.476082e+01 -1.087508e+01
5.754173e+14 2.340041e-26 1.346500e-11 1.475998e+01 -1.087079e+01
5.743149e+14 2.482348e-26 1.425650e-11 1.475915e+01 -1.084599e+01
5.732168e+14 2.504504e-26 1.435624e-11 1.475832e+01 -1.084296e+01
5.721229e+14 2.653906e-26 1.518361e-11 1.475749e+01 -1.081863e+01
5.710331e+14 2.564209e-26 1.464248e-11 1.475666e+01 -1.083439e+01
5.699475e+14 2.533609e-26 1.444024e-11 1.475583e+01 -1.084043e+01
5.688660e+14 2.342346e-26 1.332481e-11 1.475501e+01 -1.087534e+01
5.677886e+14 2.703360e-26 1.534937e-11 1.475419e+01 -1.081391e+01
5.667153e+14 2.769727e-26 1.569646e-11 1.475336e+01 -1.080420e+01
5.656460e+14 2.851874e-26 1.613151e-11 1.475254e+01 -1.079232e+01
5.645808e+14 2.947015e-26 1.663828e-11 1.475173e+01 -1.077889e+01
5.635195e+14 2.754578e-26 1.552258e-11 1.475091e+01 -1.080904e+01
5.624623e+14 2.640864e-26 1.485386e-11 1.475009e+01 -1.082816e+01
5.614090e+14 2.773532e-26 1.557086e-11 1.474928e+01 -1.080769e+01
5.603596e+14 2.865968e-26 1.605973e-11 1.474847e+01 -1.079426e+01
5.593142e+14 3.002172e-26 1.679158e-11 1.474766e+01 -1.077491e+01
5.582726e+14 2.808718e-26 1.568031e-11 1.474685e+01 -1.080465e+01
5.572349e+14 2.929197e-26 1.632251e-11 1.474604e+01 -1.078721e+01
5.562011e+14 2.868111e-26 1.595247e-11 1.474523e+01 -1.079717e+01
5.551711e+14 2.739770e-26 1.521041e-11 1.474443e+01 -1.081786e+01
5.541449e+14 2.803702e-26 1.553657e-11 1.474362e+01 -1.080864e+01
5.531225e+14 2.943924e-26 1.628350e-11 1.474282e+01 -1.078825e+01
5.521039e+14 2.916720e-26 1.610333e-11 1.474202e+01 -1.079308e+01
5.510890e+14 3.000800e-26 1.653708e-11 1.474122e+01 -1.078154e+01
5.500778e+14 2.939493e-26 1.616950e-11 1.474042e+01 -1.079130e+01
5.490703e+14 2.932137e-26 1.609949e-11 1.473963e+01 -1.079319e+01
5.480665e+14 2.922468e-26 1.601707e-11 1.473883e+01 -1.079542e+01
5.470664e+14 2.885869e-26 1.578762e-11 1.473804e+01 -1.080168e+01
5.460699e+14 2.998306e-26 1.637285e-11 1.473725e+01 -1.078588e+01
5.450771e+14 3.021307e-26 1.646845e-11 1.473646e+01 -1.078335e+01
5.440878e+14 2.938590e-26 1.598851e-11 1.473567e+01 -1.079619e+01
5.431022e+14 3.091947e-26 1.679243e-11 1.473488e+01 -1.077489e+01
5.421201e+14 3.086464e-26 1.673234e-11 1.473410e+01 -1.077644e+01
5.411415e+14 3.171751e-26 1.716366e-11 1.473331e+01 -1.076539e+01
5.401665e+14 3.171893e-26 1.713350e-11 1.473253e+01 -1.076615e+01
5.391950e+14 3.169052e-26 1.708737e-11 1.473175e+01 -1.076732e+01
5.382269e+14 3.086651e-26 1.661319e-11 1.473097e+01 -1.077955e+01
5.372624e+14 3.119646e-26 1.676069e-11 1.473019e+01 -1.077571e+01
5.363013e+14 3.005513e-26 1.611860e-11 1.472941e+01 -1.079267e+01
5.353436e+14 3.039652e-26 1.627258e-11 1.472863e+01 -1.078854e+01
5.343893e+14 3.144360e-26 1.680312e-11 1.472786e+01 -1.077461e+01
5.334384e+14 3.184429e-26 1.698697e-11 1.472708e+01 -1.076988e+01
5.324909e+14 3.150513e-26 1.677619e-11 1.472631e+01 -1.077531e+01
5.315468e+14 3.195446e-26 1.698529e-11 1.472554e+01 -1.076993e+01
5.306060e+14 3.288230e-26 1.744755e-11 1.472477e+01 -1.075827e+01
5.296686e+14 3.233620e-26 1.712747e-11 1.472400e+01 -1.076631e+01
5.287344e+14 3.233243e-26 1.709527e-11 1.472324e+01 -1.076712e+01
5.278035e+14 3.333404e-26 1.759382e-11 1.472247e+01 -1.075464e+01
5.268759e+14 3.388321e-26 1.785225e-11 1.472171e+01 -1.074831e+01
5.259516e+14 3.350780e-26 1.762348e-11 1.472095e+01 -1.075391e+01
5.250305e+14 3.282104e-26 1.723204e-11 1.472018e+01 -1.076366e+01
5.241126e+14 3.396320e-26 1.780054e-11 1.471942e+01 -1.074957e+01
5.231979e+14 3.495419e-26 1.828796e-11 1.471867e+01 -1.073783e+01
5.222864e+14 3.521467e-26 1.839214e-11 1.471791e+01 -1.073537e+01
5.213781e+14 3.526805e-26 1.838799e-11 1.471715e+01 -1.073547e+01
5.204729e+14 3.483349e-26 1.812989e-11 1.471640e+01 -1.074160e+01
5.195709e+14 3.478327e-26 1.807237e-11 1.471564e+01 -1.074298e+01
5.186720e+14 3.437430e-26 1.782898e-11 1.471489e+01 -1.074887e+01
5.177762e+14 3.500722e-26 1.812590e-11 1.471414e+01 -1.074170e+01
5.168834e+14 3.588407e-26 1.854788e-11 1.471339e+01 -1.073171e+01
5.159938e+14 3.554719e-26 1.834213e-11 1.471264e+01 -1.073655e+01
5.151072e+14 3.641648e-26 1.875839e-11 1.471190e+01 -1.072680e+01
5.142237e+14 3.672016e-26 1.888237e-11 1.471115e+01 -1.072394e+01
5.133432e+14 3.630912e-26 1.863904e-11 1.471041e+01 -1.072958e+01
5.124656e+14 3.650543e-26 1.870778e-11 1.470966e+01 -1.072798e+01
5.115911e+14 3.524949e-26 1.803333e-11 1.470892e+01 -1.074392e+01
5.107196e+14 3.455231e-26 1.764654e-11 1.470818e+01 -1.075334e+01
5.098510e+14 3.351943e-26 1.708991e-11 1.470744e+01 -1.076726e+01
5.089854e+14 3.388486e-26 1.724690e-11 1.470671e+01 -1.076329e+01
5.081227e+14 3.342622e-26 1.698462e-11 1.470597e+01 -1.076994e+01
5.072629e+14 3.415937e-26 1.732778e-11 1.470523e+01 -1.076126e+01
5.064061e+14 3.558131e-26 1.801859e-11 1.470450e+01 -1.074428e+01
5.055521e+14 3.548748e-26 1.794077e-11 1.470377e+01 -1.074616e+01
5.047010e+14 3.648152e-26 1.841226e-11 1.470303e+01 -1.073489e+01
5.038528e+14 3.609896e-26 1.818856e-11 1.470230e+01 -1.074020e+01
5.030074e+14 3.662691e-26 1.842361e-11 1.470157e+01 -1.073463e+01
5.021648e+14 3.666011e-26 1.840942e-11 1.470085e+01 -1.073496e+01
5.013251e+14 3.725986e-26 1.867930e-11 1.470012e+01 -1.072864e+01
5.004881e+14 3.722259e-26 1.862947e-11 1.469939e+01 -1.072980e+01
4.996540e+14 3.697657e-26 1.847549e-11 1.469867e+01 -1.073340e+01
4.988226e+14 3.692927e-26 1.842116e-11 1.469795e+01 -1.073468e+01
4.979940e+14 3.784369e-26 1.884593e-11 1.469722e+01 -1.072478e+01
4.971682e+14 3.801533e-26 1.890001e-11 1.469650e+01 -1.072354e+01
4.963450e+14 3.830239e-26 1.901120e-11 1.469578e+01 -1.072099e+01
4.955246e+14 3.881362e-26 1.923311e-11 1.469507e+01 -1.071595e+01
4.947069e+14 3.874926e-26 1.916953e-11 1.469435e+01 -1.071739e+01
4.938919e+14 3.938014e-26 1.944953e-11 1.469363e+01 -1.071109e+01
4.930796e+14 3.935475e-26 1.940502e-11 1.469292e+01 -1.071209e+01
4.922700e+14 3.905598e-26 1.922609e-11 1.469220e+01 -1.071611e+01
4.914630e+14 3.892651e-26 1.913094e-11 1.469149e+01 -1.071826e+01
4.906586e+14 3.927373e-26 1.926999e-11 1.469078e+01 -1.071512e+01
4.898569e+14 3.892658e-26 1.906845e-11 1.469007e+01 -1.071968e+01
4.890577e+14 3.897104e-26 1.905909e-11 1.468936e+01 -1.071990e+01
4.882612e+14 3.890039e-26 1.899355e-11 1.468865e+01 -1.072139e+01
4.874673e+14 3.873732e-26 1.888318e-11 1.468795e+01 -1.072392e+01
4.866760e+14 3.762439e-26 1.831089e-11 1.468724e+01 -1.073729e+01
4.858872e+14 3.733097e-26 1.813864e-11 1.468654e+01 -1.074140e+01
4.851010e+14 3.738792e-26 1.813691e-11 1.468583e+01 -1.074144e+01
4.843173e+14 3.748487e-26 1.815457e-11 1.468513e+01 -1.074101e+01
4.835361e+14 3.832447e-26 1.853126e-11 1.468443e+01 -1.073209e+01
4.827575e+14 3.804736e-26 1.836765e-11 1.468373e+01 -1.073595e+01
4.819814e+14 3.709764e-26 1.788037e-11 1.468303e+01 -1.074762e+01
4.812077e+14 3.702957e-26 1.781891e-11 1.468233e+01 -1.074912e+01
4.804365e+14 3.714854e-26 1.784752e-11 1.468164e+01 -1.074842e+01
4.796678e+14 3.736613e-26 1.792333e-11 1.468094e+01 -1.074658e+01
4.789016e+14 3.711551e-26 1.777468e-11 1.468025e+01 -1.075020e+01
4.781378e+14 3.818763e-26 1.825895e-11 1.467955e+01 -1.073852e+01
4.773764e+14 3.878986e-26 1.851737e-11 1.467886e+01 -1.073242e+01
4.766175e+14 3.919596e-26 1.868148e-11 1.467817e+01 -1.072859e+01
4.758610e+14 3.973323e-26 1.890749e-11 1.467748e+01 -1.072337e+01
4.751068e+14 4.011028e-26 1.905667e-11 1.467679e+01 -1.071995e+01
4.743551e+14 4.007397e-26 1.900929e-11 1.467610e+01 -1.072103e+01
4.736057e+14 4.032709e-26 1.909914e-11 1.467542e+01 -1.071899e+01
4.728587e+14 4.051791e-26 1.915925e-11 1.467473e+01 -1.071762e+01
4.721140e+14 4.092947e-26 1.932338e-11 1.467405e+01 -1.071392e+01
4.713717e+14 4.142796e-26 1.952797e-11 1.467336e+01 -1.070934e+01
4.706317e+14 4.174153e-26 1.964489e-11 1.467268e+01 -1.070675e+01
4.698940e+14 4.241971e-26 1.993277e-11 1.467200e+01 -1.070043e+01
4.691587e+14 4.184543e-26 1.963215e-11 1.467132e+01 -1.070703e+01
4.684256e+14 4.226464e-26 1.979784e-11 1.467064e+01 -1.070338e+01
4.676949e+14 4.251761e-26 1.988527e-11 1.466996e+01 -1.070147e+01
4.669664e+14 4.240804e-26 1.980313e-11 1.466929e+01 -1.070327e+01
4.662401e+14 4.278768e-26 1.994933e-11 1.466861e+01 -1.070007e+01
4.655161e+14 4.338243e-26 2.019522e-11 1.466793e+01 -1.069475e+01
4.647944e+14 4.333382e-26 2.014132e-11 1.466726e+01 -1.069591e+01
4.640749e+14 4.351210e-26 2.019288e-11 1.466659e+01 -1.069480e+01
4.633577e+14 4.376998e-26 2.028115e-11 1.466592e+01 -1.069291e+01
4.626426e+14 4.389657e-26 2.030842e-11 1.466525e+01 -1.069232e+01
4.619297e+14 4.326711e-26 1.998636e-11 1.466458e+01 -1.069927e+01
4.612191e+14 4.358242e-26 2.010104e-11 1.466391e+01 -1.069678e+01
4.605106e+14 4.480676e-26 2.063399e-11 1.466324e+01 -1.068542e+01
4.598043e+14 4.507841e-26 2.072725e-11 1.466257e+01 -1.068346e+01
4.591002e+14 4.566449e-26 2.096457e-11 1.466191e+01 -1.067851e+01
4.583982e+14 4.553502e-26 2.087317e-11 1.466124e+01 -1.068041e+01
4.576983e+14 4.473296e-26 2.047420e-11 1.466058e+01 -1.068879e+01
4.570006e+14 4.327475e-26 1.977659e-11 1.465992e+01 -1.070385e+01
4.563050e+14 4.403672e-26 2.009418e-11 1.465926e+01 -1.069693e+01
4.556116e+14 4.461181e-26 2.032566e-11 1.465859e+01 -1.069196e+01
4.549202e+14 4.445114e-26 2.022172e-11 1.465794e+01 -1.069418e+01
4.542309e+14 4.514411e-26 2.050585e-11 1.465728e+01 -1.068812e+01
4.535437e+14 4.548285e-26 2.062846e-11 1.465662e+01 -1.068553e+01
4.528586e+14 4.499942e-26 2.037837e-11 1.465596e+01 -1.069083e+01
4.521756e+14 4.425399e-26 2.001057e-11 1.465531e+01 -1.069874e+01
4.514946e+14 4.530413e-26 2.045457e-11 1.465465e+01 -1.068921e+01
4.508156e+14 4.461424e-26 2.011280e-11 1.465400e+01 -1.069653e+01
4.501387e+14 4.451568e-26 2.003823e-11 1.465335e+01 -1.069814e+01
4.494639e+14 4.440190e-26 1.995705e-11 1.465269e+01 -1.069990e+01
4.487910e+14 4.410881e-26 1.979564e-11 1.465204e+01 -1.070343e+01
4.481202e+14 4.482364e-26 2.008638e-11 1.465139e+01 -1.069710e+01
4.474513e+14 4.446759e-26 1.989708e-11 1.465075e+01 -1.070121e+01
4.467845e+14 4.455315e-26 1.990566e-11 1.465010e+01 -1.070102e+01
4.461196e+14 4.429253e-26 1.975977e-11 1.464945e+01 -1.070422e+01
4.454568e+14 4.482390e-26 1.996711e-11 1.464881e+01 -1.069968e+01
4.447958e+14 4.485227e-26 1.995010e-11 1.464816e+01 -1.070005e+01
4.441369e+14 4.504287e-26 2.000520e-11 1.464752e+01 -1.069886e+01
4.434799e+14 4.513805e-26 2.001782e-11 1.464687e+01 -1.069858e+01
4.428248e+14 4.609455e-26 2.041181e-11 1.464623e+01 -1.069012e+01
4.421717e+14 4.601847e-26 2.034806e-11 1.464559e+01 -1.069148e+01
4.415205e+14 4.556861e-26 2.011947e-11 1.464495e+01 -1.069638e+01
4.408712e+14 4.570293e-26 2.014911e-11 1.464431e+01 -1.069574e+01
4.402238e+14 4.623672e-26 2.035450e-11 1.464367e+01 -1.069134e+01
4.395783e+14 4.690978e-26 2.062052e-11 1.464304e+01 -1.068570e+01
4.389347e+14 4.671440e-26 2.050457e-11 1.464240e+01 -1.068815e+01
4.382930e+14 4.755372e-26 2.084246e-11 1.464176e+01 -1.068105e+01
4.376531e+14 4.699824e-26 2.056893e-11 1.464113e+01 -1.068679e+01
4.370152e+14 4.582130e-26 2.002460e-11 1.464050e+01 -1.069844e+01
4.363790e+14 4.652979e-26 2.030463e-11 1.463986e+01 -1.069241e+01
4.357448e+14 4.688402e-26 2.042946e-11 1.463923e+01 -1.068974e+01
4.351123e+14 4.694066e-26 2.042446e-11 1.463860e+01 -1.068985e+01
4.344817e+14 4.816671e-26 2.092756e-11 1.463797e+01 -1.067928e+01
4.338530e+14 4.748428e-26 2.060119e-11 1.463734e+01 -1.068611e+01
4.332260e+14 4.764695e-26 2.064190e-11 1.463671e+01 -1.068525e+01
4.326009e+14 4.819318e-26 2.084841e-11 1.463609e+01 -1.068093e+01
4.319775e+14 4.863577e-26 2.100956e-11 1.463546e+01 -1.067758e+01
4.313560e+14 4.858332e-26 2.095670e-11 1.463484e+01 -1.067868e+01
4.307362e+14 4.918605e-26 2.118621e-11 1.463421e+01 -1.067395e+01
4.301182e+14 4.901635e-26 2.108283e-11 1.463359e+01 -1.067607e+01
4.295020e+14 4.823125e-26 2.071542e-11 1.463297e+01 -1.068371e+01
4.288876e+14 4.824643e-26 2.069229e-11 1.463234e+01 -1.068419e+01
4.282749e+14 4.947008e-26 2.118679e-11 1.463172e+01 -1.067393e+01
4.276639e+14 4.956509e-26 2.119720e-11 1.463110e+01 -1.067372e+01
4.270547e+14 4.922024e-26 2.101974e-11 1.463048e+01 -1.067737e+01
4.264472e+14 5.080823e-26 2.166703e-11 1.462987e+01 -1.066420e+01
4.258415e+14 5.097890e-26 2.170893e-11 1.462925e+01 -1.066336e+01
4.252374e+14 5.153608e-26 2.191507e-11 1.462863e+01 -1.065926e+01
4.246351e+14 4.927514e-26 2.092396e-11 1.462802e+01 -1.067936e+01
4.240345e+14 4.915768e-26 2.084455e-11 1.462740e+01 -1.068101e+01
4.234356e+14 5.024415e-26 2.127516e-11 1.462679e+01 -1.067213e+01
4.228384e+14 4.867093e-26 2.057994e-11 1.462617e+01 -1.068656e+01
4.222428e+14 4.851194e-26 2.048382e-11 1.462556e+01 -1.068859e+01
4.216489e+14 4.911575e-26 2.070960e-11 1.462495e+01 -1.068383e+01
4.210567e+14 4.900917e-26 2.063564e-11 1.462434e+01 -1.068538e+01
4.204662e+14 4.727884e-26 1.987915e-11 1.462373e+01 -1.070160e+01
4.198773e+14 4.635177e-26 1.946206e-11 1.462312e+01 -1.071081e+01
4.192901e+14 4.737806e-26 1.986515e-11 1.462251e+01 -1.070191e+01
4.187045e+14 4.940529e-26 2.068622e-11 1.462191e+01 -1.068432e+01
4.181205e+14 4.882553e-26 2.041495e-11 1.462130e+01 -1.069005e+01
4.175382e+14 4.887522e-26 2.040727e-11 1.462070e+01 -1.069022e+01
4.169574e+14 4.816474e-26 2.008265e-11 1.462009e+01 -1.069718e+01
4.163783e+14 4.816819e-26 2.005619e-11 1.461949e+01 -1.069775e+01
4.158008e+14 4.819838e-26 2.004093e-11 1.461889e+01 -1.069808e+01
4.152249e+14 4.964022e-26 2.061186e-11 1.461828e+01 -1.068588e+01
4.146506e+14 4.988210e-26 2.068364e-11 1.461768e+01 -1.068437e+01
4.140779e+14 5.035589e-26 2.085126e-11 1.461708e+01 -1.068087e+01
4.135068e+14 4.904370e-26 2.027990e-11 1.461648e+01 -1.069293e+01
4.129372e+14 4.990955e-26 2.060951e-11 1.461588e+01 -1.068593e+01
4.123692e+14 5.095164e-26 2.101089e-11 1.461529e+01 -1.067756e+01
4.118027e+14 5.031290e-26 2.071899e-11 1.461469e+01 -1.068363e+01
4.112379e+14 5.127142e-26 2.108475e-11 1.461409e+01 -1.067603e+01
4.106745e+14 5.136742e-26 2.109529e-11 1.461350e+01 -1.067581e+01
4.101127e+14 5.271447e-26 2.161887e-11 1.461290e+01 -1.066517e+01
4.095525e+14 5.237498e-26 2.145030e-11 1.461231e+01 -1.066857e+01
4.089937e+14 5.328536e-26 2.179338e-11 1.461172e+01 -1.066168e+01
4.084365e+14 5.326116e-26 2.175380e-11 1.461112e+01 -1.066246e+01
4.078808e+14 5.249321e-26 2.141097e-11 1.461053e+01 -1.066936e+01
4.073266e+14 5.280677e-26 2.150960e-11 1.460994e+01 -1.066737e+01
4.067739e+14 5.339518e-26 2.171977e-11 1.460935e+01 -1.066314e+01
4.062228e+14 5.478104e-26 2.225331e-11 1.460876e+01 -1.065261e+01
4.056731e+14 5.451677e-26 2.211598e-11 1.460818e+01 -1.065529e+01
4.051249e+14 5.502087e-26 2.229032e-11 1.460759e+01 -1.065188e+01
4.045781e+14 5.553862e-26 2.246971e-11 1.460700e+01 -1.064840e+01
4.040329e+14 5.760195e-26 2.327308e-11 1.460642e+01 -1.063315e+01
4.034891e+14 5.672562e-26 2.288817e-11 1.460583e+01 -1.064039e+01
4.029468e+14 5.607060e-26 2.259347e-11 1.460525e+01 -1.064602e+01
4.024059e+14 5.669927e-26 2.281612e-11 1.460466e+01 -1.064176e+01
4.018665e+14 5.578233e-26 2.241705e-11 1.460408e+01 -1.064942e+01
4.013285e+14 5.759582e-26 2.311484e-11 1.460350e+01 -1.063611e+01
4.007920e+14 5.857840e-26 2.347775e-11 1.460292e+01 -1.062934e+01
4.002569e+14 5.765137e-26 2.307536e-11 1.460234e+01 -1.063685e+01
3.997232e+14 5.773455e-26 2.307784e-11 1.460176e+01 -1.063680e+01
3.991909e+14 5.951110e-26 2.375629e-11 1.460118e+01 -1.062422e+01
3.986601e+14 5.943220e-26 2.369325e-11 1.460060e+01 -1.062538e+01
3.981307e+14 5.831641e-26 2.321755e-11 1.460003e+01 -1.063418e+01
3.976027e+14 6.004719e-26 2.387492e-11 1.459945e+01 -1.062206e+01
3.970760e+14 6.050581e-26 2.402541e-11 1.459887e+01 -1.061933e+01
3.965508e+14 6.084622e-26 2.412862e-11 1.459830e+01 -1.061747e+01
3.960269e+14 6.012287e-26 2.381028e-11 1.459772e+01 -1.062324e+01
3.955045e+14 5.736213e-26 2.268698e-11 1.459715e+01 -1.064422e+01
3.949834e+14 5.485232e-26 2.166576e-11 1.459658e+01 -1.066423e+01
3.944637e+14 5.216494e-26 2.057717e-11 1.459601e+01 -1.068661e+01
3.939453e+14 5.390749e-26 2.123660e-11 1.459544e+01 -1.067291e+01
3.934283e+14 5.792037e-26 2.278751e-11 1.459487e+01 -1.064230e+01
3.929127e+14 5.618380e-26 2.207533e-11 1.459430e+01 -1.065609e+01
3.923984e+14 5.640471e-26 2.213312e-11 1.459373e+01 -1.065496e+01
3.918855e+14 5.749255e-26 2.253049e-11 1.459316e+01 -1.064723e+01
3.913739e+14 5.589340e-26 2.187522e-11 1.459259e+01 -1.066005e+01
3.908636e+14 5.608884e-26 2.192309e-11 1.459203e+01 -1.065910e+01
3.903547e+14 5.513910e-26 2.152380e-11 1.459146e+01 -1.066708e+01
3.898471e+14 5.517723e-26 2.151068e-11 1.459089e+01 -1.066735e+01
3.893408e+14 5.560717e-26 2.165014e-11 1.459033e+01 -1.066454e+01
3.888358e+14 5.625723e-26 2.187483e-11 1.458977e+01 -1.066006e+01
3.883321e+14 5.701022e-26 2.213890e-11 1.458920e+01 -1.065484e+01
3.878298e+14 5.785437e-26 2.243765e-11 1.458864e+01 -1.064902e+01
3.873287e+14 5.887214e-26 2.280287e-11 1.458808e+01 -1.064201e+01
3.868289e+14 5.757398e-26 2.227128e-11 1.458752e+01 -1.065225e+01
3.863304e+14 5.846868e-26 2.258823e-11 1.458696e+01 -1.064612e+01
3.858332e+14 5.931672e-26 2.288636e-11 1.458640e+01 -1.064042e+01
3.853373e+14 5.779180e-26 2.226933e-11 1.458584e+01 -1.065229e+01
3.848426e+14 5.962885e-26 2.294772e-11 1.458528e+01 -1.063926e+01
3.843492e+14 5.979481e-26 2.298209e-11 1.458473e+01 -1.063861e+01
3.838571e+14 6.001867e-26 2.303859e-11 1.458417e+01 -1.063754e+01
3.833662e+14 5.913236e-26 2.266935e-11 1.458361e+01 -1.064456e+01
3.828766e+14 5.829241e-26 2.231880e-11 1.458306e+01 -1.065133e+01
3.823883e+14 5.773798e-26 2.207833e-11 1.458250e+01 -1.065603e+01
3.819011e+14 5.823474e-26 2.223991e-11 1.458195e+01 -1.065287e+01
3.814153e+14 5.792267e-26 2.209259e-11 1.458140e+01 -1.065575e+01
3.809306e+14 5.996898e-26 2.284402e-11 1.458085e+01 -1.064123e+01
3.804472e+14 5.844600e-26 2.223562e-11 1.458029e+01 -1.065295e+01
3.799650e+14 5.924149e-26 2.250969e-11 1.457974e+01 -1.064763e+01
3.794841e+14 5.659384e-26 2.147646e-11 1.457919e+01 -1.066804e+01
3.790043e+14 5.715763e-26 2.166299e-11 1.457864e+01 -1.066428e+01
3.785258e+14 5.728907e-26 2.168539e-11 1.457810e+01 -1.066383e+01
3.780484e+14 5.912403e-26 2.235175e-11 1.457755e+01 -1.065069e+01
3.775723e+14 5.680435e-26 2.144775e-11 1.457700e+01 -1.066862e+01
3.770974e+14 5.762436e-26 2.172999e-11 1.457645e+01 -1.066294e+01
3.766236e+14 5.934604e-26 2.235112e-11 1.457591e+01 -1.065070e+01
3.761511e+14 6.057564e-26 2.278559e-11 1.457536e+01 -1.064234e+01
3.756797e+14 5.971149e-26 2.243240e-11 1.457482e+01 -1.064912e+01
3.752095e+14 5.915076e-26 2.219393e-11 1.457427e+01 -1.065377e+01
3.747405e+14 6.032699e-26 2.260696e-11 1.457373e+01 -1.064576e+01
3.742727e+14 6.116499e-26 2.289238e-11 1.457319e+01 -1.064031e+01
3.738060e+14 6.098016e-26 2.279475e-11 1.457265e+01 -1.064217e+01
3.733405e+14 6.071259e-26 2.266647e-11 1.457211e+01 -1.064462e+01
3.728761e+14 6.107429e-26 2.277314e-11 1.457156e+01 -1.064258e+01
3.724129e+14 5.941653e-26 2.212748e-11 1.457102e+01 -1.065507e+01
3.719509e+14 6.222427e-26 2.314437e-11 1.457049e+01 -1.063555e+01
3.714900e+14 6.171553e-26 2.292670e-11 1.456995e+01 -1.063966e+01
3.710302e+14 6.177261e-26 2.291950e-11 1.456941e+01 -1.063979e+01
3.705716e+14 6.224857e-26 2.306755e-11 1.456887e+01 -1.063700e+01
3.701141e+14 6.124529e-26 2.266774e-11 1.456834e+01 -1.064459e+01
3.696577e+14 6.230122e-26 2.303013e-11 1.456780e+01 -1.063770e+01
3.692025e+14 6.265571e-26 2.313264e-11 1.456726e+01 -1.063577e+01
3.687483e+14 6.317793e-26 2.329676e-11 1.456673e+01 -1.063270e+01
3.682953e+14 6.485000e-26 2.388395e-11 1.456620e+01 -1.062189e+01
3.678434e+14 6.342639e-26 2.333098e-11 1.456566e+01 -1.063207e+01
3.673926e+14 6.457484e-26 2.372432e-11 1.456513e+01 -1.062481e+01
3.669430e+14 6.371704e-26 2.338052e-11 1.456460e+01 -1.063115e+01
3.664944e+14 6.408387e-26 2.348638e-11 1.456407e+01 -1.062918e+01
3.660469e+14 6.707873e-26 2.455396e-11 1.456354e+01 -1.060988e+01
3.656005e+14 6.601427e-26 2.413485e-11 1.456301e+01 -1.061736e+01
3.651552e+14 6.460432e-26 2.359060e-11 1.456248e+01 -1.062726e+01
3.647109e+14 6.543573e-26 2.386513e-11 1.456195e+01 -1.062224e+01
3.642678e+14 6.472746e-26 2.357813e-11 1.456142e+01 -1.062749e+01
3.638257e+14 6.598979e-26 2.400878e-11 1.456089e+01 -1.061963e+01
3.633847e+14 6.642160e-26 2.413660e-11 1.456037e+01 -1.061732e+01
3.629448e+14 6.644662e-26 2.411645e-11 1.455984e+01 -1.061769e+01
3.625059e+14 6.714615e-26 2.434088e-11 1.455932e+01 -1.061366e+01
3.620681e+14 6.861867e-26 2.484463e-11 1.455879e+01 -1.060477e+01
3.616314e+14 6.420995e-26 2.322033e-11 1.455827e+01 -1.063413e+01
3.611957e+14 6.482062e-26 2.341293e-11 1.455774e+01 -1.063054e+01
3.607610e+14 6.334560e-26 2.285262e-11 1.455722e+01 -1.064106e+01
3.603274e+14 6.347634e-26 2.287227e-11 1.455670e+01 -1.064069e+01
3.598948e+14 6.708950e-26 2.414516e-11 1.455618e+01 -1.061717e+01
3.594633e+14 6.324148e-26 2.273299e-11 1.455565e+01 -1.064334e+01
3.590328e+14 6.559662e-26 2.355134e-11 1.455513e+01 -1.062798e+01
3.586033e+14 6.485862e-26 2.325852e-11 1.455461e+01 -1.063342e+01
3.581749e+14 6.776478e-26 2.427164e-11 1.455410e+01 -1.061490e+01
3.577475e+14 6.416661e-26 2.295544e-11 1.455358e+01 -1.063911e+01
3.573211e+14 6.313735e-26 2.256031e-11 1.455306e+01 -1.064665e+01
3.568957e+14 6.564375e-26 2.342797e-11 1.455254e+01 -1.063027e+01
3.564713e+14 6.644618e-26 2.368616e-11 1.455202e+01 -1.062551e+01
3.560480e+14 6.537612e-26 2.327703e-11 1.455151e+01 -1.063307e+01
3.556256e+14 6.641191e-26 2.361778e-11 1.455099e+01 -1.062676e+01
3.552043e+14 6.608344e-26 2.347312e-11 1.455048e+01 -1.062943e+01
3.547839e+14 6.547547e-26 2.322964e-11 1.454996e+01 -1.063396e+01
3.543645e+14 6.422535e-26 2.275919e-11 1.454945e+01 -1.064284e+01
3.539462e+14 6.388768e-26 2.261280e-11 1.454894e+01 -1.064565e+01
3.535288e+14 6.625831e-26 2.342422e-11 1.454842e+01 -1.063033e+01
3.531124e+14 6.450003e-26 2.277576e-11 1.454791e+01 -1.064253e+01
3.526969e+14 6.101098e-26 2.151838e-11 1.454740e+01 -1.066719e+01
3.522825e+14 6.290341e-26 2.215977e-11 1.454689e+01 -1.065443e+01
3.518690e+14 6.396589e-26 2.250762e-11 1.454638e+01 -1.064767e+01
3.514565e+14 6.464324e-26 2.271929e-11 1.454587e+01 -1.064361e+01
3.510450e+14 6.029249e-26 2.116537e-11 1.454536e+01 -1.067437e+01
3.506344e+14 6.569889e-26 2.303629e-11 1.454485e+01 -1.063759e+01
3.502248e+14 6.564495e-26 2.299049e-11 1.454435e+01 -1.063845e+01
3.498161e+14 6.790353e-26 2.375375e-11 1.454384e+01 -1.062427e+01
3.494084e+14 6.730465e-26 2.351681e-11 1.454333e+01 -1.062862e+01
3.490016e+14 6.862369e-26 2.394978e-11 1.454283e+01 -1.062070e+01
3.485958e+14 6.697428e-26 2.334695e-11 1.454232e+01 -1.063177e+01
3.481909e+14 6.706008e-26 2.334971e-11 1.454182e+01 -1.063172e+01
3.477870e+14 6.908825e-26 2.402800e-11 1.454131e+01 -1.061928e+01
3.473840e+14 6.723123e-26 2.335506e-11 1.454081e+01 -1.063162e+01
3.469819e+14 6.783387e-26 2.353713e-11 1.454031e+01 -1.062825e+01
3.465808e+14 6.737824e-26 2.335201e-11 1.453980e+01 -1.063168e+01
3.461806e+14 6.346333e-26 2.196977e-11 1.453930e+01 -1.065817e+01
3.457813e+14 6.705092e-26 2.318496e-11 1.453880e+01 -1.063479e+01
3.453829e+14 6.868490e-26 2.372259e-11 1.453830e+01 -1.062484e+01
3.449855e+14 6.738441e-26 2.324664e-11 1.453780e+01 -1.063364e+01
3.445890e+14 7.102027e-26 2.447280e-11 1.453730e+01 -1.061132e+01
3.441933e+14 7.176508e-26 2.470106e-11 1.453680e+01 -1.060728e+01
3.437986e+14 7.243291e-26 2.490233e-11 1.453630e+01 -1.060376e+01
3.434048e+14 7.323927e-26 2.515072e-11 1.453581e+01 -1.059945e+01
3.430119e+14 7.330289e-26 2.514376e-11 1.453531e+01 -1.059957e+01
3.426199e+14 7.220067e-26 2.473738e-11 1.453481e+01 -1.060665e+01
3.422288e+14 7.180987e-26 2.457540e-11 1.453432e+01 -1.060950e+01
3.418385e+14 7.204659e-26 2.462830e-11 1.453382e+01 -1.060857e+01
3.414492e+14 7.218671e-26 2.464809e-11 1.453333e+01 -1.060822e+01
3.338445e+14 7.400581e-26 2.470644e-11 1.452354e+01 -1.060719e+01
3.265712e+14 7.779024e-26 2.540405e-11 1.451398e+01 -1.059510e+01
3.196081e+14 7.863019e-26 2.513085e-11 1.450462e+01 -1.059979e+01
3.129357e+14 8.230811e-26 2.575715e-11 1.449546e+01 -1.058910e+01
3.065362e+14 8.451533e-26 2.590701e-11 1.448648e+01 -1.058658e+01
3.003932e+14 8.664790e-26 2.602844e-11 1.447769e+01 -1.058455e+01
2.944916e+14 8.973123e-26 2.642509e-11 1.446907e+01 -1.057798e+01
2.888173e+14 9.173056e-26 2.649338e-11 1.446062e+01 -1.057686e+01
2.833577e+14 9.371295e-26 2.655428e-11 1.445233e+01 -1.057587e+01
2.781006e+14 9.637440e-26 2.680177e-11 1.444420e+01 -1.057184e+01
2.730350e+14 9.675589e-26 2.641774e-11 1.443622e+01 -1.057810e+01
2.681506e+14 9.780629e-26 2.622682e-11 1.442838e+01 -1.058125e+01
2.634380e+14 9.937898e-26 2.618020e-11 1.442068e+01 -1.058203e+01
2.588881e+14 1.007628e-25 2.608629e-11 1.441311e+01 -1.058359e+01
2.544927e+14 1.020297e-25 2.596582e-11 1.440568e+01 -1.058560e+01
2.502441e+14 1.028264e-25 2.573170e-11 1.439836e+01 -1.058953e+01
2.461350e+14 1.053694e-25 2.593509e-11 1.439117e+01 -1.058611e+01
2.421586e+14 1.062353e-25 2.572580e-11 1.438410e+01 -1.058963e+01
2.383087e+14 1.060733e-25 2.527820e-11 1.437714e+01 -1.059725e+01
2.345793e+14 1.071065e-25 2.512497e-11 1.437029e+01 -1.059989e+01
2.309649e+14 1.094237e-25 2.527303e-11 1.436355e+01 -1.059734e+01
2.274601e+14 1.121834e-25 2.551725e-11 1.435691e+01 -1.059317e+01
2.240601e+14 1.131516e-25 2.535276e-11 1.435036e+01 -1.059597e+01
2.207602e+14 1.120870e-25 2.474435e-11 1.434392e+01 -1.060652e+01
2.175562e+14 1.143761e-25 2.488323e-11 1.433757e+01 -1.060409e+01
2.144438e+14 1.137395e-25 2.439073e-11 1.433131e+01 -1.061278e+01
2.114192e+14 1.126683e-25 2.382024e-11 1.432514e+01 -1.062305e+01
2.084787e+14 1.149354e-25 2.396158e-11 1.431906e+01 -1.062048e+01
2.056189e+14 1.160344e-25 2.385888e-11 1.431306e+01 -1.062235e+01
2.028365e+14 1.199048e-25 2.432107e-11 1.430715e+01 -1.061402e+01
2.001284e+14 1.218995e-25 2.439557e-11 1.430131e+01 -1.061269e+01
1.974917e+14 1.275714e-25 2.519429e-11 1.429555e+01 -1.059870e+01
1.949235e+14 1.280991e-25 2.496953e-11 1.428986e+01 -1.060259e+01
1.924213e+14 1.301781e-25 2.504904e-11 1.428425e+01 -1.060121e+01
1.899825e+14 1.338816e-25 2.543516e-11 1.427871e+01 -1.059457e+01
1.876048e+14 1.388518e-25 2.604926e-11 1.427324e+01 -1.058420e+01
1.852858e+14 1.388585e-25 2.572850e-11 1.426784e+01 -1.058959e+01
1.830234e+14 1.374956e-25 2.516491e-11 1.426251e+01 -1.059920e+01
1.808157e+14 1.407871e-25 2.545652e-11 1.425724e+01 -1.059420e+01
1.786605e+14 1.435833e-25 2.565268e-11 1.425203e+01 -1.059087e+01
1.765562e+14 1.420015e-25 2.507124e-11 1.424688e+01 -1.060082e+01
1.745008e+14 1.410899e-25 2.462031e-11 1.424180e+01 -1.060871e+01
1.724928e+14 1.389392e-25 2.396601e-11 1.423677e+01 -1.062040e+01
1.705304e+14 1.365418e-25 2.328452e-11 1.423180e+01 -1.063293e+01
1.686121e+14 1.343557e-25 2.265400e-11 1.422689e+01 -1.064486e+01
1.667366e+14 1.295548e-25 2.160153e-11 1.422203e+01 -1.066552e+01
1.649023e+14 1.310997e-25 2.161865e-11 1.421723e+01 -1.066517e+01
1.631079e+14 1.268709e-25 2.069365e-11 1.421248e+01 -1.068416e+01
1.613522e+14 1.252976e-25 2.021705e-11 1.420777e+01 -1.069428e+01
1.596339e+14 1.243437e-25 1.984947e-11 1.420313e+01 -1.070225e+01
1.579517e+14 1.232997e-25 1.947540e-11 1.419852e+01 -1.071051e+01
1.563047e+14 1.200026e-25 1.875696e-11 1.419397e+01 -1.072684e+01
1.546916e+14 1.180229e-25 1.825716e-11 1.418947e+01 -1.073857e+01
1.531115e+14 1.168086e-25 1.788475e-11 1.418501e+01 -1.074752e+01
1.515634e+14 1.146885e-25 1.738259e-11 1.418059e+01 -1.075989e+01
1.500462e+14 1.130379e-25 1.696091e-11 1.417623e+01 -1.077055e+01
1.485592e+14 1.134737e-25 1.685756e-11 1.417190e+01 -1.077321e+01
1.471013e+14 1.111553e-25 1.635109e-11 1.416762e+01 -1.078645e+01
1.456717e+14 1.109909e-25 1.616824e-11 1.416338e+01 -1.079134e+01
1.442697e+14 1.079450e-25 1.557319e-11 1.415918e+01 -1.080762e+01
1.428944e+14 1.089238e-25 1.556459e-11 1.415502e+01 -1.080786e+01
1.415450e+14 1.081374e-25 1.530631e-11 1.415089e+01 -1.081513e+01
1.402210e+14 1.065899e-25 1.494614e-11 1.414681e+01 -1.082547e+01
1.389214e+14 1.053664e-25 1.463765e-11 1.414277e+01 -1.083453e+01
1.376457e+14 1.048881e-25 1.443740e-11 1.413876e+01 -1.084051e+01
1.363933e+14 1.037291e-25 1.414795e-11 1.413479e+01 -1.084931e+01
1.351634e+14 1.027330e-25 1.388574e-11 1.413086e+01 -1.085743e+01
1.339555e+14 1.010182e-25 1.353194e-11 1.412696e+01 -1.086864e+01
1.327690e+14 1.005300e-25 1.334726e-11 1.412310e+01 -1.087461e+01
1.316033e+14 9.959457e-26 1.310698e-11 1.411927e+01 -1.088250e+01
1.304580e+14 9.065043e-26 1.182607e-11 1.411547e+01 -1.092716e+01
1.293324e+14 8.721444e-26 1.127965e-11 1.411171e+01 -1.094770e+01
1.282260e+14 8.505293e-26 1.090600e-11 1.410798e+01 -1.096233e+01
1.271384e+14 7.985935e-26 1.015319e-11 1.410428e+01 -1.099340e+01
1.260691e+14 7.842934e-26 9.887519e-12 1.410061e+01 -1.100491e+01
1.250177e+14 7.896927e-26 9.872556e-12 1.409697e+01 -1.100557e+01
1.239836e+14 7.366240e-26 9.132932e-12 1.409336e+01 -1.103939e+01
1.229665e+14 7.345070e-26 9.031977e-12 1.408979e+01 -1.104422e+01
1.219660e+14 7.148908e-26 8.719237e-12 1.408624e+01 -1.105952e+01
1.209816e+14 7.136779e-26 8.634190e-12 1.408272e+01 -1.106378e+01
1.200130e+14 6.937977e-26 8.326473e-12 1.407923e+01 -1.107954e+01
1.190597e+14 7.349073e-26 8.749787e-12 1.407576e+01 -1.105800e+01
1.181215e+14 7.168712e-26 8.467791e-12 1.407233e+01 -1.107223e+01
1.171980e+14 6.952382e-26 8.148051e-12 1.406892e+01 -1.108895e+01
1.162888e+14 6.695887e-26 7.786563e-12 1.406554e+01 -1.110865e+01
1.153935e+14 6.956085e-26 8.026872e-12 1.406218e+01 -1.109545e+01
1.145120e+14 6.981562e-26 7.994726e-12 1.405885e+01 -1.109720e+01
1.136438e+14 7.067451e-26 8.031722e-12 1.405555e+01 -1.109519e+01
1.127887e+14 6.857549e-26 7.734541e-12 1.405227e+01 -1.111157e+01
1.119464e+14 6.761601e-26 7.569367e-12 1.404901e+01 -1.112094e+01
1.111165e+14 6.650511e-26 7.389817e-12 1.404578e+01 -1.113137e+01
1.102989e+14 6.526096e-26 7.198212e-12 1.404257e+01 -1.114278e+01
1.094932e+14 6.553229e-26 7.175341e-12 1.403939e+01 -1.114416e+01
1.086992e+14 6.742755e-26 7.329321e-12 1.403623e+01 -1.113494e+01
1.079166e+14 6.523285e-26 7.039709e-12 1.403309e+01 -1.115245e+01
1.071452e+14 6.281372e-26 6.730191e-12 1.402997e+01 -1.117197e+01
1.063848e+14 6.311461e-26 6.714436e-12 1.402688e+01 -1.117299e+01
1.056351e+14 6.065654e-26 6.407460e-12 1.402381e+01 -1.119331e+01
1.048959e+14 6.106853e-26 6.405837e-12 1.402076e+01 -1.119342e+01
1.041669e+14 6.481339e-26 6.751411e-12 1.401773e+01 -1.117061e+01
1.034480e+14 6.360112e-26 6.579410e-12 1.401472e+01 -1.118181e+01
1.027390e+14 6.295332e-26 6.467761e-12 1.401174e+01 -1.118925e+01
1.020396e+14 6.266829e-26 6.394648e-12 1.400877e+01 -1.119418e+01
1.013497e+14 6.018053e-26 6.099278e-12 1.400582e+01 -1.121472e+01
1.006690e+14 5.819443e-26 5.858378e-12 1.400290e+01 -1.123222e+01
9.999746e+13 5.945998e-26 5.945848e-12 1.399999e+01 -1.122579e+01
9.933479e+13 5.865895e-26 5.826875e-12 1.399710e+01 -1.123456e+01
9.868084e+13 5.815989e-26 5.739267e-12 1.399423e+01 -1.124114e+01
9.803545e+13 5.809364e-26 5.695236e-12 1.399138e+01 -1.124449e+01
9.739844e+13 5.409143e-26 5.268421e-12 1.398855e+01 -1.127832e+01
9.676966e+13 5.363785e-26 5.190516e-12 1.398574e+01 -1.128479e+01
9.614894e+13 5.609847e-26 5.393808e-12 1.398294e+01 -1.126810e+01
9.553614e+13 5.560050e-26 5.311857e-12 1.398017e+01 -1.127475e+01
9.493110e+13 5.675127e-26 5.387460e-12 1.397741e+01 -1.126862e+01
9.433367e+13 5.458815e-26 5.149500e-12 1.397467e+01 -1.128823e+01
9.374371e+13 5.474050e-26 5.131578e-12 1.397194e+01 -1.128975e+01
9.316109e+13 5.466626e-26 5.092769e-12 1.396923e+01 -1.129305e+01
9.258567e+13 5.276102e-26 4.884914e-12 1.396654e+01 -1.131114e+01
9.201731e+13 5.148683e-26 4.737680e-12 1.396387e+01 -1.132443e+01
9.145589e+13 5.333931e-26 4.878194e-12 1.396121e+01 -1.131174e+01
9.090127e+13 5.266749e-26 4.787542e-12 1.395857e+01 -1.131989e+01
9.035335e+13 4.974817e-26 4.494913e-12 1.395594e+01 -1.134728e+01
8.981198e+13 5.158974e-26 4.633376e-12 1.395333e+01 -1.133410e+01
8.927707e+13 5.175992e-26 4.620974e-12 1.395074e+01 -1.133527e+01
8.874849e+13 5.131206e-26 4.553867e-12 1.394816e+01 -1.134162e+01
8.822613e+13 5.218816e-26 4.604359e-12 1.394560e+01 -1.133683e+01
8.770989e+13 4.967652e-26 4.357122e-12 1.394305e+01 -1.136080e+01
8.719965e+13 4.952740e-26 4.318772e-12 1.394051e+01 -1.136464e+01
8.669532e+13 4.964079e-26 4.303624e-12 1.393800e+01 -1.136617e+01
8.619678e+13 4.926415e-26 4.246411e-12 1.393549e+01 -1.137198e+01
8.570395e+13 4.857338e-26 4.162930e-12 1.393300e+01 -1.138060e+01
8.521671e+13 4.816885e-26 4.104791e-12 1.393052e+01 -1.138671e+01
8.473499e+13 4.888894e-26 4.142604e-12 1.392806e+01 -1.138273e+01
8.425868e+13 4.831348e-26 4.070831e-12 1.392561e+01 -1.139032e+01
8.378770e+13 4.775600e-26 4.001365e-12 1.392318e+01 -1.139779e+01
8.332196e+13 4.729918e-26 3.941060e-12 1.392076e+01 -1.140439e+01
8.286136e+13 4.660333e-26 3.861615e-12 1.391835e+01 -1.141323e+01
8.240583e+13 4.675871e-26 3.853190e-12 1.391596e+01 -1.141418e+01
8.195528e+13 4.585531e-26 3.758084e-12 1.391358e+01 -1.142503e+01
8.150962e+13 4.620187e-26 3.765897e-12 1.391121e+01 -1.142413e+01
8.106879e+13 4.495406e-26 3.644371e-12 1.390885e+01 -1.143838e+01
8.063271e+13 4.532552e-26 3.654719e-12 1.390651e+01 -1.143715e+01
8.020128e+13 4.511030e-26 3.617904e-12 1.390418e+01 -1.144154e+01
7.977445e+13 4.342951e-26 3.464566e-12 1.390186e+01 -1.146035e+01
7.935214e+13 4.318868e-26 3.427114e-12 1.389956e+01 -1.146507e+01
7.893428e+13 4.369259e-26 3.448843e-12 1.389727e+01 -1.146233e+01
7.852080e+13 4.312855e-26 3.386488e-12 1.389498e+01 -1.147025e+01
7.811162e+13 4.317948e-26 3.372819e-12 1.389272e+01 -1.147201e+01
7.770669e+13 4.220861e-26 3.279891e-12 1.389046e+01 -1.148414e+01
7.730593e+13 4.242632e-26 3.279806e-12 1.388821e+01 -1.148415e+01
7.690929e+13 4.098263e-26 3.151945e-12 1.388598e+01 -1.150142e+01
7.651669e+13 4.142038e-26 3.169350e-12 1.388376e+01 -1.149903e+01
7.612809e+13 4.070460e-26 3.098763e-12 1.388154e+01 -1.150881e+01
7.574341e+13 4.041185e-26 3.060932e-12 1.387934e+01 -1.151415e+01
7.536259e+13 4.030625e-26 3.037584e-12 1.387716e+01 -1.151747e+01
7.498559e+13 3.720517e-26 2.789852e-12 1.387498e+01 -1.155442e+01
7.461234e+13 3.305267e-26 2.466137e-12 1.387281e+01 -1.160798e+01
7.424279e+13 3.557380e-26 2.641098e-12 1.387065e+01 -1.157822e+01
7.387689e+13 3.188138e-26 2.355297e-12 1.386851e+01 -1.162795e+01
7.351457e+13 3.729475e-26 2.741708e-12 1.386637e+01 -1.156198e+01
7.315578e+13 3.439959e-26 2.516529e-12 1.386425e+01 -1.159920e+01
7.280049e+13 3.443350e-26 2.506776e-12 1.386213e+01 -1.160088e+01
7.244862e+13 3.343844e-26 2.422569e-12 1.386003e+01 -1.161572e+01
7.210014e+13 3.091261e-26 2.228804e-12 1.385794e+01 -1.165193e+01
7.175500e+13 3.465616e-26 2.486753e-12 1.385585e+01 -1.160437e+01
7.141315e+13 3.434115e-26 2.452410e-12 1.385378e+01 -1.161041e+01
7.107454e+13 3.268912e-26 2.323364e-12 1.385171e+01 -1.163388e+01
7.073912e+13 3.273585e-26 2.315706e-12 1.384966e+01 -1.163532e+01
7.040686e+13 3.175115e-26 2.235498e-12 1.384761e+01 -1.165063e+01
7.007770e+13 2.987886e-26 2.093842e-12 1.384558e+01 -1.167906e+01
6.975161e+13 2.994554e-26 2.088750e-12 1.384355e+01 -1.168011e+01
6.942853e+13 3.183009e-26 2.209916e-12 1.384154e+01 -1.165562e+01
6.910844e+13 2.900395e-26 2.004418e-12 1.383953e+01 -1.169801e+01
6.879128e+13 3.088716e-26 2.124767e-12 1.383753e+01 -1.167269e+01
6.847702e+13 2.720697e-26 1.863053e-12 1.383554e+01 -1.172977e+01
6.816562e+13 2.820751e-26 1.922782e-12 1.383357e+01 -1.171607e+01
6.785704e+13 2.741950e-26 1.860606e-12 1.383159e+01 -1.173035e+01
6.755124e+13 2.837140e-26 1.916523e-12 1.382963e+01 -1.171749e+01
6.724818e+13 2.708363e-26 1.821325e-12 1.382768e+01 -1.173961e+01
6.694783e+13 2.713771e-26 1.816811e-12 1.382574e+01 -1.174069e+01
6.665016e+13 2.525648e-26 1.683348e-12 1.382380e+01 -1.177383e+01
6.635511e+13 2.565303e-26 1.702210e-12 1.382187e+01 -1.176899e+01
6.606267e+13 2.306989e-26 1.524058e-12 1.381996e+01 -1.181700e+01
6.577280e+13 2.837775e-26 1.866484e-12 1.381805e+01 -1.172898e+01
6.548545e+13 2.418251e-26 1.583602e-12 1.381614e+01 -1.180035e+01
6.520061e+13 2.661394e-26 1.735245e-12 1.381425e+01 -1.176064e+01
6.491823e+13 2.532343e-26 1.643952e-12 1.381237e+01 -1.178411e+01
6.463829e+13 2.457211e-26 1.588299e-12 1.381049e+01 -1.179907e+01
6.436076e+13 2.287098e-26 1.471993e-12 1.380862e+01 -1.183209e+01
6.408559e+13 2.334351e-26 1.495983e-12 1.380676e+01 -1.182507e+01
6.381277e+13 2.493391e-26 1.591102e-12 1.380491e+01 -1.179830e+01
6.354226e+13 2.176261e-26 1.382845e-12 1.380306e+01 -1.185923e+01
6.327404e+13 2.315188e-26 1.464913e-12 1.380123e+01 -1.183419e+01
6.300807e+13 2.590761e-26 1.632389e-12 1.379940e+01 -1.178718e+01
6.274433e+13 2.449600e-26 1.536985e-12 1.379757e+01 -1.181333e+01
6.248278e+13 2.326340e-26 1.453562e-12 1.379576e+01 -1.183757e+01
6.222341e+13 2.345531e-26 1.459470e-12 1.379395e+01 -1.183580e+01
6.196618e+13 2.166483e-26 1.342487e-12 1.379215e+01 -1.187209e+01
6.171107e+13 2.260997e-26 1.395285e-12 1.379036e+01 -1.185534e+01
6.145806e+13 2.197709e-26 1.350669e-12 1.378858e+01 -1.186945e+01
6.120710e+13 2.144234e-26 1.312424e-12 1.378680e+01 -1.188193e+01
6.095819e+13 2.125722e-26 1.295802e-12 1.378503e+01 -1.188746e+01
6.071130e+13 2.293835e-26 1.392617e-12 1.378327e+01 -1.185617e+01
6.046640e+13 2.158118e-26 1.304936e-12 1.378151e+01 -1.188441e+01
6.022346e+13 2.058487e-26 1.239692e-12 1.377977e+01 -1.190669e+01
5.998247e+13 2.197015e-26 1.317824e-12 1.377802e+01 -1.188014e+01
5.974340e+13 2.219657e-26 1.326098e-12 1.377629e+01 -1.187742e+01
5.950623e+13 2.125196e-26 1.264624e-12 1.377456e+01 -1.189804e+01
5.927094e+13 2.029290e-26 1.202779e-12 1.377284e+01 -1.191981e+01
5.903750e+13 2.286591e-26 1.349946e-12 1.377113e+01 -1.186968e+01
5.880588e+13 1.987839e-26 1.168966e-12 1.376942e+01 -1.193220e+01
5.857608e+13 1.974041e-26 1.156316e-12 1.376772e+01 -1.193692e+01
5.834807e+13 1.985896e-26 1.158732e-12 1.376603e+01 -1.193602e+01
5.812183e+13 1.978481e-26 1.149930e-12 1.376434e+01 -1.193933e+01
5.789733e+13 1.958104e-26 1.133690e-12 1.376266e+01 -1.194551e+01
5.767457e+13 1.817804e-26 1.048411e-12 1.376098e+01 -1.197947e+01
5.745351e+13 1.849543e-26 1.062627e-12 1.375932e+01 -1.197362e+01
5.723414e+13 1.787989e-26 1.023340e-12 1.375766e+01 -1.198998e+01
5.701643e+13 2.092804e-26 1.193242e-12 1.375600e+01 -1.192327e+01
5.680038e+13 1.892615e-26 1.075012e-12 1.375435e+01 -1.196859e+01
5.658596e+13 1.629675e-26 9.221674e-13 1.375271e+01 -1.203519e+01
5.637315e+13 1.992079e-26 1.122998e-12 1.375107e+01 -1.194962e+01
5.616193e+13 1.956233e-26 1.098658e-12 1.374944e+01 -1.195914e+01
5.595230e+13 1.768372e-26 9.894446e-13 1.374782e+01 -1.200461e+01
5.574422e+13 1.808928e-26 1.008373e-12 1.374620e+01 -1.199638e+01
5.553768e+13 1.834338e-26 1.018749e-12 1.374459e+01 -1.199193e+01
5.533267e+13 1.831313e-26 1.013315e-12 1.374298e+01 -1.199426e+01
5.512917e+13 1.806670e-26 9.960020e-13 1.374138e+01 -1.200174e+01
5.492715e+13 1.957288e-26 1.075082e-12 1.373979e+01 -1.196856e+01
5.472662e+13 1.873359e-26 1.025226e-12 1.373820e+01 -1.198918e+01
5.452754e+13 1.969896e-26 1.074136e-12 1.373662e+01 -1.196894e+01
5.432990e+13 1.940777e-26 1.054422e-12 1.373504e+01 -1.197699e+01
5.413369e+13 1.809327e-26 9.794554e-13 1.373347e+01 -1.200902e+01
5.393890e+13 1.763390e-26 9.511534e-13 1.373190e+01 -1.202175e+01
5.374550e+13 1.702603e-26 9.150727e-13 1.373034e+01 -1.203854e+01
5.355348e+13 1.901058e-26 1.018083e-12 1.372879e+01 -1.199222e+01
5.336283e+13 1.767868e-26 9.433847e-13 1.372724e+01 -1.202531e+01
5.317354e+13 1.813852e-26 9.644890e-13 1.372570e+01 -1.201570e+01
5.298558e+13 1.658017e-26 8.785100e-13 1.372416e+01 -1.205625e+01
5.279894e+13 1.749643e-26 9.237928e-13 1.372263e+01 -1.203443e+01
5.261362e+13 1.877888e-26 9.880249e-13 1.372110e+01 -1.200523e+01
5.242959e+13 1.685473e-26 8.836867e-13 1.371958e+01 -1.205370e+01
5.224685e+13 1.702815e-26 8.896673e-13 1.371806e+01 -1.205077e+01
5.206537e+13 1.687555e-26 8.786318e-13 1.371655e+01 -1.205619e+01
5.188515e+13 1.715072e-26 8.898677e-13 1.371504e+01 -1.205067e+01
5.170617e+13 1.605199e-26 8.299871e-13 1.371354e+01 -1.208093e+01
5.152843e+13 1.591060e-26 8.198483e-13 1.371205e+01 -1.208627e+01
5.135190e+13 1.815286e-26 9.321839e-13 1.371056e+01 -1.203050e+01
5.117658e+13 1.678225e-26 8.588583e-13 1.370907e+01 -1.206608e+01
5.100245e+13 1.558025e-26 7.946308e-13 1.370759e+01 -1.209983e+01
5.082950e+13 1.560245e-26 7.930648e-13 1.370612e+01 -1.210069e+01
5.065772e+13 1.509437e-26 7.646466e-13 1.370465e+01 -1.211654e+01
5.048710e+13 1.736592e-26 8.767551e-13 1.370318e+01 -1.205712e+01
5.031762e+13 1.699487e-26 8.551415e-13 1.370172e+01 -1.206796e+01
5.014928e+13 1.659138e-26 8.320460e-13 1.370026e+01 -1.207985e+01
4.998206e+13 1.588294e-26 7.938622e-13 1.369881e+01 -1.210025e+01
4.981595e+13 1.568865e-26 7.815452e-13 1.369737e+01 -1.210705e+01
4.965094e+13 1.460269e-26 7.250372e-13 1.369593e+01 -1.213964e+01
4.948703e+13 1.696136e-26 8.393672e-13 1.369449e+01 -1.207605e+01
4.932419e+13 1.672446e-26 8.249205e-13 1.369306e+01 -1.208359e+01
4.916241e+13 1.669416e-26 8.207252e-13 1.369163e+01 -1.208580e+01
4.900170e+13 1.633620e-26 8.005015e-13 1.369021e+01 -1.209664e+01
4.884203e+13 1.596456e-26 7.797416e-13 1.368879e+01 -1.210805e+01
4.868340e+13 1.489427e-26 7.251036e-13 1.368738e+01 -1.213960e+01
4.852580e+13 1.608515e-26 7.805450e-13 1.368597e+01 -1.210760e+01
4.836922e+13 1.593941e-26 7.709766e-13 1.368457e+01 -1.211296e+01
4.821364e+13 1.570552e-26 7.572201e-13 1.368317e+01 -1.212078e+01
4.805906e+13 1.632148e-26 7.843950e-13 1.368178e+01 -1.210547e+01
4.790547e+13 1.627829e-26 7.798188e-13 1.368039e+01 -1.210801e+01
4.775285e+13 1.580317e-26 7.546466e-13 1.367900e+01 -1.212226e+01
4.760121e+13 1.477962e-26 7.035279e-13 1.367762e+01 -1.215272e+01
4.745052e+13 1.503290e-26 7.133188e-13 1.367624e+01 -1.214672e+01
4.730079e+13 1.570602e-26 7.429072e-13 1.367487e+01 -1.212907e+01
4.715200e+13 1.507955e-26 7.110308e-13 1.367350e+01 -1.214811e+01
4.700414e+13 1.476456e-26 6.939954e-13 1.367214e+01 -1.215864e+01
4.685721e+13 1.486590e-26 6.965743e-13 1.367078e+01 -1.215703e+01
4.671119e+13 1.540010e-26 7.193568e-13 1.366942e+01 -1.214306e+01
4.656608e+13 1.542660e-26 7.183563e-13 1.366807e+01 -1.214366e+01
4.642186e+13 1.423963e-26 6.610301e-13 1.366672e+01 -1.217978e+01
4.627854e+13 1.502850e-26 6.954971e-13 1.366538e+01 -1.215770e+01
4.613610e+13 1.497958e-26 6.910995e-13 1.366404e+01 -1.216046e+01
4.599454e+13 1.508531e-26 6.938421e-13 1.366271e+01 -1.215874e+01
4.585384e+13 1.471129e-26 6.745692e-13 1.366138e+01 -1.217097e+01
4.571400e+13 1.421443e-26 6.497986e-13 1.366005e+01 -1.218722e+01
4.557501e+13 1.388331e-26 6.327321e-13 1.365873e+01 -1.219878e+01
4.543686e+13 1.433809e-26 6.514776e-13 1.365741e+01 -1.218610e+01
4.529955e+13 1.419062e-26 6.428288e-13 1.365609e+01 -1.219190e+01
4.516306e+13 1.391105e-26 6.282657e-13 1.365478e+01 -1.220186e+01
4.502740e+13 1.441853e-26 6.492289e-13 1.365348e+01 -1.218760e+01
4.489254e+13 1.436950e-26 6.450836e-13 1.365217e+01 -1.219038e+01
4.475850e+13 1.410715e-26 6.314146e-13 1.365088e+01 -1.219969e+01
4.462525e+13 1.439527e-26 6.423925e-13 1.364958e+01 -1.219220e+01
4.449279e+13 1.407594e-26 6.262779e-13 1.364829e+01 -1.220323e+01
4.436111e+13 1.428430e-26 6.336674e-13 1.364700e+01 -1.219814e+01
4.423022e+13 1.368405e-26 6.052483e-13 1.364572e+01 -1.221807e+01
4.410009e+13 1.353688e-26 5.969776e-13 1.364444e+01 -1.222404e+01
4.397072e+13 1.367033e-26 6.010945e-13 1.364316e+01 -1.222106e+01
4.384212e+13 1.261663e-26 5.531398e-13 1.364189e+01 -1.225717e+01
4.371426e+13 1.269054e-26 5.547576e-13 1.364062e+01 -1.225590e+01
4.358715e+13 1.250143e-26 5.449016e-13 1.363936e+01 -1.226368e+01
4.346077e+13 1.366330e-26 5.938178e-13 1.363810e+01 -1.222635e+01
4.333513e+13 1.215986e-26 5.269490e-13 1.363684e+01 -1.227823e+01
4.321020e+13 1.321071e-26 5.708376e-13 1.363559e+01 -1.224349e+01
4.308600e+13 1.349031e-26 5.812434e-13 1.363434e+01 -1.223564e+01
4.296251e+13 1.226434e-26 5.269069e-13 1.363309e+01 -1.227827e+01
4.283973e+13 1.257640e-26 5.387696e-13 1.363185e+01 -1.226860e+01
4.271764e+13 1.215197e-26 5.191034e-13 1.363061e+01 -1.228475e+01
4.259625e+13 1.327184e-26 5.653307e-13 1.362937e+01 -1.224770e+01
4.247555e+13 1.207645e-26 5.129538e-13 1.362814e+01 -1.228992e+01
4.235552e+13 1.150855e-26 4.874505e-13 1.362691e+01 -1.231207e+01
4.223618e+13 1.176410e-26 4.968708e-13 1.362568e+01 -1.230376e+01
4.211750e+13 1.205391e-26 5.076806e-13 1.362446e+01 -1.229441e+01
4.199950e+13 1.198801e-26 5.034903e-13 1.362324e+01 -1.229801e+01
4.188215e+13 1.228659e-26 5.145890e-13 1.362203e+01 -1.228854e+01
4.176545e+13 1.277729e-26 5.336494e-13 1.362082e+01 -1.227274e+01
4.164940e+13 1.272348e-26 5.299254e-13 1.361961e+01 -1.227579e+01
4.153400e+13 1.144320e-26 4.752818e-13 1.361840e+01 -1.232305e+01
4.141923e+13 1.215024e-26 5.032537e-13 1.361720e+01 -1.229821e+01
4.130510e+13 1.209580e-26 4.996184e-13 1.361600e+01 -1.230136e+01
4.119159e+13 1.117821e-26 4.604482e-13 1.361481e+01 -1.233682e+01
4.107871e+13 1.168149e-26 4.798605e-13 1.361362e+01 -1.231889e+01
4.096644e+13 1.107651e-26 4.537653e-13 1.361243e+01 -1.234317e+01
4.085478e+13 1.157245e-26 4.727899e-13 1.361124e+01 -1.232533e+01
4.074373e+13 1.148214e-26 4.678254e-13 1.361006e+01 -1.232992e+01
4.063329e+13 1.157322e-26 4.702582e-13 1.360888e+01 -1.232766e+01
4.052344e+13 1.146367e-26 4.645473e-13 1.360771e+01 -1.233297e+01
4.041418e+13 1.158351e-26 4.681380e-13 1.360653e+01 -1.232963e+01
4.030551e+13 1.146018e-26 4.619085e-13 1.360536e+01 -1.233544e+01
4.019743e+13 1.162117e-26 4.671411e-13 1.360420e+01 -1.233055e+01
4.008992e+13 1.170707e-26 4.693354e-13 1.360304e+01 -1.232852e+01
3.998298e+13 1.133298e-26 4.531264e-13 1.360188e+01 -1.234378e+01
3.987662e+13 1.059241e-26 4.223896e-13 1.360072e+01 -1.237429e+01
3.977081e+13 1.098293e-26 4.368000e-13 1.359956e+01 -1.235972e+01
3.966557e+13 1.138914e-26 4.517566e-13 1.359841e+01 -1.234510e+01
3.956089e+13 1.088877e-26 4.307696e-13 1.359727e+01 -1.236575e+01
3.945675e+13 1.081298e-26 4.266451e-13 1.359612e+01 -1.236993e+01
3.935316e+13 1.088826e-26 4.284875e-13 1.359498e+01 -1.236806e+01
3.925012e+13 1.109251e-26 4.353823e-13 1.359384e+01 -1.236113e+01
3.914761e+13 1.059653e-26 4.148288e-13 1.359271e+01 -1.238213e+01
3.904564e+13 1.094285e-26 4.272706e-13 1.359157e+01 -1.236930e+01
3.894419e+13 1.058930e-26 4.123919e-13 1.359044e+01 -1.238469e+01
3.884328e+13 1.084453e-26 4.212370e-13 1.358932e+01 -1.237547e+01
3.874288e+13 1.077508e-26 4.174574e-13 1.358819e+01 -1.237939e+01
3.864300e+13 1.013575e-26 3.916759e-13 1.358707e+01 -1.240707e+01
3.854364e+13 1.022619e-26 3.941545e-13 1.358595e+01 -1.240433e+01
3.844478e+13 1.060445e-26 4.076857e-13 1.358484e+01 -1.238967e+01
3.834643e+13 9.991530e-27 3.831395e-13 1.358372e+01 -1.241664e+01
3.824858e+13 9.978216e-27 3.816526e-13 1.358262e+01 -1.241833e+01
3.815123e+13 1.016535e-26 3.878205e-13 1.358151e+01 -1.241137e+01
3.805438e+13 1.028883e-26 3.915352e-13 1.358040e+01 -1.240723e+01
3.795801e+13 1.013812e-26 3.848228e-13 1.357930e+01 -1.241474e+01
3.786214e+13 9.794584e-27 3.708439e-13 1.357821e+01 -1.243081e+01
3.776674e+13 9.850742e-27 3.720304e-13 1.357711e+01 -1.242942e+01
3.767183e+13 9.641130e-27 3.631990e-13 1.357602e+01 -1.243986e+01
3.757739e+13 9.736428e-27 3.658695e-13 1.357493e+01 -1.243667e+01
3.748342e+13 9.771874e-27 3.662833e-13 1.357384e+01 -1.243618e+01
3.738992e+13 9.625065e-27 3.598804e-13 1.357275e+01 -1.244384e+01
3.729689e+13 9.673142e-27 3.607781e-13 1.357167e+01 -1.244276e+01
3.720432e+13 9.987210e-27 3.715674e-13 1.357059e+01 -1.242996e+01
3.711221e+13 9.420250e-27 3.496063e-13 1.356952e+01 -1.245642e+01
3.702055e+13 9.886943e-27 3.660201e-13 1.356844e+01 -1.243650e+01
3.692934e+13 9.403068e-27 3.472491e-13 1.356737e+01 -1.245936e+01
3.683858e+13 9.595476e-27 3.534837e-13 1.356630e+01 -1.245163e+01
3.674827e+13 9.621735e-27 3.535821e-13 1.356524e+01 -1.245151e+01
3.665840e+13 8.980837e-27 3.292231e-13 1.356417e+01 -1.248251e+01
3.656897e+13 9.314120e-27 3.406077e-13 1.356311e+01 -1.246775e+01
3.647997e+13 9.168174e-27 3.344547e-13 1.356205e+01 -1.247566e+01
3.639141e+13 9.262729e-27 3.370837e-13 1.356100e+01 -1.247226e+01
3.630327e+13 9.472435e-27 3.438804e-13 1.355995e+01 -1.246359e+01
3.621556e+13 8.899643e-27 3.223056e-13 1.355890e+01 -1.249173e+01
3.612827e+13 9.398148e-27 3.395388e-13 1.355785e+01 -1.246911e+01
3.604140e+13 8.905952e-27 3.209830e-13 1.355680e+01 -1.249352e+01
3.595495e+13 9.124012e-27 3.280534e-13 1.355576e+01 -1.248406e+01
3.586892e+13 9.065155e-27 3.251573e-13 1.355472e+01 -1.248791e+01
3.578329e+13 8.776968e-27 3.140688e-13 1.355368e+01 -1.250298e+01
3.569807e+13 8.818923e-27 3.148185e-13 1.355264e+01 -1.250194e+01
3.561326e+13 8.734499e-27 3.110640e-13 1.355161e+01 -1.250715e+01
3.552885e+13 9.045164e-27 3.213642e-13 1.355058e+01 -1.249300e+01
3.544483e+13 8.855258e-27 3.138731e-13 1.354955e+01 -1.250325e+01
3.536122e+13 8.338754e-27 2.948685e-13 1.354853e+01 -1.253037e+01
3.527799e+13 9.090854e-27 3.207071e-13 1.354750e+01 -1.249389e+01
3.519516e+13 8.676629e-27 3.053754e-13 1.354648e+01 -1.251517e+01
3.511272e+13 8.740383e-27 3.068986e-13 1.354546e+01 -1.251301e+01
3.503066e+13 8.742932e-27 3.062707e-13 1.354445e+01 -1.251389e+01
3.494899e+13 8.436198e-27 2.948366e-13 1.354343e+01 -1.253042e+01
3.486769e+13 8.118553e-27 2.830752e-13 1.354242e+01 -1.254810e+01
3.478677e+13 8.468273e-27 2.945839e-13 1.354141e+01 -1.253079e+01
3.470623e+13 8.335278e-27 2.892861e-13 1.354041e+01 -1.253867e+01
3.462606e+13 8.625768e-27 2.986763e-13 1.353940e+01 -1.252480e+01
3.454625e+13 8.325680e-27 2.876211e-13 1.353840e+01 -1.254118e+01
3.446682e+13 7.866067e-27 2.711183e-13 1.353740e+01 -1.256684e+01
3.438775e+13 8.546243e-27 2.938861e-13 1.353640e+01 -1.253182e+01
3.430904e+13 8.168650e-27 2.802586e-13 1.353541e+01 -1.255244e+01
3.423069e+13 8.391308e-27 2.872403e-13 1.353442e+01 -1.254175e+01
3.415270e+13 8.097991e-27 2.765682e-13 1.353343e+01 -1.255820e+01
3.407506e+13 8.394992e-27 2.860599e-13 1.353244e+01 -1.254354e+01
3.399778e+13 8.083793e-27 2.748310e-13 1.353145e+01 -1.256093e+01
3.392084e+13 7.830193e-27 2.656067e-13 1.353047e+01 -1.257576e+01
3.384425e+13 7.672902e-27 2.596836e-13 1.352948e+01 -1.258556e+01
3.376801e+13 7.911989e-27 2.671721e-13 1.352851e+01 -1.257321e+01
3.369211e+13 8.354162e-27 2.814694e-13 1.352753e+01 -1.255057e+01
3.361655e+13 8.339990e-27 2.803617e-13 1.352655e+01 -1.255228e+01
3.354133e+13 8.053681e-27 2.701312e-13 1.352558e+01 -1.256843e+01
3.346644e+13 7.912838e-27 2.648145e-13 1.352461e+01 -1.257706e+01
3.339189e+13 7.724794e-27 2.579455e-13 1.352364e+01 -1.258847e+01
3.331767e+13 8.125620e-27 2.707267e-13 1.352267e+01 -1.256747e+01
3.324378e+13 7.544461e-27 2.508064e-13 1.352171e+01 -1.260066e+01
3.317021e+13 7.909005e-27 2.623434e-13 1.352075e+01 -1.258113e+01
3.309698e+13 7.866519e-27 2.603580e-13 1.351979e+01 -1.258443e+01
3.302406e+13 7.871012e-27 2.599328e-13 1.351883e+01 -1.258514e+01
3.295146e+13 7.594613e-27 2.502536e-13 1.351787e+01 -1.260162e+01
3.287918e+13 7.864589e-27 2.585813e-13 1.351692e+01 -1.258740e+01
3.280722e+13 7.558089e-27 2.479599e-13 1.351597e+01 -1.260562e+01
3.273558e+13 7.583284e-27 2.482432e-13 1.351502e+01 -1.260512e+01
3.266424e+13 7.696923e-27 2.514141e-13 1.351407e+01 -1.259961e+01
3.259322e+13 7.786465e-27 2.537859e-13 1.351313e+01 -1.259553e+01
3.252250e+13 7.517933e-27 2.445020e-13 1.351218e+01 -1.261172e+01
3.245209e+13 7.733375e-27 2.509642e-13 1.351124e+01 -1.260039e+01
3.238198e+13 7.260262e-27 2.351017e-13 1.351030e+01 -1.262874e+01
3.231218e+13 7.353121e-27 2.375954e-13 1.350937e+01 -1.262416e+01
3.224268e+13 7.432056e-27 2.396294e-13 1.350843e+01 -1.262046e+01
3.217347e+13 7.736627e-27 2.489141e-13 1.350750e+01 -1.260395e+01
3.210456e+13 7.649028e-27 2.455687e-13 1.350657e+01 -1.260983e+01
3.203595e+13 7.315895e-27 2.343716e-13 1.350564e+01 -1.263009e+01
3.196763e+13 7.528179e-27 2.406580e-13 1.350471e+01 -1.261860e+01
3.189960e+13 7.455538e-27 2.378286e-13 1.350379e+01 -1.262374e+01
3.183185e+13 7.643755e-27 2.433149e-13 1.350286e+01 -1.261383e+01
3.176440e+13 7.506045e-27 2.384250e-13 1.350194e+01 -1.262265e+01
3.169723e+13 7.219507e-27 2.288384e-13 1.350102e+01 -1.264047e+01
3.163034e+13 7.110485e-27 2.249071e-13 1.350010e+01 -1.264800e+01
3.156374e+13 7.322376e-27 2.311216e-13 1.349919e+01 -1.263616e+01
3.149742e+13 7.368465e-27 2.320876e-13 1.349827e+01 -1.263435e+01
3.143137e+13 7.424297e-27 2.333558e-13 1.349736e+01 -1.263198e+01
3.136560e+13 7.175394e-27 2.250605e-13 1.349645e+01 -1.264770e+01
3.130010e+13 7.112990e-27 2.226373e-13 1.349555e+01 -1.265240e+01
3.123488e+13 7.190119e-27 2.245825e-13 1.349464e+01 -1.264862e+01
3.116993e+13 7.003532e-27 2.182996e-13 1.349374e+01 -1.266095e+01
3.110525e+13 7.172153e-27 2.230916e-13 1.349283e+01 -1.265152e+01
3.104084e+13 7.135356e-27 2.214874e-13 1.349193e+01 -1.265465e+01
3.097669e+13 7.145271e-27 2.213368e-13 1.349104e+01 -1.265495e+01
3.091281e+13 7.180758e-27 2.219774e-13 1.349014e+01 -1.265369e+01
3.091281e+13 6.987882e-27 2.160151e-13 1.200000e+01 -3.000000e+02
3.091281e+13 6.987882e-27 2.160151e-13 1.100000e+01 -3.000000e+02
3.091281e+13 6.987882e-27 2.160151e-13 1.000000e+01 -3.000000e+02
3.091281e+13 6.987882e-27 2.160151e-13 9.000000e+00 -3.000000e+02
3.091281e+13 6.987882e-27 2.160151e-13 8.000000e+00 -3.000000e+02
3.091281e+13 6.987882e-27 2.160151e-13 7.000000e+00 -3.000000e+02