1.362693e+16 1.123821e-31 1.531423e-15 1.613440e+01 -1.481490e+01
1.303445e+16 1.384124e-30 1.804130e-14 1.611509e+01 -1.374373e+01
1.249135e+16 1.407948e-30 1.758717e-14 1.609661e+01 -1.375480e+01
1.199170e+16 1.436871e-30 1.723052e-14 1.607888e+01 -1.376370e+01
1.153048e+16 1.489903e-30 1.717929e-14 1.606185e+01 -1.376499e+01
1.110342e+16 1.563956e-30 1.736526e-14 1.604546e+01 -1.376032e+01
1.070687e+16 1.575485e-30 1.686851e-14 1.602966e+01 -1.377292e+01
1.033767e+16 1.654105e-30 1.709959e-14 1.601442e+01 -1.376701e+01
9.993080e+15 1.638750e-30 1.637616e-14 1.599970e+01 -1.378579e+01
9.670723e+15 1.688552e-30 1.632952e-14 1.598546e+01 -1.378703e+01
9.368512e+15 1.711767e-30 1.603671e-14 1.597167e+01 -1.379488e+01
9.084618e+15 1.735026e-30 1.576205e-14 1.595831e+01 -1.380239e+01
8.817424e+15 1.726800e-30 1.522593e-14 1.594534e+01 -1.381742e+01
8.565497e+15 1.775201e-30 1.520548e-14 1.593275e+01 -1.381800e+01
8.327567e+15 2.083002e-30 1.734634e-14 1.592052e+01 -1.376079e+01
8.102497e+15 2.389730e-30 1.936278e-14 1.590862e+01 -1.371303e+01
7.889274e+15 2.308908e-30 1.821561e-14 1.589704e+01 -1.373956e+01
7.686985e+15 2.467908e-30 1.897077e-14 1.588576e+01 -1.372192e+01
7.494810e+15 2.959236e-30 2.217891e-14 1.587476e+01 -1.365406e+01
7.312010e+15 3.204430e-30 2.343083e-14 1.586404e+01 -1.363021e+01
7.137914e+15 3.135475e-30 2.238075e-14 1.585357e+01 -1.365013e+01
6.971916e+15 3.105022e-30 2.164795e-14 1.584335e+01 -1.366458e+01
6.813464e+15 3.390595e-30 2.310170e-14 1.583337e+01 -1.363636e+01
6.662053e+15 3.532263e-30 2.353213e-14 1.582361e+01 -1.362834e+01
6.517226e+15 3.391508e-30 2.210323e-14 1.581406e+01 -1.365554e+01
6.378562e+15 3.478601e-30 2.218847e-14 1.580472e+01 -1.365387e+01
6.245675e+15 3.717805e-30 2.322020e-14 1.579558e+01 -1.363413e+01
6.118212e+15 3.597261e-30 2.200881e-14 1.578662e+01 -1.365740e+01
5.995848e+15 3.965540e-30 2.377677e-14 1.577785e+01 -1.362385e+01
5.878282e+15 5.001308e-30 2.939910e-14 1.576925e+01 -1.353167e+01
5.765238e+15 5.604483e-30 3.231118e-14 1.576082e+01 -1.349065e+01
5.656460e+15 5.306343e-30 3.001512e-14 1.575254e+01 -1.352266e+01
5.551711e+15 4.898691e-30 2.719612e-14 1.574443e+01 -1.356549e+01
5.450771e+15 5.010447e-30 2.731080e-14 1.573646e+01 -1.356367e+01
5.353436e+15 6.004036e-30 3.214222e-14 1.572863e+01 -1.349292e+01
5.259516e+15 6.574588e-30 3.457915e-14 1.572095e+01 -1.346119e+01
5.168834e+15 6.629289e-30 3.426570e-14 1.571339e+01 -1.346514e+01
5.081227e+15 6.695627e-30 3.402200e-14 1.570597e+01 -1.346824e+01
4.996540e+15 6.174001e-30 3.084864e-14 1.569867e+01 -1.351076e+01
4.914630e+15 6.267645e-30 3.080315e-14 1.569149e+01 -1.351140e+01
4.835361e+15 7.197791e-30 3.480392e-14 1.568443e+01 -1.345837e+01
4.758610e+15 7.252191e-30 3.451034e-14 1.567748e+01 -1.346205e+01
4.684256e+15 7.653987e-30 3.585323e-14 1.567064e+01 -1.344547e+01
4.612191e+15 7.566419e-30 3.489777e-14 1.566391e+01 -1.345720e+01
4.542309e+15 7.495536e-30 3.404704e-14 1.565728e+01 -1.346792e+01
4.474513e+15 8.190891e-30 3.665025e-14 1.565075e+01 -1.343592e+01
4.408712e+15 7.965538e-30 3.511776e-14 1.564431e+01 -1.345447e+01
4.344817e+15 8.040667e-30 3.493523e-14 1.563797e+01 -1.345674e+01
4.282749e+15 7.984889e-30 3.419727e-14 1.563172e+01 -1.346601e+01
4.222428e+15 8.115028e-30 3.426512e-14 1.562556e+01 -1.346515e+01
4.163783e+15 9.085559e-30 3.783030e-14 1.561949e+01 -1.342216e+01
4.106745e+15 9.244559e-30 3.796505e-14 1.561350e+01 -1.342062e+01
4.051249e+15 9.251694e-30 3.748091e-14 1.560759e+01 -1.342619e+01
3.997232e+15 9.202188e-30 3.678328e-14 1.560176e+01 -1.343435e+01
3.944637e+15 8.952082e-30 3.531271e-14 1.559601e+01 -1.345207e+01
3.893408e+15 9.045573e-30 3.521810e-14 1.559033e+01 -1.345323e+01
3.843492e+15 9.243260e-30 3.552640e-14 1.558473e+01 -1.344945e+01
3.794841e+15 9.306713e-30 3.531749e-14 1.557919e+01 -1.345201e+01
3.747405e+15 9.686628e-30 3.629972e-14 1.557373e+01 -1.344010e+01
3.701141e+15 9.875929e-30 3.655220e-14 1.556834e+01 -1.343709e+01
3.656005e+15 1.006984e-29 3.681539e-14 1.556301e+01 -1.343397e+01
3.611957e+15 9.412181e-30 3.399639e-14 1.555774e+01 -1.346857e+01
3.568957e+15 9.401925e-30 3.355507e-14 1.555254e+01 -1.347424e+01
3.526969e+15 1.019368e-29 3.595281e-14 1.554740e+01 -1.344427e+01
3.485958e+15 1.036893e-29 3.614567e-14 1.554232e+01 -1.344194e+01
3.445890e+15 1.063078e-29 3.663248e-14 1.553730e+01 -1.343613e+01
3.406732e+15 1.075807e-29 3.664987e-14 1.553234e+01 -1.343593e+01
3.368454e+15 1.088781e-29 3.667510e-14 1.552743e+01 -1.343563e+01
3.331027e+15 1.091180e-29 3.634750e-14 1.552258e+01 -1.343953e+01
3.294422e+15 1.057489e-29 3.483813e-14 1.551778e+01 -1.345795e+01
3.258613e+15 5.552684e-29 1.809405e-13 1.551303e+01 -1.274246e+01
3.223574e+15 9.853769e-29 3.176436e-13 1.550834e+01 -1.249806e+01
3.189281e+15 1.541851e-28 4.917396e-13 1.550369e+01 -1.230826e+01
3.155709e+15 2.113967e-28 6.671067e-13 1.549910e+01 -1.217580e+01
3.122838e+15 2.571763e-28 8.031198e-13 1.549455e+01 -1.209522e+01
3.090643e+15 1.900980e-28 5.875252e-13 1.549005e+01 -1.223097e+01
3.059106e+15 1.795263e-28 5.491900e-13 1.548559e+01 -1.226028e+01
3.028206e+15 2.548177e-28 7.716404e-13 1.548119e+01 -1.211259e+01
2.997924e+15 2.777153e-28 8.325694e-13 1.547682e+01 -1.207958e+01
2.968242e+15 3.020278e-28 8.964914e-13 1.547250e+01 -1.204745e+01
2.939141e+15 2.308296e-28 6.784408e-13 1.546822e+01 -1.216849e+01
2.910606e+15 2.108255e-28 6.136300e-13 1.546398e+01 -1.221209e+01
2.882619e+15 3.209261e-28 9.251076e-13 1.545979e+01 -1.203381e+01
2.855166e+15 3.816018e-28 1.089536e-12 1.545563e+01 -1.196276e+01
2.828230e+15 3.503655e-28 9.909143e-13 1.545151e+01 -1.200396e+01
2.801798e+15 3.423358e-28 9.591558e-13 1.544744e+01 -1.201811e+01
2.775856e+15 3.422205e-28 9.499548e-13 1.544340e+01 -1.202230e+01
2.750389e+15 3.475268e-28 9.558340e-13 1.543939e+01 -1.201962e+01
2.725385e+15 3.688213e-28 1.005180e-12 1.543543e+01 -1.199776e+01
2.700832e+15 3.597687e-28 9.716750e-13 1.543150e+01 -1.201248e+01
2.676718e+15 3.398089e-28 9.095725e-13 1.542760e+01 -1.204116e+01
2.653030e+15 3.512769e-28 9.319482e-13 1.542374e+01 -1.203061e+01
2.629758e+15 3.677958e-28 9.672139e-13 1.541992e+01 -1.201448e+01
2.606890e+15 3.599430e-28 9.383320e-13 1.541612e+01 -1.202764e+01
2.584417e+15 3.676027e-28 9.500389e-13 1.541236e+01 -1.202226e+01
2.562328e+15 3.195965e-28 8.189111e-13 1.540863e+01 -1.208676e+01
2.540614e+15 3.115897e-28 7.916290e-13 1.540494e+01 -1.210148e+01
2.519264e+15 3.245673e-28 8.176706e-13 1.540127e+01 -1.208742e+01
2.498270e+15 2.700953e-28 6.747711e-13 1.539764e+01 -1.217084e+01
2.477623e+15 2.052617e-28 5.085611e-13 1.539404e+01 -1.229366e+01
2.457315e+15 1.816241e-28 4.463076e-13 1.539046e+01 -1.235037e+01
2.437337e+15 2.516496e-28 6.133548e-13 1.538692e+01 -1.221229e+01
2.417681e+15 4.062329e-28 9.821413e-13 1.538340e+01 -1.200783e+01
2.398339e+15 4.377156e-28 1.049790e-12 1.537991e+01 -1.197890e+01
2.379305e+15 3.904948e-28 9.291061e-13 1.537645e+01 -1.203193e+01
2.360570e+15 4.391865e-28 1.036730e-12 1.537302e+01 -1.198433e+01
2.342128e+15 4.455033e-28 1.043426e-12 1.536961e+01 -1.198154e+01
2.323972e+15 4.485660e-28 1.042455e-12 1.536623e+01 -1.198194e+01
2.306095e+15 3.790482e-28 8.741214e-13 1.536288e+01 -1.205843e+01
2.288492e+15 4.167403e-28 9.537067e-13 1.535955e+01 -1.202059e+01
2.271155e+15 4.426782e-28 1.005391e-12 1.535625e+01 -1.199767e+01
2.254078e+15 4.050900e-28 9.131046e-13 1.535297e+01 -1.203948e+01
2.237257e+15 4.010160e-28 8.971757e-13 1.534972e+01 -1.204712e+01
2.220684e+15 4.332832e-28 9.621853e-13 1.534649e+01 -1.201674e+01
2.204356e+15 4.044677e-28 8.915908e-13 1.534328e+01 -1.204983e+01
2.188266e+15 3.863858e-28 8.455147e-13 1.534010e+01 -1.207288e+01
2.172409e+15 3.766274e-28 8.181886e-13 1.533694e+01 -1.208715e+01
2.156780e+15 3.224862e-28 6.955318e-13 1.533381e+01 -1.215768e+01
2.141374e+15 3.652555e-28 7.821488e-13 1.533069e+01 -1.210671e+01
2.126187e+15 3.884907e-28 8.260040e-13 1.532760e+01 -1.208302e+01
2.111214e+15 3.735805e-28 7.887085e-13 1.532453e+01 -1.210308e+01
2.096450e+15 3.765141e-28 7.893430e-13 1.532148e+01 -1.210273e+01
2.081892e+15 3.903915e-28 8.127528e-13 1.531846e+01 -1.209004e+01
2.067534e+15 3.867174e-28 7.995514e-13 1.531545e+01 -1.209715e+01
2.053373e+15 3.850031e-28 7.905548e-13 1.531247e+01 -1.210207e+01
2.039404e+15 4.044852e-28 8.249088e-13 1.530950e+01 -1.208359e+01
2.025624e+15 4.134983e-28 8.375923e-13 1.530656e+01 -1.207697e+01
2.012030e+15 4.338254e-28 8.728695e-13 1.530363e+01 -1.205905e+01
1.998616e+15 4.061012e-28 8.116404e-13 1.530073e+01 -1.209064e+01
1.985380e+15 4.102257e-28 8.144539e-13 1.529784e+01 -1.208913e+01
1.972318e+15 4.119946e-28 8.125846e-13 1.529498e+01 -1.209013e+01
1.959427e+15 3.325140e-28 6.515371e-13 1.529213e+01 -1.218606e+01
1.946704e+15 2.698930e-28 5.254017e-13 1.528930e+01 -1.227951e+01
1.934145e+15 3.951801e-28 7.643354e-13 1.528649e+01 -1.211672e+01
1.921746e+15 4.266717e-28 8.199547e-13 1.528370e+01 -1.208621e+01
1.909506e+15 4.012010e-28 7.660957e-13 1.528092e+01 -1.211572e+01
1.897420e+15 4.045774e-28 7.676534e-13 1.527816e+01 -1.211483e+01
1.885487e+15 4.037513e-28 7.612677e-13 1.527542e+01 -1.211846e+01
1.873702e+15 3.845273e-28 7.204898e-13 1.527270e+01 -1.214237e+01
1.862065e+15 3.622465e-28 6.745264e-13 1.526999e+01 -1.217100e+01
1.850570e+15 3.672624e-28 6.796449e-13 1.526731e+01 -1.216772e+01
1.839217e+15 3.689309e-28 6.785440e-13 1.526463e+01 -1.216842e+01
1.828002e+15 3.757007e-28 6.867818e-13 1.526198e+01 -1.216318e+01
1.816924e+15 3.842885e-28 6.982229e-13 1.525934e+01 -1.215601e+01
1.805978e+15 3.617299e-28 6.532764e-13 1.525671e+01 -1.218490e+01
1.795164e+15 3.694796e-28 6.632764e-13 1.525410e+01 -1.217831e+01
1.784479e+15 4.007289e-28 7.150922e-13 1.525151e+01 -1.214564e+01
1.773920e+15 3.929495e-28 6.970609e-13 1.524893e+01 -1.215673e+01
1.763485e+15 3.860058e-28 6.807153e-13 1.524637e+01 -1.216703e+01
1.753172e+15 3.666980e-28 6.428846e-13 1.524382e+01 -1.219187e+01
1.742979e+15 3.587396e-28 6.252756e-13 1.524129e+01 -1.220393e+01
1.732904e+15 3.896367e-28 6.752030e-13 1.523877e+01 -1.217057e+01
1.722945e+15 3.997519e-28 6.887505e-13 1.523627e+01 -1.216194e+01
1.713099e+15 3.996740e-28 6.846813e-13 1.523378e+01 -1.216451e+01
1.703366e+15 4.060321e-28 6.916213e-13 1.523131e+01 -1.216013e+01
1.693742e+15 4.042676e-28 6.847252e-13 1.522885e+01 -1.216448e+01
1.684227e+15 4.062225e-28 6.841709e-13 1.522640e+01 -1.216484e+01
1.674818e+15 3.619776e-28 6.062466e-13 1.522397e+01 -1.221735e+01
1.665513e+15 4.011494e-28 6.681197e-13 1.522155e+01 -1.217515e+01
1.656312e+15 3.935048e-28 6.517665e-13 1.521914e+01 -1.218591e+01
1.647211e+15 4.077904e-28 6.717168e-13 1.521675e+01 -1.217281e+01
1.638210e+15 4.048111e-28 6.631656e-13 1.521437e+01 -1.217838e+01
1.629307e+15 3.900369e-28 6.354897e-13 1.521200e+01 -1.219689e+01
1.620499e+15 3.770502e-28 6.110096e-13 1.520965e+01 -1.221395e+01
1.611787e+15 3.754027e-28 6.050692e-13 1.520731e+01 -1.221819e+01
1.603168e+15 3.905973e-28 6.261931e-13 1.520498e+01 -1.220329e+01
1.594640e+15 3.850966e-28 6.140906e-13 1.520266e+01 -1.221177e+01
1.586203e+15 3.725794e-28 5.909866e-13 1.520036e+01 -1.222842e+01
1.577855e+15 3.721595e-28 5.872137e-13 1.519807e+01 -1.223120e+01
1.569594e+15 3.732963e-28 5.859236e-13 1.519579e+01 -1.223216e+01
1.561419e+15 3.656992e-28 5.710096e-13 1.519352e+01 -1.224336e+01
1.553328e+15 3.688060e-28 5.728769e-13 1.519126e+01 -1.224194e+01
1.545322e+15 3.920735e-28 6.058796e-13 1.518902e+01 -1.221761e+01
1.537397e+15 3.953986e-28 6.078846e-13 1.518679e+01 -1.221618e+01
1.529553e+15 3.891777e-28 5.952680e-13 1.518456e+01 -1.222529e+01
1.521789e+15 3.929116e-28 5.979285e-13 1.518235e+01 -1.222335e+01
1.514103e+15 4.071584e-28 6.164798e-13 1.518016e+01 -1.221008e+01
1.506494e+15 4.054746e-28 6.108452e-13 1.517797e+01 -1.221407e+01
1.498962e+15 3.998692e-28 5.993888e-13 1.517579e+01 -1.222229e+01
1.491504e+15 3.958931e-28 5.904763e-13 1.517362e+01 -1.222880e+01
1.484121e+15 4.125892e-28 6.123322e-13 1.517147e+01 -1.221301e+01
1.476810e+15 4.077516e-28 6.021717e-13 1.516932e+01 -1.222028e+01
1.469571e+15 4.109828e-28 6.039683e-13 1.516719e+01 -1.221899e+01
1.462402e+15 4.048407e-28 5.920398e-13 1.516507e+01 -1.222765e+01
1.455303e+15 3.803923e-28 5.535860e-13 1.516295e+01 -1.225681e+01
1.448272e+15 4.089540e-28 5.922768e-13 1.516085e+01 -1.222748e+01
1.441310e+15 4.283611e-28 6.174010e-13 1.515876e+01 -1.220943e+01
1.434413e+15 4.266417e-28 6.119805e-13 1.515667e+01 -1.221326e+01
1.427583e+15 3.989633e-28 5.695531e-13 1.515460e+01 -1.224447e+01
1.420817e+15 4.274662e-28 6.073513e-13 1.515254e+01 -1.221656e+01
1.414115e+15 4.246507e-28 6.005050e-13 1.515048e+01 -1.222148e+01
1.407476e+15 4.405255e-28 6.200291e-13 1.514844e+01 -1.220759e+01
1.400899e+15 4.090511e-28 5.730394e-13 1.514641e+01 -1.224182e+01
1.394383e+15 4.211348e-28 5.872232e-13 1.514438e+01 -1.223120e+01
1.387928e+15 4.229792e-28 5.870646e-13 1.514237e+01 -1.223131e+01
1.381532e+15 3.965831e-28 5.478922e-13 1.514036e+01 -1.226130e+01
1.375194e+15 4.008527e-28 5.512504e-13 1.513836e+01 -1.225865e+01
1.368915e+15 4.189100e-28 5.734522e-13 1.513638e+01 -1.224150e+01
1.362693e+15 4.449616e-28 6.063460e-13 1.513440e+01 -1.221728e+01
1.356527e+15 4.194344e-28 5.689740e-13 1.513243e+01 -1.224491e+01
1.350416e+15 3.940174e-28 5.320875e-13 1.513047e+01 -1.227402e+01
1.344361e+15 4.016967e-28 5.400252e-13 1.512852e+01 -1.226759e+01
1.338359e+15 4.049876e-28 5.420187e-13 1.512657e+01 -1.226599e+01
1.332411e+15 4.057068e-28 5.405680e-13 1.512464e+01 -1.226715e+01
1.326515e+15 4.168106e-28 5.529056e-13 1.512271e+01 -1.225735e+01
1.320671e+15 3.984964e-28 5.262828e-13 1.512079e+01 -1.227878e+01
1.314879e+15 4.122892e-28 5.421104e-13 1.511889e+01 -1.226591e+01
1.309137e+15 4.192571e-28 5.488650e-13 1.511699e+01 -1.226053e+01
1.303445e+15 4.047146e-28 5.275233e-13 1.511509e+01 -1.227776e+01
1.297803e+15 4.276330e-28 5.549832e-13 1.511321e+01 -1.225572e+01
1.292209e+15 4.234509e-28 5.471869e-13 1.511133e+01 -1.226186e+01
1.286663e+15 4.194946e-28 5.397481e-13 1.510946e+01 -1.226781e+01
1.281164e+15 4.143758e-28 5.308834e-13 1.510760e+01 -1.227500e+01
1.275712e+15 4.087708e-28 5.214740e-13 1.510575e+01 -1.228277e+01
1.270307e+15 4.324971e-28 5.494040e-13 1.510391e+01 -1.226011e+01
1.264947e+15 4.297243e-28 5.435783e-13 1.510207e+01 -1.226474e+01
1.259632e+15 4.181907e-28 5.267664e-13 1.510024e+01 -1.227838e+01
1.254362e+15 3.976769e-28 4.988306e-13 1.509842e+01 -1.230205e+01
1.249135e+15 4.090907e-28 5.110095e-13 1.509661e+01 -1.229157e+01
1.243952e+15 3.999169e-28 4.974774e-13 1.509480e+01 -1.230323e+01
1.238812e+15 4.237781e-28 5.249812e-13 1.509301e+01 -1.227986e+01
1.233714e+15 4.649341e-28 5.735956e-13 1.509121e+01 -1.224139e+01
1.228657e+15 4.463740e-28 5.484407e-13 1.508943e+01 -1.226087e+01
1.223642e+15 4.469788e-28 5.469423e-13 1.508765e+01 -1.226206e+01
1.218668e+15 4.668394e-28 5.689224e-13 1.508589e+01 -1.224495e+01
1.213734e+15 4.438043e-28 5.386605e-13 1.508412e+01 -1.226868e+01
1.208840e+15 4.368180e-28 5.280432e-13 1.508237e+01 -1.227733e+01
1.203986e+15 4.245364e-28 5.111357e-13 1.508062e+01 -1.229146e+01
1.199170e+15 4.534550e-28 5.437695e-13 1.507888e+01 -1.226459e+01
1.194392e+15 4.506633e-28 5.382687e-13 1.507715e+01 -1.226900e+01
1.189652e+15 4.307791e-28 5.124774e-13 1.507542e+01 -1.229033e+01
1.184950e+15 4.435908e-28 5.256330e-13 1.507370e+01 -1.227932e+01
1.180285e+15 4.503949e-28 5.315944e-13 1.507199e+01 -1.227442e+01
1.175656e+15 4.626542e-28 5.439224e-13 1.507028e+01 -1.226446e+01
1.171064e+15 4.788246e-28 5.607343e-13 1.506858e+01 -1.225124e+01
1.166507e+15 5.246821e-28 6.120455e-13 1.506689e+01 -1.221322e+01
1.161986e+15 4.774236e-28 5.547595e-13 1.506520e+01 -1.225590e+01
1.157500e+15 4.978109e-28 5.762160e-13 1.506352e+01 -1.223941e+01
1.153048e+15 4.917499e-28 5.670111e-13 1.506185e+01 -1.224641e+01
1.148630e+15 4.877224e-28 5.602125e-13 1.506018e+01 -1.225165e+01
1.144246e+15 5.221015e-28 5.974125e-13 1.505852e+01 -1.222373e+01
1.139895e+15 5.287405e-28 6.027087e-13 1.505686e+01 -1.221989e+01
1.135577e+15 6.647393e-28 7.548629e-13 1.505522e+01 -1.212213e+01
1.131292e+15 6.706802e-28 7.587352e-13 1.505357e+01 -1.211991e+01
1.127039e+15 6.933445e-28 7.814264e-13 1.505194e+01 -1.210711e+01
1.122818e+15 6.526629e-28 7.328216e-13 1.505031e+01 -1.213500e+01
1.118628e+15 6.712982e-28 7.509332e-13 1.504869e+01 -1.212440e+01
1.114470e+15 6.629385e-28 7.388250e-13 1.504707e+01 -1.213146e+01
1.110342e+15 6.720595e-28 7.462161e-13 1.504546e+01 -1.212714e+01
1.106245e+15 6.920300e-28 7.655548e-13 1.504385e+01 -1.211602e+01
1.102178e+15 6.254510e-28 6.893583e-13 1.504225e+01 -1.216156e+01
1.098141e+15 6.561920e-28 7.205911e-13 1.504066e+01 -1.214231e+01
1.094133e+15 6.011775e-28 6.577680e-13 1.503907e+01 -1.218193e+01
1.090154e+15 5.805021e-28 6.328368e-13 1.503749e+01 -1.219871e+01
1.086204e+15 6.541806e-28 7.105739e-13 1.503591e+01 -1.214839e+01
1.082283e+15 6.956184e-28 7.528560e-13 1.503434e+01 -1.212329e+01
1.078390e+15 6.548269e-28 7.061587e-13 1.503278e+01 -1.215110e+01
1.074525e+15 5.806390e-28 6.239110e-13 1.503122e+01 -1.220488e+01
1.070687e+15 4.972874e-28 5.324392e-13 1.502966e+01 -1.227373e+01
1.066877e+15 5.900002e-28 6.294576e-13 1.502811e+01 -1.220103e+01
1.063094e+15 7.594898e-28 8.074088e-13 1.502657e+01 -1.209291e+01
1.059337e+15 7.444616e-28 7.886358e-13 1.502503e+01 -1.210312e+01
1.055607e+15 7.358482e-28 7.767666e-13 1.502350e+01 -1.210971e+01
1.051903e+15 6.317736e-28 6.645647e-13 1.502198e+01 -1.217746e+01
1.048225e+15 7.206959e-28 7.554516e-13 1.502045e+01 -1.212179e+01
1.044573e+15 7.976888e-28 8.332441e-13 1.501894e+01 -1.207923e+01
1.040946e+15 7.974404e-28 8.300923e-13 1.501743e+01 -1.208087e+01
1.037344e+15 8.391968e-28 8.705357e-13 1.501592e+01 -1.206021e+01
1.033767e+15 9.383092e-28 9.699930e-13 1.501442e+01 -1.201323e+01
1.030214e+15 9.782641e-28 1.007822e-12 1.501293e+01 -1.199662e+01
1.026686e+15 9.540140e-28 9.794731e-13 1.501144e+01 -1.200901e+01
1.023182e+15 9.561809e-28 9.783474e-13 1.500995e+01 -1.200951e+01
1.019702e+15 9.539018e-28 9.726956e-13 1.500847e+01 -1.201202e+01
1.016245e+15 9.631761e-28 9.788233e-13 1.500700e+01 -1.200930e+01
1.012812e+15 1.022225e-27 1.035322e-12 1.500553e+01 -1.198492e+01
1.009402e+15 9.633458e-28 9.724032e-13 1.500406e+01 -1.201215e+01
1.006015e+15 9.913582e-28 9.973210e-13 1.500260e+01 -1.200117e+01
1.002650e+15 1.001443e-27 1.004097e-12 1.500115e+01 -1.199822e+01
9.993080e+14 9.720035e-28 9.713309e-13 1.499970e+01 -1.201263e+01
9.959880e+14 9.987112e-28 9.947044e-13 1.499825e+01 -1.200231e+01
9.926901e+14 9.733774e-28 9.662621e-13 1.499681e+01 -1.201491e+01
9.894139e+14 1.117971e-27 1.106136e-12 1.499538e+01 -1.195619e+01
9.861592e+14 1.153644e-27 1.137677e-12 1.499395e+01 -1.194398e+01
9.829259e+14 1.176666e-27 1.156576e-12 1.499252e+01 -1.193683e+01
9.797137e+14 1.130070e-27 1.107145e-12 1.499110e+01 -1.195580e+01
9.765225e+14 1.178929e-27 1.151251e-12 1.498968e+01 -1.193883e+01
9.733519e+14 1.238030e-27 1.205039e-12 1.498827e+01 -1.191900e+01
9.702019e+14 1.177295e-27 1.142214e-12 1.498686e+01 -1.194225e+01
9.670723e+14 1.167160e-27 1.128728e-12 1.498546e+01 -1.194741e+01
9.639627e+14 1.346128e-27 1.297617e-12 1.498406e+01 -1.188685e+01
9.608731e+14 1.313838e-27 1.262432e-12 1.498267e+01 -1.189879e+01
9.578032e+14 1.352255e-27 1.295194e-12 1.498128e+01 -1.188767e+01
9.547529e+14 1.387310e-27 1.324538e-12 1.497989e+01 -1.187794e+01
9.517219e+14 1.373387e-27 1.307082e-12 1.497851e+01 -1.188370e+01
9.487101e+14 1.299995e-27 1.233319e-12 1.497713e+01 -1.190892e+01
9.457174e+14 1.453667e-27 1.374758e-12 1.497576e+01 -1.186177e+01
9.427434e+14 1.464787e-27 1.380918e-12 1.497439e+01 -1.185983e+01
9.397881e+14 1.382537e-27 1.299292e-12 1.497303e+01 -1.188629e+01
9.368512e+14 1.334421e-27 1.250154e-12 1.497167e+01 -1.190304e+01
9.339327e+14 1.470876e-27 1.373699e-12 1.497032e+01 -1.186211e+01
9.310323e+14 1.443037e-27 1.343514e-12 1.496896e+01 -1.187176e+01
9.281498e+14 1.346921e-27 1.250144e-12 1.496762e+01 -1.190304e+01
9.252852e+14 1.376021e-27 1.273212e-12 1.496628e+01 -1.189510e+01
9.224382e+14 1.591938e-27 1.468464e-12 1.496494e+01 -1.183314e+01
9.196086e+14 1.687800e-27 1.552115e-12 1.496360e+01 -1.180908e+01
9.167963e+14 1.756116e-27 1.610001e-12 1.496227e+01 -1.179317e+01
9.140012e+14 1.714059e-27 1.566652e-12 1.496095e+01 -1.180503e+01
9.112231e+14 1.859784e-27 1.694678e-12 1.495962e+01 -1.177091e+01
9.084618e+14 1.931510e-27 1.754703e-12 1.495831e+01 -1.175580e+01
9.057172e+14 1.779784e-27 1.611981e-12 1.495699e+01 -1.179264e+01
9.029892e+14 1.784230e-27 1.611140e-12 1.495568e+01 -1.179287e+01
9.002775e+14 1.763181e-27 1.587352e-12 1.495438e+01 -1.179933e+01
8.975820e+14 1.828550e-27 1.641274e-12 1.495307e+01 -1.178482e+01
8.949027e+14 1.879583e-27 1.682044e-12 1.495178e+01 -1.177416e+01
8.922393e+14 1.749748e-27 1.561194e-12 1.495048e+01 -1.180654e+01
8.895917e+14 1.690669e-27 1.504005e-12 1.494919e+01 -1.182275e+01
8.869598e+14 1.833279e-27 1.626045e-12 1.494790e+01 -1.178887e+01
8.843434e+14 1.921074e-27 1.698889e-12 1.494662e+01 -1.176984e+01
8.817424e+14 1.986225e-27 1.751339e-12 1.494534e+01 -1.175663e+01
8.791566e+14 1.971238e-27 1.733027e-12 1.494407e+01 -1.176119e+01
8.765860e+14 1.997730e-27 1.751182e-12 1.494279e+01 -1.175667e+01
8.740303e+14 2.026682e-27 1.771381e-12 1.494153e+01 -1.175169e+01
8.714895e+14 1.794830e-27 1.564175e-12 1.494026e+01 -1.180571e+01
8.689635e+14 1.872817e-27 1.627409e-12 1.493900e+01 -1.178850e+01
8.664520e+14 2.024126e-27 1.753808e-12 1.493774e+01 -1.175602e+01
8.639550e+14 1.922997e-27 1.661383e-12 1.493649e+01 -1.177953e+01
8.614724e+14 1.923287e-27 1.656859e-12 1.493524e+01 -1.178071e+01
8.590040e+14 1.944451e-27 1.670292e-12 1.493400e+01 -1.177721e+01
8.565497e+14 2.149297e-27 1.840980e-12 1.493275e+01 -1.173495e+01
8.541094e+14 2.223648e-27 1.899239e-12 1.493151e+01 -1.172142e+01
8.516830e+14 2.092566e-27 1.782203e-12 1.493028e+01 -1.174904e+01
8.492703e+14 2.173589e-27 1.845965e-12 1.492905e+01 -1.173378e+01
8.468712e+14 2.463156e-27 2.085976e-12 1.492782e+01 -1.168069e+01
8.444856e+14 2.416029e-27 2.040301e-12 1.492659e+01 -1.169031e+01
8.421135e+14 2.184027e-27 1.839198e-12 1.492537e+01 -1.173537e+01
8.397546e+14 1.949300e-27 1.636933e-12 1.492415e+01 -1.178597e+01
8.374089e+14 1.743703e-27 1.460192e-12 1.492294e+01 -1.183559e+01
8.350763e+14 1.995852e-27 1.666689e-12 1.492173e+01 -1.177815e+01
8.327567e+14 2.297830e-27 1.913533e-12 1.492052e+01 -1.171816e+01
8.304499e+14 2.194294e-27 1.822251e-12 1.491931e+01 -1.173939e+01
8.281558e+14 2.359358e-27 1.953916e-12 1.491811e+01 -1.170909e+01
8.258744e+14 2.479942e-27 2.048121e-12 1.491691e+01 -1.168864e+01
8.236055e+14 2.505451e-27 2.063503e-12 1.491572e+01 -1.168539e+01
8.213490e+14 2.742620e-27 2.252649e-12 1.491453e+01 -1.164731e+01
8.191049e+14 3.156502e-27 2.585506e-12 1.491334e+01 -1.158745e+01
8.168730e+14 3.037240e-27 2.481039e-12 1.491215e+01 -1.160537e+01
8.146533e+14 2.831059e-27 2.306332e-12 1.491097e+01 -1.163708e+01
8.124455e+14 2.931539e-27 2.381716e-12 1.490979e+01 -1.162311e+01
8.102497e+14 3.046077e-27 2.468083e-12 1.490862e+01 -1.160764e+01
8.080658e+14 2.833530e-27 2.289678e-12 1.490745e+01 -1.164023e+01
8.058935e+14 2.707664e-27 2.182089e-12 1.490628e+01 -1.166113e+01
8.037330e+14 2.350582e-27 1.889241e-12 1.490511e+01 -1.172371e+01
8.015840e+14 2.208926e-27 1.770640e-12 1.490395e+01 -1.175187e+01
7.994464e+14 2.435030e-27 1.946676e-12 1.490279e+01 -1.171071e+01
7.973202e+14 2.695000e-27 2.148778e-12 1.490163e+01 -1.166781e+01
7.952053e+14 3.098088e-27 2.463616e-12 1.490048e+01 -1.160843e+01
7.931016e+14 3.489857e-27 2.767811e-12 1.489933e+01 -1.155786e+01
7.910090e+14 3.072436e-27 2.430325e-12 1.489818e+01 -1.161434e+01
7.889274e+14 3.020545e-27 2.382991e-12 1.489704e+01 -1.162288e+01
7.868567e+14 2.946693e-27 2.318625e-12 1.489590e+01 -1.163477e+01
7.847969e+14 2.468175e-27 1.937016e-12 1.489476e+01 -1.171287e+01
7.827478e+14 2.092066e-27 1.637560e-12 1.489362e+01 -1.178580e+01
7.807094e+14 2.350252e-27 1.834864e-12 1.489249e+01 -1.173640e+01
7.786816e+14 2.709325e-27 2.109701e-12 1.489136e+01 -1.167578e+01
7.766642e+14 2.697770e-27 2.095261e-12 1.489023e+01 -1.167876e+01
7.746574e+14 2.717495e-27 2.105128e-12 1.488911e+01 -1.167672e+01
7.726608e+14 2.696045e-27 2.083128e-12 1.488799e+01 -1.168128e+01
7.706746e+14 3.052443e-27 2.352440e-12 1.488687e+01 -1.162848e+01
7.686985e+14 3.404646e-27 2.617146e-12 1.488576e+01 -1.158217e+01
7.667325e+14 3.715509e-27 2.848802e-12 1.488464e+01 -1.154534e+01
7.647765e+14 3.391651e-27 2.593855e-12 1.488353e+01 -1.158605e+01
7.628305e+14 2.499129e-27 1.906412e-12 1.488243e+01 -1.171978e+01
7.608944e+14 2.727618e-27 2.075430e-12 1.488132e+01 -1.168289e+01
7.589681e+14 3.733229e-27 2.833402e-12 1.488022e+01 -1.154769e+01
7.570515e+14 3.184284e-27 2.410667e-12 1.487913e+01 -1.161786e+01
7.551446e+14 2.832618e-27 2.139036e-12 1.487803e+01 -1.166978e+01
7.532472e+14 4.373874e-27 3.294608e-12 1.487694e+01 -1.148220e+01
7.513594e+14 5.392592e-27 4.051774e-12 1.487585e+01 -1.139235e+01
7.494810e+14 5.800144e-27 4.347098e-12 1.487476e+01 -1.136180e+01
7.476120e+14 6.128534e-27 4.581765e-12 1.487368e+01 -1.133897e+01
7.457522e+14 6.300289e-27 4.698455e-12 1.487259e+01 -1.132804e+01
7.439017e+14 6.140118e-27 4.567644e-12 1.487152e+01 -1.134031e+01
7.420604e+14 5.976040e-27 4.434582e-12 1.487044e+01 -1.135315e+01
7.402281e+14 6.100823e-27 4.516001e-12 1.486937e+01 -1.134525e+01
7.384049e+14 5.840937e-27 4.312977e-12 1.486829e+01 -1.136522e+01
7.365907e+14 5.904597e-27 4.349271e-12 1.486723e+01 -1.136158e+01
7.347853e+14 6.304036e-27 4.632113e-12 1.486616e+01 -1.133422e+01
7.329888e+14 6.680520e-27 4.896746e-12 1.486510e+01 -1.131009e+01
7.312010e+14 6.145219e-27 4.493390e-12 1.486404e+01 -1.134743e+01
7.294219e+14 6.352929e-27 4.633965e-12 1.486298e+01 -1.133405e+01
7.276515e+14 6.572183e-27 4.782259e-12 1.486192e+01 -1.132037e+01
7.258896e+14 6.474718e-27 4.699930e-12 1.486087e+01 -1.132791e+01
7.241362e+14 6.136768e-27 4.443856e-12 1.485982e+01 -1.135224e+01
7.223913e+14 6.136804e-27 4.433174e-12 1.485877e+01 -1.135329e+01
7.206548e+14 6.442243e-27 4.642633e-12 1.485773e+01 -1.133324e+01
7.189266e+14 6.204965e-27 4.460915e-12 1.485668e+01 -1.135058e+01
7.172067e+14 6.236989e-27 4.473210e-12 1.485564e+01 -1.134938e+01
7.154950e+14 6.484007e-27 4.639275e-12 1.485461e+01 -1.133355e+01
7.137914e+14 6.411528e-27 4.576494e-12 1.485357e+01 -1.133947e+01
7.120960e+14 6.869233e-27 4.891553e-12 1.485254e+01 -1.131055e+01
7.104085e+14 6.419373e-27 4.560378e-12 1.485151e+01 -1.134100e+01
7.087291e+14 6.303816e-27 4.467698e-12 1.485048e+01 -1.134992e+01
7.070575e+14 7.090120e-27 5.013123e-12 1.484945e+01 -1.129989e+01
7.053939e+14 7.009598e-27 4.944527e-12 1.484843e+01 -1.130588e+01
7.037380e+14 7.079647e-27 4.982217e-12 1.484741e+01 -1.130258e+01
7.020899e+14 6.919960e-27 4.858434e-12 1.484639e+01 -1.131350e+01
7.004495e+14 6.939563e-27 4.860814e-12 1.484538e+01 -1.131329e+01
6.988168e+14 6.571917e-27 4.592566e-12 1.484436e+01 -1.133794e+01
6.971916e+14 6.010822e-27 4.190695e-12 1.484335e+01 -1.137771e+01
6.955740e+14 6.710317e-27 4.667522e-12 1.484234e+01 -1.133091e+01
6.939639e+14 7.863487e-27 5.456976e-12 1.484134e+01 -1.126305e+01
6.923612e+14 7.899934e-27 5.469608e-12 1.484033e+01 -1.126204e+01
6.907659e+14 8.350761e-27 5.768421e-12 1.483933e+01 -1.123894e+01
6.891779e+14 8.698126e-27 5.994557e-12 1.483833e+01 -1.122224e+01
6.875972e+14 9.179314e-27 6.311671e-12 1.483733e+01 -1.119986e+01
6.860238e+14 8.885434e-27 6.095619e-12 1.483634e+01 -1.121498e+01
6.844575e+14 7.968463e-27 5.454075e-12 1.483535e+01 -1.126328e+01
6.828984e+14 8.141275e-27 5.559663e-12 1.483436e+01 -1.125495e+01
6.813464e+14 8.493151e-27 5.786778e-12 1.483337e+01 -1.123756e+01
6.798014e+14 8.860375e-27 6.023295e-12 1.483238e+01 -1.122017e+01
6.782633e+14 9.606823e-27 6.515956e-12 1.483140e+01 -1.118602e+01
6.767323e+14 9.305017e-27 6.297005e-12 1.483042e+01 -1.120087e+01
6.752081e+14 9.558222e-27 6.453789e-12 1.482944e+01 -1.119019e+01
6.736908e+14 9.713688e-27 6.544022e-12 1.482846e+01 -1.118416e+01
6.721803e+14 9.096671e-27 6.114603e-12 1.482749e+01 -1.121363e+01
6.706765e+14 1.020119e-26 6.841702e-12 1.482651e+01 -1.116484e+01
6.691795e+14 1.082910e-26 7.246610e-12 1.482554e+01 -1.113987e+01
6.676891e+14 1.093534e-26 7.301404e-12 1.482457e+01 -1.113659e+01
6.662053e+14 1.114548e-26 7.425177e-12 1.482361e+01 -1.112929e+01
6.647282e+14 1.149462e-26 7.640800e-12 1.482264e+01 -1.111686e+01
6.632575e+14 1.066905e-26 7.076327e-12 1.482168e+01 -1.115019e+01
6.617934e+14 1.008309e-26 6.672923e-12 1.482072e+01 -1.117568e+01
6.603357e+14 1.088983e-26 7.190941e-12 1.481976e+01 -1.114321e+01
6.588844e+14 1.112792e-26 7.332010e-12 1.481881e+01 -1.113478e+01
6.574395e+14 1.166739e-26 7.670601e-12 1.481786e+01 -1.111517e+01
6.560009e+14 1.148028e-26 7.531071e-12 1.481690e+01 -1.112314e+01
6.545686e+14 1.156936e-26 7.572937e-12 1.481596e+01 -1.112074e+01
6.531425e+14 1.126264e-26 7.356112e-12 1.481501e+01 -1.113335e+01
6.517226e+14 1.157619e-26 7.544462e-12 1.481406e+01 -1.112237e+01
6.503089e+14 1.227693e-26 7.983799e-12 1.481312e+01 -1.109779e+01
6.489013e+14 1.259425e-26 8.172425e-12 1.481218e+01 -1.108765e+01
6.474998e+14 1.227299e-26 7.946756e-12 1.481124e+01 -1.109981e+01
6.461043e+14 1.173034e-26 7.579026e-12 1.481030e+01 -1.112039e+01
6.447148e+14 1.173961e-26 7.568698e-12 1.480937e+01 -1.112098e+01
6.433313e+14 1.206012e-26 7.758656e-12 1.480843e+01 -1.111021e+01
6.419537e+14 1.174904e-26 7.542341e-12 1.480750e+01 -1.112249e+01
6.405821e+14 1.221693e-26 7.825946e-12 1.480657e+01 -1.110646e+01
6.392162e+14 1.226078e-26 7.837289e-12 1.480565e+01 -1.110583e+01
6.378562e+14 1.204554e-26 7.683319e-12 1.480472e+01 -1.111445e+01
6.365019e+14 1.207422e-26 7.685263e-12 1.480380e+01 -1.111434e+01
6.351534e+14 1.273629e-26 8.089501e-12 1.480288e+01 -1.109208e+01
6.338106e+14 1.266622e-26 8.027987e-12 1.480196e+01 -1.109539e+01
6.324734e+14 1.318824e-26 8.341210e-12 1.480104e+01 -1.107877e+01
6.311419e+14 1.342663e-26 8.474107e-12 1.480013e+01 -1.107191e+01
6.298160e+14 1.287652e-26 8.109837e-12 1.479921e+01 -1.109099e+01
6.284956e+14 1.287120e-26 8.089495e-12 1.479830e+01 -1.109208e+01
6.271808e+14 1.332582e-26 8.357697e-12 1.479739e+01 -1.107791e+01
6.258714e+14 1.350451e-26 8.452085e-12 1.479649e+01 -1.107304e+01
6.245675e+14 1.386061e-26 8.656886e-12 1.479558e+01 -1.106264e+01
6.232690e+14 1.362342e-26 8.491053e-12 1.479468e+01 -1.107104e+01
6.219759e+14 1.388008e-26 8.633075e-12 1.479377e+01 -1.106383e+01
6.206882e+14 1.391542e-26 8.637139e-12 1.479287e+01 -1.106363e+01
6.194058e+14 1.368934e-26 8.479256e-12 1.479198e+01 -1.107164e+01
6.181287e+14 1.317009e-26 8.140812e-12 1.479108e+01 -1.108933e+01
6.168568e+14 1.243238e-26 7.668996e-12 1.479018e+01 -1.111526e+01
6.155901e+14 1.309446e-26 8.060823e-12 1.478929e+01 -1.109362e+01
6.143287e+14 1.327128e-26 8.152926e-12 1.478840e+01 -1.108869e+01
6.130724e+14 1.348427e-26 8.266835e-12 1.478751e+01 -1.108266e+01
6.118212e+14 1.431098e-26 8.755759e-12 1.478662e+01 -1.105771e+01
6.105752e+14 1.390220e-26 8.488337e-12 1.478574e+01 -1.107118e+01
6.093341e+14 1.373665e-26 8.370212e-12 1.478486e+01 -1.107726e+01
6.080982e+14 1.419388e-26 8.631275e-12 1.478397e+01 -1.106393e+01
6.068672e+14 1.456580e-26 8.839509e-12 1.478309e+01 -1.105357e+01
6.056412e+14 1.471700e-26 8.913223e-12 1.478222e+01 -1.104997e+01
6.044202e+14 1.389348e-26 8.397498e-12 1.478134e+01 -1.107585e+01
6.032040e+14 1.409916e-26 8.504671e-12 1.478046e+01 -1.107034e+01
6.019928e+14 1.418758e-26 8.540820e-12 1.477959e+01 -1.106850e+01
6.007864e+14 1.366835e-26 8.211760e-12 1.477872e+01 -1.108556e+01
5.995848e+14 1.362596e-26 8.169921e-12 1.477785e+01 -1.108778e+01
5.983880e+14 1.276518e-26 7.638531e-12 1.477698e+01 -1.111699e+01
5.971960e+14 1.332710e-26 7.958893e-12 1.477612e+01 -1.109915e+01
5.960087e+14 1.406580e-26 8.383339e-12 1.477525e+01 -1.107658e+01
5.948262e+14 1.378493e-26 8.199638e-12 1.477439e+01 -1.108621e+01
5.936483e+14 1.409008e-26 8.364551e-12 1.477353e+01 -1.107756e+01
5.924751e+14 1.506495e-26 8.925606e-12 1.477267e+01 -1.104936e+01
5.913065e+14 1.422648e-26 8.412213e-12 1.477181e+01 -1.107509e+01
5.901425e+14 1.379237e-26 8.139463e-12 1.477096e+01 -1.108940e+01
5.889831e+14 1.401025e-26 8.251798e-12 1.477010e+01 -1.108345e+01
5.878282e+14 1.387963e-26 8.158836e-12 1.476925e+01 -1.108837e+01
5.866779e+14 1.441023e-26 8.454165e-12 1.476840e+01 -1.107293e+01
5.855320e+14 1.429789e-26 8.371871e-12 1.476755e+01 -1.107718e+01
5.843906e+14 1.394273e-26 8.147998e-12 1.476670e+01 -1.108895e+01
5.832537e+14 1.407630e-26 8.210055e-12 1.476586e+01 -1.108565e+01
5.821212e+14 1.368641e-26 7.967150e-12 1.476501e+01 -1.109870e+01
5.809930e+14 1.336447e-26 7.764661e-12 1.476417e+01 -1.110988e+01
5.798692e+14 1.250974e-26 7.254013e-12 1.476333e+01 -1.113942e+01
5.787498e+14 1.240935e-26 7.181908e-12 1.476249e+01 -1.114376e+01
5.776347e+14 1.346880e-26 7.780045e-12 1.476165e+01 -1.110902e+01
5.765238e+14 1.404310e-26 8.096183e-12 1.476082e+01 -1.109172e+01
5.754173e+14 1.420965e-26 8.176479e-12 1.475998e+01 -1.108743e+01
5.743149e+14 1.507379e-26 8.657104e-12 1.475915e+01 -1.106263e+01
5.732168e+14 1.520833e-26 8.717672e-12 1.475832e+01 -1.105960e+01
5.721229e+14 1.611556e-26 9.220083e-12 1.475749e+01 -1.103527e+01
5.710331e+14 1.557088e-26 8.891491e-12 1.475666e+01 -1.105103e+01
5.699475e+14 1.538507e-26 8.768683e-12 1.475583e+01 -1.105707e+01
5.688660e+14 1.422365e-26 8.091349e-12 1.475501e+01 -1.109198e+01
5.677886e+14 1.641586e-26 9.320740e-12 1.475419e+01 -1.103055e+01
5.667153e+14 1.681887e-26 9.531510e-12 1.475336e+01 -1.102084e+01
5.656460e+14 1.731770e-26 9.795687e-12 1.475254e+01 -1.100897e+01
5.645808e+14 1.789543e-26 1.010342e-11 1.475173e+01 -1.099553e+01
5.635195e+14 1.672688e-26 9.425924e-12 1.475091e+01 -1.102568e+01
5.624623e+14 1.603636e-26 9.019849e-12 1.475009e+01 -1.104480e+01
5.614090e+14 1.684197e-26 9.455236e-12 1.474928e+01 -1.102433e+01
5.603596e+14 1.740329e-26 9.752099e-12 1.474847e+01 -1.101090e+01
5.593142e+14 1.823037e-26 1.019651e-11 1.474766e+01 -1.099155e+01
5.582726e+14 1.705564e-26 9.521698e-12 1.474685e+01 -1.102129e+01
5.572349e+14 1.778724e-26 9.911669e-12 1.474604e+01 -1.100385e+01
5.562011e+14 1.741630e-26 9.686965e-12 1.474523e+01 -1.101381e+01
5.551711e+14 1.663696e-26 9.236359e-12 1.474443e+01 -1.103450e+01
5.541449e+14 1.702518e-26 9.434418e-12 1.474362e+01 -1.102528e+01
5.531225e+14 1.787666e-26 9.887984e-12 1.474282e+01 -1.100489e+01
5.521039e+14 1.771147e-26 9.778573e-12 1.474202e+01 -1.100972e+01
5.510890e+14 1.822204e-26 1.004196e-11 1.474122e+01 -1.099818e+01
5.500778e+14 1.784976e-26 9.818756e-12 1.474042e+01 -1.100794e+01
5.490703e+14 1.780509e-26 9.776245e-12 1.473963e+01 -1.100983e+01
5.480665e+14 1.774637e-26 9.726193e-12 1.473883e+01 -1.101206e+01
5.470664e+14 1.752413e-26 9.586864e-12 1.473804e+01 -1.101832e+01
5.460699e+14 1.820689e-26 9.942237e-12 1.473725e+01 -1.100252e+01
5.450771e+14 1.834657e-26 1.000029e-11 1.473646e+01 -1.099999e+01
5.440878e+14 1.784428e-26 9.708854e-12 1.473567e+01 -1.101283e+01
5.431022e+14 1.877552e-26 1.019703e-11 1.473488e+01 -1.099153e+01
5.421201e+14 1.874222e-26 1.016054e-11 1.473410e+01 -1.099308e+01
5.411415e+14 1.926012e-26 1.042245e-11 1.473331e+01 -1.098203e+01
5.401665e+14 1.926098e-26 1.040414e-11 1.473253e+01 -1.098279e+01
5.391950e+14 1.924373e-26 1.037612e-11 1.473175e+01 -1.098396e+01
5.382269e+14 1.874336e-26 1.008818e-11 1.473097e+01 -1.099619e+01
5.372624e+14 1.894372e-26 1.017775e-11 1.473019e+01 -1.099235e+01
5.363013e+14 1.825065e-26 9.787849e-12 1.472941e+01 -1.100931e+01
5.353436e+14 1.845796e-26 9.881352e-12 1.472863e+01 -1.100518e+01
5.343893e+14 1.909379e-26 1.020352e-11 1.472786e+01 -1.099125e+01
5.334384e+14 1.933711e-26 1.031516e-11 1.472708e+01 -1.098652e+01
5.324909e+14 1.913115e-26 1.018716e-11 1.472631e+01 -1.099195e+01
5.315468e+14 1.940400e-26 1.031414e-11 1.472554e+01 -1.098657e+01
5.306060e+14 1.996743e-26 1.059484e-11 1.472477e+01 -1.097491e+01
5.296686e+14 1.963581e-26 1.040047e-11 1.472400e+01 -1.098295e+01
5.287344e+14 1.963352e-26 1.038092e-11 1.472324e+01 -1.098376e+01
5.278035e+14 2.024174e-26 1.068366e-11 1.472247e+01 -1.097128e+01
5.268759e+14 2.057522e-26 1.084059e-11 1.472171e+01 -1.096495e+01
5.259516e+14 2.034725e-26 1.070167e-11 1.472095e+01 -1.097055e+01
5.250305e+14 1.993022e-26 1.046397e-11 1.472018e+01 -1.098030e+01
5.241126e+14 2.062379e-26 1.080919e-11 1.471942e+01 -1.096621e+01
5.231979e+14 2.122556e-26 1.110517e-11 1.471867e+01 -1.095447e+01
5.222864e+14 2.138373e-26 1.116843e-11 1.471791e+01 -1.095201e+01
5.213781e+14 2.141615e-26 1.116591e-11 1.471715e+01 -1.095211e+01
5.204729e+14 2.115227e-26 1.100918e-11 1.471640e+01 -1.095824e+01
5.195709e+14 2.112177e-26 1.097426e-11 1.471564e+01 -1.095962e+01
5.186720e+14 2.087342e-26 1.082646e-11 1.471489e+01 -1.096551e+01
5.177762e+14 2.125776e-26 1.100676e-11 1.471414e+01 -1.095834e+01
5.168834e+14 2.179022e-26 1.126300e-11 1.471339e+01 -1.094835e+01
5.159938e+14 2.158565e-26 1.113806e-11 1.471264e+01 -1.095319e+01
5.151072e+14 2.211352e-26 1.139083e-11 1.471190e+01 -1.094344e+01
5.142237e+14 2.229792e-26 1.146612e-11 1.471115e+01 -1.094058e+01
5.133432e+14 2.204832e-26 1.131836e-11 1.471041e+01 -1.094622e+01
5.124656e+14 2.216753e-26 1.136010e-11 1.470966e+01 -1.094462e+01
5.115911e+14 2.140488e-26 1.095055e-11 1.470892e+01 -1.096056e+01
5.107196e+14 2.098152e-26 1.071567e-11 1.470818e+01 -1.096998e+01
5.098510e+14 2.035431e-26 1.037767e-11 1.470744e+01 -1.098390e+01
5.089854e+14 2.057622e-26 1.047299e-11 1.470671e+01 -1.097993e+01
5.081227e+14 2.029772e-26 1.031373e-11 1.470597e+01 -1.098658e+01
5.072629e+14 2.074291e-26 1.052211e-11 1.470523e+01 -1.097790e+01
5.064061e+14 2.160637e-26 1.094160e-11 1.470450e+01 -1.096092e+01
5.055521e+14 2.154939e-26 1.089434e-11 1.470377e+01 -1.096280e+01
5.047010e+14 2.215302e-26 1.118065e-11 1.470303e+01 -1.095153e+01
5.038528e+14 2.192071e-26 1.104481e-11 1.470230e+01 -1.095684e+01
5.030074e+14 2.224130e-26 1.118754e-11 1.470157e+01 -1.095127e+01
5.021648e+14 2.226146e-26 1.117892e-11 1.470085e+01 -1.095160e+01
5.013251e+14 2.262565e-26 1.134281e-11 1.470012e+01 -1.094528e+01
5.004881e+14 2.260302e-26 1.131254e-11 1.469939e+01 -1.094644e+01
4.996540e+14 2.245363e-26 1.121904e-11 1.469867e+01 -1.095004e+01
4.988226e+14 2.242491e-26 1.118605e-11 1.469795e+01 -1.095132e+01
4.979940e+14 2.298018e-26 1.144399e-11 1.469722e+01 -1.094142e+01
4.971682e+14 2.308440e-26 1.147683e-11 1.469650e+01 -1.094018e+01
4.963450e+14 2.325872e-26 1.154435e-11 1.469578e+01 -1.093763e+01
4.955246e+14 2.356916e-26 1.167910e-11 1.469507e+01 -1.093259e+01
4.947069e+14 2.353007e-26 1.164049e-11 1.469435e+01 -1.093403e+01
4.938919e+14 2.391317e-26 1.181052e-11 1.469363e+01 -1.092773e+01
4.930796e+14 2.389775e-26 1.178349e-11 1.469292e+01 -1.092873e+01
4.922700e+14 2.371633e-26 1.167484e-11 1.469220e+01 -1.093275e+01
4.914630e+14 2.363771e-26 1.161706e-11 1.469149e+01 -1.093490e+01
4.906586e+14 2.384856e-26 1.170150e-11 1.469078e+01 -1.093176e+01
4.898569e+14 2.363775e-26 1.157911e-11 1.469007e+01 -1.093632e+01
4.890577e+14 2.366475e-26 1.157343e-11 1.468936e+01 -1.093654e+01
4.882612e+14 2.362185e-26 1.153363e-11 1.468865e+01 -1.093803e+01
4.874673e+14 2.352282e-26 1.146661e-11 1.468795e+01 -1.094057e+01
4.866760e+14 2.284701e-26 1.111909e-11 1.468724e+01 -1.095393e+01
4.858872e+14 2.266883e-26 1.101450e-11 1.468654e+01 -1.095804e+01
4.851010e+14 2.270341e-26 1.101345e-11 1.468583e+01 -1.095808e+01
4.843173e+14 2.276229e-26 1.102417e-11 1.468513e+01 -1.095765e+01
4.835361e+14 2.327212e-26 1.125291e-11 1.468443e+01 -1.094874e+01
4.827575e+14 2.310385e-26 1.115356e-11 1.468373e+01 -1.095259e+01
4.819814e+14 2.252715e-26 1.085766e-11 1.468303e+01 -1.096426e+01
4.812077e+14 2.248581e-26 1.082035e-11 1.468233e+01 -1.096576e+01
4.804365e+14 2.255805e-26 1.083771e-11 1.468164e+01 -1.096506e+01
4.796678e+14 2.269018e-26 1.088375e-11 1.468094e+01 -1.096322e+01
4.789016e+14 2.253800e-26 1.079348e-11 1.468025e+01 -1.096684e+01
4.781378e+14 2.318903e-26 1.108755e-11 1.467955e+01 -1.095516e+01
4.773764e+14 2.355473e-26 1.124447e-11 1.467886e+01 -1.094906e+01
4.766175e+14 2.380133e-26 1.134413e-11 1.467817e+01 -1.094523e+01
4.758610e+14 2.412758e-26 1.148137e-11 1.467748e+01 -1.094001e+01
4.751068e+14 2.435654e-26 1.157196e-11 1.467679e+01 -1.093659e+01
4.743551e+14 2.433449e-26 1.154319e-11 1.467610e+01 -1.093767e+01
4.736057e+14 2.448820e-26 1.159775e-11 1.467542e+01 -1.093563e+01
4.728587e+14 2.460407e-26 1.163425e-11 1.467473e+01 -1.093426e+01
4.721140e+14 2.485398e-26 1.173391e-11 1.467405e+01 -1.093056e+01
4.713717e+14 2.515669e-26 1.185815e-11 1.467336e+01 -1.092598e+01
4.706317e+14 2.534710e-26 1.192915e-11 1.467268e+01 -1.092339e+01
4.698940e+14 2.575891e-26 1.210396e-11 1.467200e+01 -1.091707e+01
4.691587e+14 2.541019e-26 1.192141e-11 1.467132e+01 -1.092367e+01
4.684256e+14 2.566475e-26 1.202203e-11 1.467064e+01 -1.092002e+01
4.676949e+14 2.581836e-26 1.207512e-11 1.466996e+01 -1.091811e+01
4.669664e+14 2.575183e-26 1.202524e-11 1.466929e+01 -1.091991e+01
4.662401e+14 2.598236e-26 1.211402e-11 1.466861e+01 -1.091671e+01
4.655161e+14 2.634352e-26 1.226333e-11 1.466793e+01 -1.091139e+01
4.647944e+14 2.631400e-26 1.223060e-11 1.466726e+01 -1.091255e+01
4.640749e+14 2.642226e-26 1.226191e-11 1.466659e+01 -1.091144e+01
4.633577e+14 2.657885e-26 1.231551e-11 1.466592e+01 -1.090955e+01
4.626426e+14 2.665572e-26 1.233207e-11 1.466525e+01 -1.090896e+01
4.619297e+14 2.627349e-26 1.213651e-11 1.466458e+01 -1.091591e+01
4.612191e+14 2.646496e-26 1.220614e-11 1.466391e+01 -1.091342e+01
4.605106e+14 2.720842e-26 1.252977e-11 1.466324e+01 -1.090206e+01
4.598043e+14 2.737338e-26 1.258640e-11 1.466257e+01 -1.090010e+01
4.591002e+14 2.772927e-26 1.273051e-11 1.466191e+01 -1.089515e+01
4.583982e+14 2.765065e-26 1.267501e-11 1.466124e+01 -1.089705e+01
4.576983e+14 2.716361e-26 1.243274e-11 1.466058e+01 -1.090543e+01
4.570006e+14 2.627813e-26 1.200912e-11 1.465992e+01 -1.092049e+01
4.563050e+14 2.674083e-26 1.220197e-11 1.465926e+01 -1.091357e+01
4.556116e+14 2.709005e-26 1.234254e-11 1.465859e+01 -1.090860e+01
4.549202e+14 2.699248e-26 1.227943e-11 1.465794e+01 -1.091082e+01
4.542309e+14 2.741328e-26 1.245196e-11 1.465728e+01 -1.090476e+01
4.535437e+14 2.761898e-26 1.252641e-11 1.465662e+01 -1.090217e+01
4.528586e+14 2.732541e-26 1.237455e-11 1.465596e+01 -1.090747e+01
4.521756e+14 2.687276e-26 1.215121e-11 1.465531e+01 -1.091538e+01
4.514946e+14 2.751045e-26 1.242082e-11 1.465465e+01 -1.090585e+01
4.508156e+14 2.709152e-26 1.221328e-11 1.465400e+01 -1.091317e+01
4.501387e+14 2.703167e-26 1.216800e-11 1.465335e+01 -1.091478e+01
4.494639e+14 2.696258e-26 1.211870e-11 1.465269e+01 -1.091654e+01
4.487910e+14 2.678460e-26 1.202069e-11 1.465204e+01 -1.092007e+01
4.481202e+14 2.721868e-26 1.219724e-11 1.465139e+01 -1.091374e+01
4.474513e+14 2.700247e-26 1.208229e-11 1.465075e+01 -1.091785e+01
4.467845e+14 2.705443e-26 1.208750e-11 1.465010e+01 -1.091766e+01
4.461196e+14 2.689616e-26 1.199891e-11 1.464945e+01 -1.092086e+01
4.454568e+14 2.721883e-26 1.212481e-11 1.464881e+01 -1.091632e+01
4.447958e+14 2.723606e-26 1.211449e-11 1.464816e+01 -1.091669e+01
4.441369e+14 2.735180e-26 1.214794e-11 1.464752e+01 -1.091550e+01
4.434799e+14 2.740960e-26 1.215560e-11 1.464687e+01 -1.091522e+01
4.428248e+14 2.799042e-26 1.239485e-11 1.464623e+01 -1.090676e+01
4.421717e+14 2.794422e-26 1.235614e-11 1.464559e+01 -1.090812e+01
4.415205e+14 2.767105e-26 1.221734e-11 1.464495e+01 -1.091302e+01
4.408712e+14 2.775262e-26 1.223533e-11 1.464431e+01 -1.091238e+01
4.402238e+14 2.807675e-26 1.236005e-11 1.464367e+01 -1.090798e+01
4.395783e+14 2.848546e-26 1.252159e-11 1.464304e+01 -1.090234e+01
4.389347e+14 2.836682e-26 1.245118e-11 1.464240e+01 -1.090479e+01
4.382930e+14 2.887649e-26 1.265636e-11 1.464176e+01 -1.089769e+01
4.376531e+14 2.853918e-26 1.249026e-11 1.464113e+01 -1.090343e+01
4.370152e+14 2.782449e-26 1.215973e-11 1.464050e+01 -1.091508e+01
4.363790e+14 2.825472e-26 1.232977e-11 1.463986e+01 -1.090905e+01
4.357448e+14 2.846982e-26 1.240557e-11 1.463923e+01 -1.090638e+01
4.351123e+14 2.850421e-26 1.240253e-11 1.463860e+01 -1.090649e+01
4.344817e+14 2.924872e-26 1.270804e-11 1.463797e+01 -1.089592e+01
4.338530e+14 2.883432e-26 1.250986e-11 1.463734e+01 -1.090275e+01
4.332260e+14 2.893310e-26 1.253457e-11 1.463671e+01 -1.090189e+01
4.326009e+14 2.926479e-26 1.265997e-11 1.463609e+01 -1.089757e+01
4.319775e+14 2.953355e-26 1.275783e-11 1.463546e+01 -1.089422e+01
4.313560e+14 2.950170e-26 1.272573e-11 1.463484e+01 -1.089532e+01
4.307362e+14 2.986770e-26 1.286510e-11 1.463421e+01 -1.089059e+01
4.301182e+14 2.976466e-26 1.280232e-11 1.463359e+01 -1.089271e+01
4.295020e+14 2.928791e-26 1.257922e-11 1.463297e+01 -1.090035e+01
4.288876e+14 2.929713e-26 1.256517e-11 1.463234e+01 -1.090083e+01
4.282749e+14 3.004018e-26 1.286545e-11 1.463172e+01 -1.089057e+01
4.276639e+14 3.009787e-26 1.287177e-11 1.463110e+01 -1.089036e+01
4.270547e+14 2.988847e-26 1.276401e-11 1.463048e+01 -1.089401e+01
4.264472e+14 3.085276e-26 1.315707e-11 1.462987e+01 -1.088084e+01
4.258415e+14 3.095639e-26 1.318252e-11 1.462925e+01 -1.088000e+01
4.252374e+14 3.129473e-26 1.330769e-11 1.462863e+01 -1.087590e+01
4.246351e+14 2.992180e-26 1.270585e-11 1.462802e+01 -1.089600e+01
4.240345e+14 2.985048e-26 1.265763e-11 1.462740e+01 -1.089765e+01
4.234356e+14 3.051022e-26 1.291911e-11 1.462679e+01 -1.088877e+01
4.228384e+14 2.955490e-26 1.249695e-11 1.462617e+01 -1.090320e+01
4.222428e+14 2.945835e-26 1.243858e-11 1.462556e+01 -1.090523e+01
4.216489e+14 2.982501e-26 1.257568e-11 1.462495e+01 -1.090047e+01
4.210567e+14 2.976029e-26 1.253077e-11 1.462434e+01 -1.090202e+01
4.204662e+14 2.870957e-26 1.207140e-11 1.462373e+01 -1.091824e+01
4.198773e+14 2.814662e-26 1.181813e-11 1.462312e+01 -1.092745e+01
4.192901e+14 2.876982e-26 1.206290e-11 1.462251e+01 -1.091855e+01
4.187045e+14 3.000084e-26 1.256148e-11 1.462191e+01 -1.090096e+01
4.181205e+14 2.964878e-26 1.239676e-11 1.462130e+01 -1.090669e+01
4.175382e+14 2.967895e-26 1.239210e-11 1.462070e+01 -1.090686e+01
4.169574e+14 2.924753e-26 1.219497e-11 1.462009e+01 -1.091382e+01
4.163783e+14 2.924962e-26 1.217891e-11 1.461949e+01 -1.091439e+01
4.158008e+14 2.926795e-26 1.216964e-11 1.461889e+01 -1.091472e+01
4.152249e+14 3.014350e-26 1.251633e-11 1.461828e+01 -1.090252e+01
4.146506e+14 3.029037e-26 1.255992e-11 1.461768e+01 -1.090101e+01
4.140779e+14 3.057808e-26 1.266171e-11 1.461708e+01 -1.089751e+01
4.135068e+14 2.978126e-26 1.231475e-11 1.461648e+01 -1.090957e+01
4.129372e+14 3.030704e-26 1.251491e-11 1.461588e+01 -1.090257e+01
4.123692e+14 3.093984e-26 1.275864e-11 1.461529e+01 -1.089420e+01
4.118027e+14 3.055197e-26 1.258138e-11 1.461469e+01 -1.090027e+01
4.112379e+14 3.113402e-26 1.280349e-11 1.461409e+01 -1.089267e+01
4.106745e+14 3.119232e-26 1.280989e-11 1.461350e+01 -1.089245e+01
4.101127e+14 3.201030e-26 1.312783e-11 1.461290e+01 -1.088181e+01
4.095525e+14 3.180415e-26 1.302547e-11 1.461231e+01 -1.088521e+01
4.089937e+14 3.235697e-26 1.323380e-11 1.461172e+01 -1.087832e+01
4.084365e+14 3.234227e-26 1.320976e-11 1.461112e+01 -1.087910e+01
4.078808e+14 3.187594e-26 1.300159e-11 1.461053e+01 -1.088600e+01
4.073266e+14 3.206635e-26 1.306148e-11 1.460994e+01 -1.088401e+01
4.067739e+14 3.242365e-26 1.318910e-11 1.460935e+01 -1.087978e+01
4.062228e+14 3.326520e-26 1.351308e-11 1.460876e+01 -1.086925e+01
4.056731e+14 3.310472e-26 1.342970e-11 1.460818e+01 -1.087193e+01
4.051249e+14 3.341083e-26 1.353556e-11 1.460759e+01 -1.086852e+01
4.045781e+14 3.372524e-26 1.364449e-11 1.460700e+01 -1.086504e+01
4.040329e+14 3.497817e-26 1.413233e-11 1.460642e+01 -1.084979e+01
4.034891e+14 3.444603e-26 1.389860e-11 1.460583e+01 -1.085703e+01
4.029468e+14 3.404827e-26 1.371964e-11 1.460525e+01 -1.086266e+01
4.024059e+14 3.443002e-26 1.385484e-11 1.460466e+01 -1.085840e+01
4.018665e+14 3.387322e-26 1.361251e-11 1.460408e+01 -1.086606e+01
4.013285e+14 3.497445e-26 1.403624e-11 1.460350e+01 -1.085275e+01
4.007920e+14 3.557111e-26 1.425661e-11 1.460292e+01 -1.084598e+01
4.002569e+14 3.500818e-26 1.401226e-11 1.460234e+01 -1.085349e+01
3.997232e+14 3.505869e-26 1.401377e-11 1.460176e+01 -1.085344e+01
3.991909e+14 3.613748e-26 1.442575e-11 1.460118e+01 -1.084086e+01
3.986601e+14 3.608957e-26 1.438747e-11 1.460060e+01 -1.084202e+01
3.981307e+14 3.541202e-26 1.409861e-11 1.460003e+01 -1.085082e+01
3.976027e+14 3.646302e-26 1.449779e-11 1.459945e+01 -1.083870e+01
3.970760e+14 3.674151e-26 1.458917e-11 1.459887e+01 -1.083597e+01
3.965508e+14 3.694822e-26 1.465184e-11 1.459830e+01 -1.083411e+01
3.960269e+14 3.650897e-26 1.445854e-11 1.459772e+01 -1.083988e+01
3.955045e+14 3.483254e-26 1.377643e-11 1.459715e+01 -1.086086e+01
3.949834e+14 3.330849e-26 1.315630e-11 1.459658e+01 -1.088087e+01
3.944637e+14 3.167660e-26 1.249527e-11 1.459601e+01 -1.090325e+01
3.939453e+14 3.273475e-26 1.289570e-11 1.459544e+01 -1.088956e+01
3.934283e+14 3.517152e-26 1.383747e-11 1.459487e+01 -1.085894e+01
3.929127e+14 3.411701e-26 1.340501e-11 1.459430e+01 -1.087273e+01
3.923984e+14 3.425116e-26 1.344010e-11 1.459373e+01 -1.087160e+01
3.918855e+14 3.491173e-26 1.368140e-11 1.459316e+01 -1.086387e+01
3.913739e+14 3.394067e-26 1.328349e-11 1.459259e+01 -1.087669e+01
3.908636e+14 3.405935e-26 1.331256e-11 1.459203e+01 -1.087574e+01
3.903547e+14 3.348263e-26 1.307010e-11 1.459146e+01 -1.088372e+01
3.898471e+14 3.350578e-26 1.306213e-11 1.459089e+01 -1.088399e+01
3.893408e+14 3.376686e-26 1.314682e-11 1.459033e+01 -1.088118e+01
3.888358e+14 3.416160e-26 1.328325e-11 1.458977e+01 -1.087670e+01
3.883321e+14 3.461885e-26 1.344361e-11 1.458920e+01 -1.087148e+01
3.878298e+14 3.513145e-26 1.362502e-11 1.458864e+01 -1.086566e+01
3.873287e+14 3.574948e-26 1.384680e-11 1.458808e+01 -1.085865e+01
3.868289e+14 3.496118e-26 1.352400e-11 1.458752e+01 -1.086889e+01
3.863304e+14 3.550448e-26 1.371646e-11 1.458696e+01 -1.086276e+01
3.858332e+14 3.601944e-26 1.389750e-11 1.458640e+01 -1.085706e+01
3.853373e+14 3.509345e-26 1.352281e-11 1.458584e+01 -1.086893e+01
3.848426e+14 3.620898e-26 1.393476e-11 1.458528e+01 -1.085590e+01
3.843492e+14 3.630976e-26 1.395563e-11 1.458473e+01 -1.085525e+01
3.838571e+14 3.644570e-26 1.398994e-11 1.458417e+01 -1.085418e+01
3.833662e+14 3.590749e-26 1.376572e-11 1.458361e+01 -1.086120e+01
3.828766e+14 3.539744e-26 1.355285e-11 1.458306e+01 -1.086797e+01
3.823883e+14 3.506077e-26 1.340683e-11 1.458250e+01 -1.087267e+01
3.819011e+14 3.536242e-26 1.350495e-11 1.458195e+01 -1.086951e+01
3.814153e+14 3.517292e-26 1.341549e-11 1.458140e+01 -1.087239e+01
3.809306e+14 3.641552e-26 1.387179e-11 1.458085e+01 -1.085787e+01
3.804472e+14 3.549071e-26 1.350234e-11 1.458029e+01 -1.086959e+01
3.799650e+14 3.597376e-26 1.366877e-11 1.457974e+01 -1.086427e+01
3.794841e+14 3.436600e-26 1.304135e-11 1.457919e+01 -1.088468e+01
3.790043e+14 3.470836e-26 1.315462e-11 1.457864e+01 -1.088092e+01
3.785258e+14 3.478817e-26 1.316822e-11 1.457810e+01 -1.088047e+01
3.780484e+14 3.590243e-26 1.357286e-11 1.457755e+01 -1.086733e+01
3.775723e+14 3.449383e-26 1.302392e-11 1.457700e+01 -1.088526e+01
3.770974e+14 3.499178e-26 1.319531e-11 1.457645e+01 -1.087958e+01
3.766236e+14 3.603725e-26 1.357248e-11 1.457591e+01 -1.086734e+01
3.761511e+14 3.678391e-26 1.383631e-11 1.457536e+01 -1.085898e+01
3.756797e+14 3.625917e-26 1.362183e-11 1.457482e+01 -1.086576e+01
3.752095e+14 3.591867e-26 1.347703e-11 1.457427e+01 -1.087041e+01
3.747405e+14 3.663292e-26 1.372784e-11 1.457373e+01 -1.086240e+01
3.742727e+14 3.714179e-26 1.390116e-11 1.457319e+01 -1.085695e+01
3.738060e+14 3.702955e-26 1.384187e-11 1.457265e+01 -1.085881e+01
3.733405e+14 3.686707e-26 1.376397e-11 1.457211e+01 -1.086126e+01
3.728761e+14 3.708671e-26 1.382875e-11 1.457156e+01 -1.085922e+01
3.724129e+14 3.608005e-26 1.343668e-11 1.457102e+01 -1.087171e+01
3.719509e+14 3.778502e-26 1.405417e-11 1.457049e+01 -1.085219e+01
3.714900e+14 3.747609e-26 1.392199e-11 1.456995e+01 -1.085630e+01
3.710302e+14 3.751076e-26 1.391762e-11 1.456941e+01 -1.085643e+01
3.705716e+14 3.779978e-26 1.400752e-11 1.456887e+01 -1.085364e+01
3.701141e+14 3.719055e-26 1.376475e-11 1.456834e+01 -1.086123e+01
3.696577e+14 3.783175e-26 1.398480e-11 1.456780e+01 -1.085434e+01
3.692025e+14 3.804701e-26 1.404705e-11 1.456726e+01 -1.085241e+01
3.687483e+14 3.836412e-26 1.414671e-11 1.456673e+01 -1.084934e+01
3.682953e+14 3.937947e-26 1.450327e-11 1.456620e+01 -1.083853e+01
3.678434e+14 3.851500e-26 1.416749e-11 1.456566e+01 -1.084871e+01
3.673926e+14 3.921238e-26 1.440634e-11 1.456513e+01 -1.084145e+01
3.669430e+14 3.869149e-26 1.419757e-11 1.456460e+01 -1.084779e+01
3.664944e+14 3.891424e-26 1.426185e-11 1.456407e+01 -1.084582e+01
3.660469e+14 4.073284e-26 1.491013e-11 1.456354e+01 -1.082652e+01
3.656005e+14 4.008646e-26 1.465563e-11 1.456301e+01 -1.083400e+01
3.651552e+14 3.923028e-26 1.432514e-11 1.456248e+01 -1.084390e+01
3.647109e+14 3.973515e-26 1.449184e-11 1.456195e+01 -1.083888e+01
3.642678e+14 3.930506e-26 1.431757e-11 1.456142e+01 -1.084413e+01
3.638257e+14 4.007159e-26 1.457908e-11 1.456089e+01 -1.083627e+01
3.633847e+14 4.033381e-26 1.465669e-11 1.456037e+01 -1.083396e+01
3.629448e+14 4.034900e-26 1.464446e-11 1.455984e+01 -1.083433e+01
3.625059e+14 4.077378e-26 1.478074e-11 1.455932e+01 -1.083030e+01
3.620681e+14 4.166796e-26 1.508664e-11 1.455879e+01 -1.082141e+01
3.616314e+14 3.899080e-26 1.410030e-11 1.455827e+01 -1.085077e+01
3.611957e+14 3.936163e-26 1.421725e-11 1.455774e+01 -1.084718e+01
3.607610e+14 3.846594e-26 1.387701e-11 1.455722e+01 -1.085770e+01
3.603274e+14 3.854533e-26 1.388894e-11 1.455670e+01 -1.085733e+01
3.598948e+14 4.073938e-26 1.466189e-11 1.455618e+01 -1.083381e+01
3.594633e+14 3.840271e-26 1.380437e-11 1.455565e+01 -1.085998e+01
3.590328e+14 3.983285e-26 1.430130e-11 1.455513e+01 -1.084462e+01
3.586033e+14 3.938471e-26 1.412349e-11 1.455461e+01 -1.085006e+01
3.581749e+14 4.114944e-26 1.473870e-11 1.455410e+01 -1.083154e+01
3.577475e+14 3.896449e-26 1.393945e-11 1.455358e+01 -1.085575e+01
3.573211e+14 3.833948e-26 1.369951e-11 1.455306e+01 -1.086330e+01
3.568957e+14 3.986146e-26 1.422639e-11 1.455254e+01 -1.084691e+01
3.564713e+14 4.034873e-26 1.438317e-11 1.455202e+01 -1.084215e+01
3.560480e+14 3.969895e-26 1.413473e-11 1.455151e+01 -1.084971e+01
3.556256e+14 4.032793e-26 1.434164e-11 1.455099e+01 -1.084340e+01
3.552043e+14 4.012846e-26 1.425380e-11 1.455048e+01 -1.084607e+01
3.547839e+14 3.975928e-26 1.410595e-11 1.454996e+01 -1.085060e+01
3.543645e+14 3.900016e-26 1.382027e-11 1.454945e+01 -1.085948e+01
3.539462e+14 3.879511e-26 1.373138e-11 1.454894e+01 -1.086229e+01
3.535288e+14 4.023465e-26 1.422411e-11 1.454842e+01 -1.084697e+01
3.531124e+14 3.916695e-26 1.383034e-11 1.454791e+01 -1.085917e+01
3.526969e+14 3.704826e-26 1.306681e-11 1.454740e+01 -1.088383e+01
3.522825e+14 3.819742e-26 1.345628e-11 1.454689e+01 -1.087107e+01
3.518690e+14 3.884260e-26 1.366751e-11 1.454638e+01 -1.086431e+01
3.514565e+14 3.925392e-26 1.379605e-11 1.454587e+01 -1.086025e+01
3.510450e+14 3.661197e-26 1.285245e-11 1.454536e+01 -1.089101e+01
3.506344e+14 3.989495e-26 1.398854e-11 1.454485e+01 -1.085423e+01
3.502248e+14 3.986219e-26 1.396073e-11 1.454435e+01 -1.085509e+01
3.498161e+14 4.123370e-26 1.442421e-11 1.454384e+01 -1.084091e+01
3.494084e+14 4.087003e-26 1.428033e-11 1.454333e+01 -1.084526e+01
3.490016e+14 4.167100e-26 1.454325e-11 1.454283e+01 -1.083734e+01
3.485958e+14 4.066942e-26 1.417719e-11 1.454232e+01 -1.084841e+01
3.481909e+14 4.072151e-26 1.417886e-11 1.454182e+01 -1.084836e+01
3.477870e+14 4.195310e-26 1.459074e-11 1.454131e+01 -1.083592e+01
3.473840e+14 4.082545e-26 1.418211e-11 1.454081e+01 -1.084826e+01
3.469819e+14 4.119139e-26 1.429267e-11 1.454031e+01 -1.084489e+01
3.465808e+14 4.091472e-26 1.418026e-11 1.453980e+01 -1.084832e+01
3.461806e+14 3.853743e-26 1.334091e-11 1.453930e+01 -1.087481e+01
3.457813e+14 4.071596e-26 1.407882e-11 1.453880e+01 -1.085143e+01
3.453829e+14 4.170817e-26 1.440529e-11 1.453830e+01 -1.084148e+01
3.449855e+14 4.091846e-26 1.411628e-11 1.453780e+01 -1.085028e+01
3.445890e+14 4.312630e-26 1.486085e-11 1.453730e+01 -1.082796e+01
3.441933e+14 4.357858e-26 1.499946e-11 1.453680e+01 -1.082392e+01
3.437986e+14 4.398411e-26 1.512168e-11 1.453630e+01 -1.082040e+01
3.434048e+14 4.447376e-26 1.527250e-11 1.453581e+01 -1.081609e+01
3.430119e+14 4.451240e-26 1.526828e-11 1.453531e+01 -1.081621e+01
3.426199e+14 4.384308e-26 1.502151e-11 1.453481e+01 -1.082329e+01
3.422288e+14 4.360578e-26 1.492315e-11 1.453432e+01 -1.082614e+01
3.418385e+14 4.374952e-26 1.495527e-11 1.453382e+01 -1.082521e+01
3.414492e+14 4.383461e-26 1.496729e-11 1.453333e+01 -1.082486e+01
3.338445e+14 4.493924e-26 1.500272e-11 1.452354e+01 -1.082383e+01
3.265712e+14 4.723729e-26 1.542634e-11 1.451398e+01 -1.081174e+01
3.196081e+14 4.774734e-26 1.526044e-11 1.450462e+01 -1.081643e+01
3.129357e+14 4.998072e-26 1.564075e-11 1.449546e+01 -1.080574e+01
3.065362e+14 5.132103e-26 1.573175e-11 1.448648e+01 -1.080322e+01
3.003932e+14 5.261601e-26 1.580549e-11 1.447769e+01 -1.080119e+01
2.944916e+14 5.448833e-26 1.604635e-11 1.446907e+01 -1.079462e+01
2.888173e+14 5.570240e-26 1.608782e-11 1.446062e+01 -1.079350e+01
2.833577e+14 5.690619e-26 1.612480e-11 1.445233e+01 -1.079251e+01
2.781006e+14 5.852232e-26 1.627509e-11 1.444420e+01 -1.078848e+01
2.730350e+14 5.875398e-26 1.604189e-11 1.443622e+01 -1.079474e+01
2.681506e+14 5.939182e-26 1.592595e-11 1.442838e+01 -1.079789e+01
2.634380e+14 6.034682e-26 1.589764e-11 1.442068e+01 -1.079867e+01
2.588881e+14 6.118713e-26 1.584062e-11 1.441311e+01 -1.080023e+01
2.544927e+14 6.195647e-26 1.576747e-11 1.440568e+01 -1.080224e+01
2.502441e+14 6.244024e-26 1.562530e-11 1.439836e+01 -1.080617e+01
2.461350e+14 6.398443e-26 1.574881e-11 1.439117e+01 -1.080275e+01
2.421586e+14 6.451025e-26 1.562172e-11 1.438410e+01 -1.080627e+01
2.383087e+14 6.441190e-26 1.534992e-11 1.437714e+01 -1.081389e+01
2.345793e+14 6.503926e-26 1.525687e-11 1.437029e+01 -1.081653e+01
2.309649e+14 6.644637e-26 1.534678e-11 1.436355e+01 -1.081398e+01
2.274601e+14 6.812217e-26 1.549508e-11 1.435691e+01 -1.080981e+01
2.240601e+14 6.871011e-26 1.539519e-11 1.435036e+01 -1.081261e+01
2.207602e+14 6.806362e-26 1.502574e-11 1.434392e+01 -1.082316e+01
2.175562e+14 6.945367e-26 1.511007e-11 1.433757e+01 -1.082073e+01
2.144438e+14 6.906709e-26 1.481101e-11 1.433131e+01 -1.082942e+01
2.114192e+14 6.841662e-26 1.446459e-11 1.432514e+01 -1.083969e+01
2.084787e+14 6.979329e-26 1.455041e-11 1.431906e+01 -1.083712e+01
2.056189e+14 7.046067e-26 1.448805e-11 1.431306e+01 -1.083899e+01
2.028365e+14 7.281090e-26 1.476871e-11 1.430715e+01 -1.083066e+01
2.001284e+14 7.402220e-26 1.481395e-11 1.430131e+01 -1.082933e+01
1.974917e+14 7.746638e-26 1.529897e-11 1.429555e+01 -1.081534e+01
1.949235e+14 7.778681e-26 1.516248e-11 1.428986e+01 -1.081923e+01
1.924213e+14 7.904925e-26 1.521076e-11 1.428425e+01 -1.081785e+01
1.899825e+14 8.129816e-26 1.544523e-11 1.427871e+01 -1.081121e+01
1.876048e+14 8.431627e-26 1.581813e-11 1.427324e+01 -1.080084e+01
1.852858e+14 8.432033e-26 1.562336e-11 1.426784e+01 -1.080623e+01
1.830234e+14 8.349271e-26 1.528112e-11 1.426251e+01 -1.081584e+01
1.808157e+14 8.549147e-26 1.545820e-11 1.425724e+01 -1.081084e+01
1.786605e+14 8.718945e-26 1.557732e-11 1.425203e+01 -1.080751e+01
1.765562e+14 8.622888e-26 1.522424e-11 1.424688e+01 -1.081746e+01
1.745008e+14 8.567535e-26 1.495042e-11 1.424180e+01 -1.082535e+01
1.724928e+14 8.436936e-26 1.455310e-11 1.423677e+01 -1.083704e+01
1.705304e+14 8.291353e-26 1.413928e-11 1.423180e+01 -1.084957e+01
1.686121e+14 8.158606e-26 1.375640e-11 1.422689e+01 -1.086150e+01
1.667366e+14 7.867078e-26 1.311730e-11 1.422203e+01 -1.088216e+01
1.649023e+14 7.960890e-26 1.312769e-11 1.421723e+01 -1.088181e+01
1.631079e+14 7.704100e-26 1.256600e-11 1.421248e+01 -1.090080e+01
1.613522e+14 7.608565e-26 1.227659e-11 1.420777e+01 -1.091092e+01
1.596339e+14 7.550641e-26 1.205338e-11 1.420313e+01 -1.091889e+01
1.579517e+14 7.487243e-26 1.182623e-11 1.419852e+01 -1.092715e+01
1.563047e+14 7.287027e-26 1.138997e-11 1.419397e+01 -1.094348e+01
1.546916e+14 7.166815e-26 1.108646e-11 1.418947e+01 -1.095521e+01
1.531115e+14 7.093078e-26 1.086032e-11 1.418501e+01 -1.096416e+01
1.515634e+14 6.964339e-26 1.055539e-11 1.418059e+01 -1.097653e+01
1.500462e+14 6.864104e-26 1.029933e-11 1.417623e+01 -1.098719e+01
1.485592e+14 6.890570e-26 1.023657e-11 1.417190e+01 -1.098985e+01
1.471013e+14 6.749788e-26 9.929024e-12 1.416762e+01 -1.100309e+01
1.456717e+14 6.739804e-26 9.817988e-12 1.416338e+01 -1.100798e+01
1.442697e+14 6.554845e-26 9.456654e-12 1.415918e+01 -1.102426e+01
1.428944e+14 6.614279e-26 9.451432e-12 1.415502e+01 -1.102450e+01
1.415450e+14 6.566527e-26 9.294593e-12 1.415089e+01 -1.103177e+01
1.402210e+14 6.472557e-26 9.075881e-12 1.414681e+01 -1.104211e+01
1.389214e+14 6.398263e-26 8.888557e-12 1.414277e+01 -1.105117e+01
1.376457e+14 6.369217e-26 8.766955e-12 1.413876e+01 -1.105715e+01
1.363933e+14 6.298841e-26 8.591195e-12 1.413479e+01 -1.106595e+01
1.351634e+14 6.238351e-26 8.431967e-12 1.413086e+01 -1.107407e+01
1.339555e+14 6.134222e-26 8.217127e-12 1.412696e+01 -1.108528e+01
1.327690e+14 6.104574e-26 8.104982e-12 1.412310e+01 -1.109125e+01
1.316033e+14 6.047774e-26 7.959073e-12 1.411927e+01 -1.109914e+01
1.304580e+14 5.504650e-26 7.181255e-12 1.411547e+01 -1.114380e+01
1.293324e+14 5.296004e-26 6.849446e-12 1.411171e+01 -1.116434e+01
1.282260e+14 5.164748e-26 6.622550e-12 1.410798e+01 -1.117897e+01
1.271384e+14 4.849373e-26 6.165417e-12 1.410428e+01 -1.121004e+01
1.260691e+14 4.762538e-26 6.004090e-12 1.410061e+01 -1.122155e+01
1.250177e+14 4.795325e-26 5.995004e-12 1.409697e+01 -1.122221e+01
1.239836e+14 4.473071e-26 5.545875e-12 1.409336e+01 -1.125603e+01
1.229665e+14 4.460215e-26 5.484572e-12 1.408979e+01 -1.126086e+01
1.219660e+14 4.341098e-26 5.294663e-12 1.408624e+01 -1.127616e+01
1.209816e+14 4.333733e-26 5.243020e-12 1.408272e+01 -1.128042e+01
1.200130e+14 4.213013e-26 5.056162e-12 1.407923e+01 -1.129618e+01
1.190597e+14 4.462646e-26 5.313215e-12 1.407576e+01 -1.127464e+01
1.181215e+14 4.353124e-26 5.141976e-12 1.407233e+01 -1.128887e+01
1.171980e+14 4.221760e-26 4.947817e-12 1.406892e+01 -1.130559e+01
1.162888e+14 4.066006e-26 4.728307e-12 1.406554e+01 -1.132529e+01
1.153935e+14 4.224008e-26 4.874233e-12 1.406218e+01 -1.131209e+01
1.145120e+14 4.239479e-26 4.854712e-12 1.405885e+01 -1.131384e+01
1.136438e+14 4.291634e-26 4.877177e-12 1.405555e+01 -1.131183e+01
1.127887e+14 4.164173e-26 4.696718e-12 1.405227e+01 -1.132821e+01
1.119464e+14 4.105910e-26 4.596417e-12 1.404901e+01 -1.133758e+01
1.111165e+14 4.038452e-26 4.487388e-12 1.404578e+01 -1.134801e+01
1.102989e+14 3.962902e-26 4.371037e-12 1.404257e+01 -1.135942e+01
1.094932e+14 3.979378e-26 4.357149e-12 1.403939e+01 -1.136080e+01
1.086992e+14 4.094466e-26 4.450652e-12 1.403623e+01 -1.135158e+01
1.079166e+14 3.961195e-26 4.274788e-12 1.403309e+01 -1.136909e+01
1.071452e+14 3.814296e-26 4.086837e-12 1.402997e+01 -1.138861e+01
1.063848e+14 3.832567e-26 4.077270e-12 1.402688e+01 -1.138963e+01
1.056351e+14 3.683304e-26 3.890862e-12 1.402381e+01 -1.140995e+01
1.048959e+14 3.708321e-26 3.889876e-12 1.402076e+01 -1.141006e+01
1.041669e+14 3.935724e-26 4.099723e-12 1.401773e+01 -1.138725e+01
1.034480e+14 3.862110e-26 3.995277e-12 1.401472e+01 -1.139845e+01
1.027390e+14 3.822773e-26 3.927479e-12 1.401174e+01 -1.140589e+01
1.020396e+14 3.805465e-26 3.883082e-12 1.400877e+01 -1.141082e+01
1.013497e+14 3.654398e-26 3.703721e-12 1.400582e+01 -1.143136e+01
1.006690e+14 3.533795e-26 3.557437e-12 1.400290e+01 -1.144886e+01
9.999746e+13 3.610644e-26 3.610552e-12 1.399999e+01 -1.144243e+01
9.933479e+13 3.562002e-26 3.538307e-12 1.399710e+01 -1.145120e+01
9.868084e+13 3.531697e-26 3.485109e-12 1.399423e+01 -1.145778e+01
9.803545e+13 3.527674e-26 3.458371e-12 1.399138e+01 -1.146113e+01
9.739844e+13 3.284644e-26 3.199192e-12 1.398855e+01 -1.149496e+01
9.676966e+13 3.257101e-26 3.151885e-12 1.398574e+01 -1.150143e+01
9.614894e+13 3.406519e-26 3.275332e-12 1.398294e+01 -1.148474e+01
9.553614e+13 3.376281e-26 3.225569e-12 1.398017e+01 -1.149139e+01
9.493110e+13 3.446160e-26 3.271478e-12 1.397741e+01 -1.148526e+01
9.433367e+13 3.314807e-26 3.126979e-12 1.397467e+01 -1.150488e+01
9.374371e+13 3.324059e-26 3.116096e-12 1.397194e+01 -1.150639e+01
9.316109e+13 3.319551e-26 3.092530e-12 1.396923e+01 -1.150969e+01
9.258567e+13 3.203856e-26 2.966312e-12 1.396654e+01 -1.152778e+01
9.201731e+13 3.126483e-26 2.876906e-12 1.396387e+01 -1.154107e+01
9.145589e+13 3.238973e-26 2.962231e-12 1.396121e+01 -1.152838e+01
9.090127e+13 3.198177e-26 2.907184e-12 1.395857e+01 -1.153653e+01
9.035335e+13 3.020904e-26 2.729488e-12 1.395594e+01 -1.156392e+01
8.981198e+13 3.132732e-26 2.813568e-12 1.395333e+01 -1.155074e+01
8.927707e+13 3.143066e-26 2.806037e-12 1.395074e+01 -1.155191e+01
8.874849e+13 3.115870e-26 2.765287e-12 1.394816e+01 -1.155826e+01
8.822613e+13 3.169070e-26 2.795948e-12 1.394560e+01 -1.155347e+01
8.770989e+13 3.016554e-26 2.645816e-12 1.394305e+01 -1.157744e+01
8.719965e+13 3.007498e-26 2.622528e-12 1.394051e+01 -1.158128e+01
8.669532e+13 3.014384e-26 2.613330e-12 1.393800e+01 -1.158281e+01
8.619678e+13 2.991513e-26 2.578588e-12 1.393549e+01 -1.158862e+01
8.570395e+13 2.949567e-26 2.527895e-12 1.393300e+01 -1.159724e+01
8.521671e+13 2.925002e-26 2.492591e-12 1.393052e+01 -1.160335e+01
8.473499e+13 2.968729e-26 2.515552e-12 1.392806e+01 -1.159937e+01
8.425868e+13 2.933785e-26 2.471968e-12 1.392561e+01 -1.160696e+01
8.378770e+13 2.899932e-26 2.429786e-12 1.392318e+01 -1.161443e+01
8.332196e+13 2.872192e-26 2.393167e-12 1.392076e+01 -1.162103e+01
8.286136e+13 2.829938e-26 2.344925e-12 1.391835e+01 -1.162987e+01
8.240583e+13 2.839373e-26 2.339809e-12 1.391596e+01 -1.163082e+01
8.195528e+13 2.784515e-26 2.282057e-12 1.391358e+01 -1.164167e+01
8.150962e+13 2.805559e-26 2.286801e-12 1.391121e+01 -1.164077e+01
8.106879e+13 2.729787e-26 2.213006e-12 1.390885e+01 -1.165502e+01
8.063271e+13 2.752344e-26 2.219289e-12 1.390651e+01 -1.165379e+01
8.020128e+13 2.739275e-26 2.196934e-12 1.390418e+01 -1.165818e+01
7.977445e+13 2.637211e-26 2.103821e-12 1.390186e+01 -1.167699e+01
7.935214e+13 2.622586e-26 2.081079e-12 1.389956e+01 -1.168171e+01
7.893428e+13 2.653186e-26 2.094273e-12 1.389727e+01 -1.167897e+01
7.852080e+13 2.618935e-26 2.056409e-12 1.389498e+01 -1.168689e+01
7.811162e+13 2.622028e-26 2.048108e-12 1.389272e+01 -1.168865e+01
7.770669e+13 2.563073e-26 1.991679e-12 1.389046e+01 -1.170078e+01
7.730593e+13 2.576293e-26 1.991627e-12 1.388821e+01 -1.170079e+01
7.690929e+13 2.488626e-26 1.913985e-12 1.388598e+01 -1.171806e+01
7.651669e+13 2.515208e-26 1.924554e-12 1.388376e+01 -1.171567e+01
7.612809e+13 2.471743e-26 1.881691e-12 1.388154e+01 -1.172545e+01
7.574341e+13 2.453967e-26 1.858718e-12 1.387934e+01 -1.173079e+01
7.536259e+13 2.447554e-26 1.844540e-12 1.387716e+01 -1.173411e+01
7.498559e+13 2.259244e-26 1.694108e-12 1.387498e+01 -1.177106e+01
7.461234e+13 2.007088e-26 1.497535e-12 1.387281e+01 -1.182462e+01
7.424279e+13 2.160181e-26 1.603779e-12 1.387065e+01 -1.179486e+01
7.387689e+13 1.935962e-26 1.430229e-12 1.386851e+01 -1.184459e+01
7.351457e+13 2.264684e-26 1.664873e-12 1.386637e+01 -1.177862e+01
7.315578e+13 2.088878e-26 1.528135e-12 1.386425e+01 -1.181584e+01
7.280049e+13 2.090938e-26 1.522213e-12 1.386213e+01 -1.181752e+01
7.244862e+13 2.030513e-26 1.471079e-12 1.386003e+01 -1.183236e+01
7.210014e+13 1.877135e-26 1.353417e-12 1.385794e+01 -1.186857e+01
7.175500e+13 2.104458e-26 1.510054e-12 1.385585e+01 -1.182101e+01
7.141315e+13 2.085330e-26 1.489200e-12 1.385378e+01 -1.182705e+01
7.107454e+13 1.985012e-26 1.410838e-12 1.385171e+01 -1.185052e+01
7.073912e+13 1.987850e-26 1.406187e-12 1.384966e+01 -1.185196e+01
7.040686e+13 1.928054e-26 1.357483e-12 1.384761e+01 -1.186727e+01
7.007770e+13 1.814362e-26 1.271463e-12 1.384558e+01 -1.189570e+01
6.975161e+13 1.818411e-26 1.268371e-12 1.384355e+01 -1.189675e+01
6.942853e+13 1.932848e-26 1.341948e-12 1.384154e+01 -1.187226e+01
6.910844e+13 1.761234e-26 1.217161e-12 1.383953e+01 -1.191465e+01
6.879128e+13 1.875590e-26 1.290242e-12 1.383753e+01 -1.188933e+01
6.847702e+13 1.652114e-26 1.131319e-12 1.383554e+01 -1.194641e+01
6.816562e+13 1.712871e-26 1.167589e-12 1.383357e+01 -1.193271e+01
6.785704e+13 1.665020e-26 1.129833e-12 1.383159e+01 -1.194699e+01
6.755124e+13 1.722823e-26 1.163788e-12 1.382963e+01 -1.193413e+01
6.724818e+13 1.644624e-26 1.105980e-12 1.382768e+01 -1.195625e+01
6.694783e+13 1.647908e-26 1.103239e-12 1.382574e+01 -1.195733e+01
6.665016e+13 1.533673e-26 1.022195e-12 1.382380e+01 -1.199047e+01
6.635511e+13 1.557753e-26 1.033649e-12 1.382187e+01 -1.198563e+01
6.606267e+13 1.400894e-26 9.254681e-13 1.381996e+01 -1.203364e+01
6.577280e+13 1.723209e-26 1.133403e-12 1.381805e+01 -1.194562e+01
6.548545e+13 1.468457e-26 9.616256e-13 1.381614e+01 -1.201699e+01
6.520061e+13 1.616103e-26 1.053709e-12 1.381425e+01 -1.197728e+01
6.491823e+13 1.537738e-26 9.982724e-13 1.381237e+01 -1.200075e+01
6.463829e+13 1.492115e-26 9.644777e-13 1.381049e+01 -1.201571e+01
6.436076e+13 1.388816e-26 8.938523e-13 1.380862e+01 -1.204873e+01
6.408559e+13 1.417510e-26 9.084196e-13 1.380676e+01 -1.204171e+01
6.381277e+13 1.514085e-26 9.661795e-13 1.380491e+01 -1.201494e+01
6.354226e+13 1.321511e-26 8.397180e-13 1.380306e+01 -1.207587e+01
6.327404e+13 1.405873e-26 8.895528e-13 1.380123e+01 -1.205083e+01
6.300807e+13 1.573212e-26 9.912507e-13 1.379940e+01 -1.200382e+01
6.274433e+13 1.487494e-26 9.333179e-13 1.379757e+01 -1.202997e+01
6.248278e+13 1.412645e-26 8.826602e-13 1.379576e+01 -1.205421e+01
6.222341e+13 1.424299e-26 8.862474e-13 1.379395e+01 -1.205245e+01
6.196618e+13 1.315574e-26 8.152109e-13 1.379215e+01 -1.208873e+01
6.171107e+13 1.372966e-26 8.472722e-13 1.379036e+01 -1.207198e+01
6.145806e+13 1.334535e-26 8.201796e-13 1.378858e+01 -1.208609e+01
6.120710e+13 1.302063e-26 7.969553e-13 1.378680e+01 -1.209857e+01
6.095819e+13 1.290822e-26 7.868617e-13 1.378503e+01 -1.210410e+01
6.071130e+13 1.392907e-26 8.456519e-13 1.378327e+01 -1.207281e+01
6.046640e+13 1.310494e-26 7.924087e-13 1.378151e+01 -1.210105e+01
6.022346e+13 1.249994e-26 7.527898e-13 1.377977e+01 -1.212333e+01
5.998247e+13 1.334114e-26 8.002346e-13 1.377802e+01 -1.209678e+01
5.974340e+13 1.347863e-26 8.052591e-13 1.377629e+01 -1.209406e+01
5.950623e+13 1.290503e-26 7.679296e-13 1.377456e+01 -1.211468e+01
5.927094e+13 1.232265e-26 7.303749e-13 1.377284e+01 -1.213645e+01
5.903750e+13 1.388508e-26 8.197404e-13 1.377113e+01 -1.208632e+01
5.880588e+13 1.207094e-26 7.098424e-13 1.376942e+01 -1.214884e+01
5.857608e+13 1.198715e-26 7.021603e-13 1.376772e+01 -1.215356e+01
5.834807e+13 1.205914e-26 7.036276e-13 1.376603e+01 -1.215266e+01
5.812183e+13 1.201412e-26 6.982825e-13 1.376434e+01 -1.215597e+01
5.789733e+13 1.189038e-26 6.884211e-13 1.376266e+01 -1.216215e+01
5.767457e+13 1.103842e-26 6.366362e-13 1.376098e+01 -1.219611e+01
5.745351e+13 1.123115e-26 6.452692e-13 1.375932e+01 -1.219026e+01
5.723414e+13 1.085737e-26 6.214122e-13 1.375766e+01 -1.220662e+01
5.701643e+13 1.270833e-26 7.245834e-13 1.375600e+01 -1.213991e+01
5.680038e+13 1.149270e-26 6.527898e-13 1.375435e+01 -1.218523e+01
5.658596e+13 9.896029e-27 5.599763e-13 1.375271e+01 -1.225183e+01
5.637315e+13 1.209669e-26 6.819282e-13 1.375107e+01 -1.216626e+01
5.616193e+13 1.187901e-26 6.671484e-13 1.374944e+01 -1.217578e+01
5.595230e+13 1.073825e-26 6.008296e-13 1.374782e+01 -1.222125e+01
5.574422e+13 1.098452e-26 6.123235e-13 1.374620e+01 -1.221302e+01
5.553768e+13 1.113882e-26 6.186244e-13 1.374459e+01 -1.220857e+01
5.533267e+13 1.112046e-26 6.153245e-13 1.374298e+01 -1.221090e+01
5.512917e+13 1.097081e-26 6.048116e-13 1.374138e+01 -1.221838e+01
5.492715e+13 1.188542e-26 6.528323e-13 1.373979e+01 -1.218520e+01
5.472662e+13 1.137577e-26 6.225575e-13 1.373820e+01 -1.220582e+01
5.452754e+13 1.196198e-26 6.522574e-13 1.373662e+01 -1.218558e+01
5.432990e+13 1.178516e-26 6.402867e-13 1.373504e+01 -1.219363e+01
5.413369e+13 1.098694e-26 5.947638e-13 1.373347e+01 -1.222566e+01
5.393890e+13 1.070800e-26 5.775777e-13 1.373190e+01 -1.223839e+01
5.374550e+13 1.033888e-26 5.556681e-13 1.373034e+01 -1.225518e+01
5.355348e+13 1.154397e-26 6.182199e-13 1.372879e+01 -1.220886e+01
5.336283e+13 1.073519e-26 5.728603e-13 1.372724e+01 -1.224195e+01
5.317354e+13 1.101442e-26 5.856757e-13 1.372570e+01 -1.223234e+01
5.298558e+13 1.006813e-26 5.334658e-13 1.372416e+01 -1.227289e+01
5.279894e+13 1.062452e-26 5.609633e-13 1.372263e+01 -1.225107e+01
5.261362e+13 1.140327e-26 5.999676e-13 1.372110e+01 -1.222187e+01
5.242959e+13 1.023486e-26 5.366093e-13 1.371958e+01 -1.227034e+01
5.224685e+13 1.034016e-26 5.402410e-13 1.371806e+01 -1.226741e+01
5.206537e+13 1.024750e-26 5.335398e-13 1.371655e+01 -1.227283e+01
5.188515e+13 1.041459e-26 5.403626e-13 1.371504e+01 -1.226731e+01
5.170617e+13 9.747400e-27 5.040008e-13 1.371354e+01 -1.229757e+01
5.152843e+13 9.661542e-27 4.978441e-13 1.371205e+01 -1.230291e+01
5.135190e+13 1.102313e-26 5.660587e-13 1.371056e+01 -1.224714e+01
5.117658e+13 1.019084e-26 5.215325e-13 1.370907e+01 -1.228272e+01
5.100245e+13 9.460939e-27 4.825311e-13 1.370759e+01 -1.231647e+01
5.082950e+13 9.474422e-27 4.815801e-13 1.370612e+01 -1.231733e+01
5.065772e+13 9.165898e-27 4.643235e-13 1.370465e+01 -1.233318e+01
5.048710e+13 1.054527e-26 5.324002e-13 1.370318e+01 -1.227376e+01
5.031762e+13 1.031995e-26 5.192756e-13 1.370172e+01 -1.228460e+01
5.014928e+13 1.007494e-26 5.052510e-13 1.370026e+01 -1.229649e+01
4.998206e+13 9.644747e-27 4.820643e-13 1.369881e+01 -1.231689e+01
4.981595e+13 9.526767e-27 4.745849e-13 1.369737e+01 -1.232369e+01
4.965094e+13 8.867326e-27 4.402711e-13 1.369593e+01 -1.235628e+01
4.948703e+13 1.029960e-26 5.096967e-13 1.369449e+01 -1.229269e+01
4.932419e+13 1.015575e-26 5.009242e-13 1.369306e+01 -1.230023e+01
4.916241e+13 1.013735e-26 4.983766e-13 1.369163e+01 -1.230244e+01
4.900170e+13 9.919982e-27 4.860960e-13 1.369021e+01 -1.231328e+01
4.884203e+13 9.694309e-27 4.734898e-13 1.368879e+01 -1.232469e+01
4.868340e+13 9.044384e-27 4.403114e-13 1.368738e+01 -1.235624e+01
4.852580e+13 9.767538e-27 4.739776e-13 1.368597e+01 -1.232424e+01
4.836922e+13 9.679034e-27 4.681673e-13 1.368457e+01 -1.232960e+01
4.821364e+13 9.537007e-27 4.598138e-13 1.368317e+01 -1.233742e+01
4.805906e+13 9.911045e-27 4.763155e-13 1.368178e+01 -1.232211e+01
4.790547e+13 9.884815e-27 4.735367e-13 1.368039e+01 -1.232465e+01
4.775285e+13 9.596309e-27 4.582511e-13 1.367900e+01 -1.233890e+01
4.760121e+13 8.974768e-27 4.272098e-13 1.367762e+01 -1.236936e+01
4.745052e+13 9.128566e-27 4.331552e-13 1.367624e+01 -1.236336e+01
4.730079e+13 9.537314e-27 4.511225e-13 1.367487e+01 -1.234571e+01
4.715200e+13 9.156894e-27 4.317658e-13 1.367350e+01 -1.236475e+01
4.700414e+13 8.965620e-27 4.214213e-13 1.367214e+01 -1.237528e+01
4.685721e+13 9.027156e-27 4.229873e-13 1.367078e+01 -1.237367e+01
4.671119e+13 9.351544e-27 4.368217e-13 1.366942e+01 -1.235970e+01
4.656608e+13 9.367638e-27 4.362142e-13 1.366807e+01 -1.236030e+01
4.642186e+13 8.646862e-27 4.014035e-13 1.366672e+01 -1.239642e+01
4.627854e+13 9.125897e-27 4.223332e-13 1.366538e+01 -1.237434e+01
4.613610e+13 9.096190e-27 4.196628e-13 1.366404e+01 -1.237710e+01
4.599454e+13 9.160396e-27 4.213282e-13 1.366271e+01 -1.237538e+01
4.585384e+13 8.933275e-27 4.096250e-13 1.366138e+01 -1.238761e+01
4.571400e+13 8.631564e-27 3.945833e-13 1.366005e+01 -1.240386e+01
4.557501e+13 8.430494e-27 3.842198e-13 1.365873e+01 -1.241542e+01
4.543686e+13 8.706650e-27 3.956028e-13 1.365741e+01 -1.240274e+01
4.529955e+13 8.617105e-27 3.903509e-13 1.365609e+01 -1.240854e+01
4.516306e+13 8.447338e-27 3.815076e-13 1.365478e+01 -1.241850e+01
4.502740e+13 8.755499e-27 3.942373e-13 1.365348e+01 -1.240424e+01
4.489254e+13 8.725728e-27 3.917201e-13 1.365217e+01 -1.240702e+01
4.475850e+13 8.566414e-27 3.834198e-13 1.365088e+01 -1.241633e+01
4.462525e+13 8.741374e-27 3.900860e-13 1.364958e+01 -1.240884e+01
4.449279e+13 8.547466e-27 3.803006e-13 1.364829e+01 -1.241987e+01
4.436111e+13 8.673988e-27 3.847878e-13 1.364700e+01 -1.241478e+01
4.423022e+13 8.309491e-27 3.675306e-13 1.364572e+01 -1.243471e+01
4.410009e+13 8.220126e-27 3.625083e-13 1.364444e+01 -1.244068e+01
4.397072e+13 8.301165e-27 3.650082e-13 1.364316e+01 -1.243770e+01
4.384212e+13 7.661314e-27 3.358882e-13 1.364189e+01 -1.247381e+01
4.371426e+13 7.706195e-27 3.368706e-13 1.364062e+01 -1.247254e+01
4.358715e+13 7.591358e-27 3.308857e-13 1.363936e+01 -1.248032e+01
4.346077e+13 8.296896e-27 3.605895e-13 1.363810e+01 -1.244299e+01
4.333513e+13 7.383944e-27 3.199842e-13 1.363684e+01 -1.249487e+01
4.321020e+13 8.022064e-27 3.466350e-13 1.363559e+01 -1.246013e+01
4.308600e+13 8.191844e-27 3.529538e-13 1.363434e+01 -1.245228e+01
4.296251e+13 7.447390e-27 3.199586e-13 1.363309e+01 -1.249491e+01
4.283973e+13 7.636885e-27 3.271621e-13 1.363185e+01 -1.248524e+01
4.271764e+13 7.379153e-27 3.152200e-13 1.363061e+01 -1.250139e+01
4.259625e+13 8.059185e-27 3.432911e-13 1.362937e+01 -1.246434e+01
4.247555e+13 7.333295e-27 3.114857e-13 1.362814e+01 -1.250656e+01
4.235552e+13 6.988442e-27 2.959991e-13 1.362691e+01 -1.252871e+01
4.223618e+13 7.143626e-27 3.017195e-13 1.362568e+01 -1.252040e+01
4.211750e+13 7.319608e-27 3.082836e-13 1.362446e+01 -1.251105e+01
4.199950e+13 7.279589e-27 3.057391e-13 1.362324e+01 -1.251465e+01
4.188215e+13 7.460903e-27 3.124786e-13 1.362203e+01 -1.250518e+01
4.176545e+13 7.758875e-27 3.240529e-13 1.362082e+01 -1.248938e+01
4.164940e+13 7.726198e-27 3.217915e-13 1.361961e+01 -1.249243e+01
4.153400e+13 6.948761e-27 2.886098e-13 1.361840e+01 -1.253969e+01
4.141923e+13 7.378105e-27 3.055954e-13 1.361720e+01 -1.251485e+01
4.130510e+13 7.345048e-27 3.033879e-13 1.361600e+01 -1.251800e+01
4.119159e+13 6.787848e-27 2.796022e-13 1.361481e+01 -1.255346e+01
4.107871e+13 7.093459e-27 2.913901e-13 1.361362e+01 -1.253553e+01
4.096644e+13 6.726095e-27 2.755441e-13 1.361243e+01 -1.255981e+01
4.085478e+13 7.027247e-27 2.870966e-13 1.361124e+01 -1.254197e+01
4.074373e+13 6.972409e-27 2.840820e-13 1.361006e+01 -1.254656e+01
4.063329e+13 7.027717e-27 2.855592e-13 1.360888e+01 -1.254430e+01
4.052344e+13 6.961190e-27 2.820914e-13 1.360771e+01 -1.254961e+01
4.041418e+13 7.033961e-27 2.842718e-13 1.360653e+01 -1.254627e+01
4.030551e+13 6.959073e-27 2.804890e-13 1.360536e+01 -1.255208e+01
4.019743e+13 7.056832e-27 2.836665e-13 1.360420e+01 -1.254719e+01
4.008992e+13 7.108992e-27 2.849989e-13 1.360304e+01 -1.254516e+01
3.998298e+13 6.881831e-27 2.751561e-13 1.360188e+01 -1.256042e+01
3.987662e+13 6.432130e-27 2.564916e-13 1.360072e+01 -1.259093e+01
3.977081e+13 6.669265e-27 2.652421e-13 1.359956e+01 -1.257636e+01
3.966557e+13 6.915931e-27 2.743244e-13 1.359841e+01 -1.256174e+01
3.956089e+13 6.612092e-27 2.615802e-13 1.359727e+01 -1.258240e+01
3.945675e+13 6.566068e-27 2.590757e-13 1.359612e+01 -1.258657e+01
3.935316e+13 6.611780e-27 2.601945e-13 1.359498e+01 -1.258470e+01
3.925012e+13 6.735808e-27 2.643813e-13 1.359384e+01 -1.257777e+01
3.914761e+13 6.434629e-27 2.519004e-13 1.359271e+01 -1.259877e+01
3.904564e+13 6.644930e-27 2.594555e-13 1.359157e+01 -1.258594e+01
3.894419e+13 6.430242e-27 2.504206e-13 1.359044e+01 -1.260133e+01
3.884328e+13 6.585224e-27 2.557917e-13 1.358932e+01 -1.259211e+01
3.874288e+13 6.543049e-27 2.534966e-13 1.358819e+01 -1.259603e+01
3.864300e+13 6.154827e-27 2.378410e-13 1.358707e+01 -1.262371e+01
3.854364e+13 6.209744e-27 2.393461e-13 1.358595e+01 -1.262097e+01
3.844478e+13 6.439439e-27 2.475628e-13 1.358484e+01 -1.260631e+01
3.834643e+13 6.067250e-27 2.326574e-13 1.358372e+01 -1.263328e+01
3.824858e+13 6.059165e-27 2.317545e-13 1.358262e+01 -1.263497e+01
3.815123e+13 6.172798e-27 2.354998e-13 1.358151e+01 -1.262801e+01
3.805438e+13 6.247784e-27 2.377555e-13 1.358040e+01 -1.262387e+01
3.795801e+13 6.156263e-27 2.336795e-13 1.357930e+01 -1.263138e+01
3.786214e+13 5.947656e-27 2.251910e-13 1.357821e+01 -1.264745e+01
3.776674e+13 5.981758e-27 2.259115e-13 1.357711e+01 -1.264606e+01
3.767183e+13 5.854473e-27 2.205487e-13 1.357602e+01 -1.265650e+01
3.757739e+13 5.912342e-27 2.221704e-13 1.357493e+01 -1.265331e+01
3.748342e+13 5.933866e-27 2.224216e-13 1.357384e+01 -1.265282e+01
3.738992e+13 5.844718e-27 2.185336e-13 1.357275e+01 -1.266048e+01
3.729689e+13 5.873912e-27 2.190787e-13 1.357167e+01 -1.265940e+01
3.720432e+13 6.064627e-27 2.256303e-13 1.357059e+01 -1.264660e+01
3.711221e+13 5.720346e-27 2.122947e-13 1.356952e+01 -1.267306e+01
3.702055e+13 6.003741e-27 2.222618e-13 1.356844e+01 -1.265314e+01
3.692934e+13 5.709913e-27 2.108633e-13 1.356737e+01 -1.267600e+01
3.683858e+13 5.826750e-27 2.146492e-13 1.356630e+01 -1.266827e+01
3.674827e+13 5.842696e-27 2.147090e-13 1.356524e+01 -1.266815e+01
3.665840e+13 5.453517e-27 1.999172e-13 1.356417e+01 -1.269915e+01
3.656897e+13 5.655900e-27 2.068304e-13 1.356311e+01 -1.268439e+01
3.647997e+13 5.567276e-27 2.030941e-13 1.356205e+01 -1.269230e+01
3.639141e+13 5.624693e-27 2.046905e-13 1.356100e+01 -1.268890e+01
3.630327e+13 5.752035e-27 2.088177e-13 1.355995e+01 -1.268023e+01
3.621556e+13 5.404213e-27 1.957166e-13 1.355890e+01 -1.270837e+01
3.612827e+13 5.706925e-27 2.061813e-13 1.355785e+01 -1.268575e+01
3.604140e+13 5.408044e-27 1.949135e-13 1.355680e+01 -1.271016e+01
3.595495e+13 5.540459e-27 1.992069e-13 1.355576e+01 -1.270070e+01
3.586892e+13 5.504719e-27 1.974483e-13 1.355472e+01 -1.270455e+01
3.578329e+13 5.329720e-27 1.907149e-13 1.355368e+01 -1.271962e+01
3.569807e+13 5.355197e-27 1.911702e-13 1.355264e+01 -1.271858e+01
3.561326e+13 5.303931e-27 1.888903e-13 1.355161e+01 -1.272379e+01
3.552885e+13 5.492579e-27 1.951450e-13 1.355058e+01 -1.270964e+01
3.544483e+13 5.377261e-27 1.905961e-13 1.354955e+01 -1.271989e+01
3.536122e+13 5.063619e-27 1.790557e-13 1.354853e+01 -1.274701e+01
3.527799e+13 5.520324e-27 1.947460e-13 1.354750e+01 -1.271053e+01
3.519516e+13 5.268790e-27 1.854359e-13 1.354648e+01 -1.273181e+01
3.511272e+13 5.307504e-27 1.863609e-13 1.354546e+01 -1.272965e+01
3.503066e+13 5.309052e-27 1.859796e-13 1.354445e+01 -1.273053e+01
3.494899e+13 5.122791e-27 1.790364e-13 1.354343e+01 -1.274706e+01
3.486769e+13 4.929904e-27 1.718944e-13 1.354242e+01 -1.276474e+01
3.478677e+13 5.142268e-27 1.788829e-13 1.354141e+01 -1.274743e+01
3.470623e+13 5.061508e-27 1.756659e-13 1.354041e+01 -1.275531e+01
3.462606e+13 5.237905e-27 1.813680e-13 1.353940e+01 -1.274144e+01
3.454625e+13 5.055680e-27 1.746548e-13 1.353840e+01 -1.275782e+01
3.446682e+13 4.776585e-27 1.646337e-13 1.353740e+01 -1.278348e+01
3.438775e+13 5.189615e-27 1.784592e-13 1.353640e+01 -1.274846e+01
3.430904e+13 4.960326e-27 1.701840e-13 1.353541e+01 -1.276908e+01
3.423069e+13 5.095532e-27 1.744236e-13 1.353442e+01 -1.275839e+01
3.415270e+13 4.917418e-27 1.679431e-13 1.353343e+01 -1.277484e+01
3.407506e+13 5.097769e-27 1.737068e-13 1.353244e+01 -1.276018e+01
3.399778e+13 4.908797e-27 1.668882e-13 1.353145e+01 -1.277757e+01
3.392084e+13 4.754801e-27 1.612868e-13 1.353047e+01 -1.279240e+01
3.384425e+13 4.659288e-27 1.576901e-13 1.352948e+01 -1.280220e+01
3.376801e+13 4.804471e-27 1.622374e-13 1.352851e+01 -1.278985e+01
3.369211e+13 5.072976e-27 1.709193e-13 1.352753e+01 -1.276721e+01
3.361655e+13 5.064370e-27 1.702466e-13 1.352655e+01 -1.276892e+01
3.354133e+13 4.890512e-27 1.640343e-13 1.352558e+01 -1.278507e+01
3.346644e+13 4.804986e-27 1.608058e-13 1.352461e+01 -1.279370e+01
3.339189e+13 4.690798e-27 1.566346e-13 1.352364e+01 -1.280511e+01
3.331767e+13 4.934196e-27 1.643959e-13 1.352267e+01 -1.278411e+01
3.324378e+13 4.581293e-27 1.522995e-13 1.352171e+01 -1.281730e+01
3.317021e+13 4.802659e-27 1.593052e-13 1.352075e+01 -1.279777e+01
3.309698e+13 4.776860e-27 1.580996e-13 1.351979e+01 -1.280107e+01
3.302406e+13 4.779588e-27 1.578414e-13 1.351883e+01 -1.280178e+01
3.295146e+13 4.611748e-27 1.519638e-13 1.351787e+01 -1.281826e+01
3.287918e+13 4.775687e-27 1.570207e-13 1.351692e+01 -1.280404e+01
3.280722e+13 4.589569e-27 1.505710e-13 1.351597e+01 -1.282226e+01
3.273558e+13 4.604868e-27 1.507430e-13 1.351502e+01 -1.282176e+01
3.266424e+13 4.673874e-27 1.526686e-13 1.351407e+01 -1.281625e+01
3.259322e+13 4.728248e-27 1.541088e-13 1.351313e+01 -1.281217e+01
3.252250e+13 4.565184e-27 1.484712e-13 1.351218e+01 -1.282836e+01
3.245209e+13 4.696009e-27 1.523953e-13 1.351124e+01 -1.281703e+01
3.238198e+13 4.408717e-27 1.427630e-13 1.351030e+01 -1.284538e+01
3.231218e+13 4.465104e-27 1.442773e-13 1.350937e+01 -1.284080e+01
3.224268e+13 4.513037e-27 1.455124e-13 1.350843e+01 -1.283710e+01
3.217347e+13 4.697984e-27 1.511505e-13 1.350750e+01 -1.282059e+01
3.210456e+13 4.644790e-27 1.491190e-13 1.350657e+01 -1.282647e+01
3.203595e+13 4.442499e-27 1.423197e-13 1.350564e+01 -1.284674e+01
3.196763e+13 4.571406e-27 1.461370e-13 1.350471e+01 -1.283524e+01
3.189960e+13 4.527296e-27 1.444189e-13 1.350379e+01 -1.284038e+01
3.183185e+13 4.641589e-27 1.477504e-13 1.350286e+01 -1.283047e+01
3.176440e+13 4.557966e-27 1.447810e-13 1.350194e+01 -1.283929e+01
3.169723e+13 4.383969e-27 1.389597e-13 1.350102e+01 -1.285711e+01
3.163034e+13 4.317766e-27 1.365724e-13 1.350010e+01 -1.286464e+01
3.156374e+13 4.446435e-27 1.403461e-13 1.349919e+01 -1.285280e+01
3.149742e+13 4.474421e-27 1.409327e-13 1.349827e+01 -1.285099e+01
3.143137e+13 4.508325e-27 1.417028e-13 1.349736e+01 -1.284862e+01
3.136560e+13 4.357181e-27 1.366656e-13 1.349645e+01 -1.286434e+01
3.130010e+13 4.319287e-27 1.351941e-13 1.349555e+01 -1.286904e+01
3.123488e+13 4.366123e-27 1.363753e-13 1.349464e+01 -1.286526e+01
3.116993e+13 4.252820e-27 1.325601e-13 1.349374e+01 -1.287759e+01
3.110525e+13 4.355213e-27 1.354700e-13 1.349283e+01 -1.286816e+01
3.104084e+13 4.332868e-27 1.344959e-13 1.349193e+01 -1.287129e+01
3.097669e+13 4.338889e-27 1.344044e-13 1.349104e+01 -1.287159e+01
3.091281e+13 4.360438e-27 1.347934e-13 1.349014e+01 -1.287033e+01
3.091281e+12 6.987882e-27 2.160151e-13 12.0	    -20.0
3.091281e+11 6.987882e-27 2.160151e-13 11.0	    -20.0
3.091281e+10 6.987882e-27 2.160151e-13 10.0	    -20.0
3.091281e+09 6.987882e-27 2.160151e-13 09.0	    -20.0
3.091281e+08 6.987882e-27 2.160151e-13 08.0	    -20.0
3.091281e+07 6.987882e-27 2.160151e-13 07.0	    -20.0