1.362693e+16 1.926074e-31 2.624647e-15 1.613440e+01 -1.458093e+01
1.303445e+16 2.372196e-30 3.092028e-14 1.611509e+01 -1.350976e+01
1.249135e+16 2.413027e-30 3.014197e-14 1.609661e+01 -1.352083e+01
1.199170e+16 2.462597e-30 2.953071e-14 1.607888e+01 -1.352973e+01
1.153048e+16 2.553487e-30 2.944293e-14 1.606185e+01 -1.353102e+01
1.110342e+16 2.680404e-30 2.976165e-14 1.604546e+01 -1.352634e+01
1.070687e+16 2.700162e-30 2.891029e-14 1.602966e+01 -1.353895e+01
1.033767e+16 2.834907e-30 2.930633e-14 1.601442e+01 -1.353304e+01
9.993080e+15 2.808590e-30 2.806646e-14 1.599970e+01 -1.355181e+01
9.670723e+15 2.893945e-30 2.798654e-14 1.598546e+01 -1.355305e+01
9.368512e+15 2.933731e-30 2.748469e-14 1.597167e+01 -1.356091e+01
9.084618e+15 2.973595e-30 2.701397e-14 1.595831e+01 -1.356841e+01
8.817424e+15 2.959496e-30 2.609513e-14 1.594534e+01 -1.358344e+01
8.565497e+15 3.042448e-30 2.606008e-14 1.593275e+01 -1.358402e+01
8.327567e+15 3.569977e-30 2.972922e-14 1.592052e+01 -1.352682e+01
8.102497e+15 4.095666e-30 3.318512e-14 1.590862e+01 -1.347906e+01
7.889274e+15 3.957148e-30 3.121903e-14 1.589704e+01 -1.350558e+01
7.686985e+15 4.229652e-30 3.251327e-14 1.588576e+01 -1.348794e+01
7.494810e+15 5.071721e-30 3.801158e-14 1.587476e+01 -1.342008e+01
7.312010e+15 5.491949e-30 4.015719e-14 1.586404e+01 -1.339624e+01
7.137914e+15 5.373769e-30 3.835750e-14 1.585357e+01 -1.341615e+01
6.971916e+15 5.321576e-30 3.710158e-14 1.584335e+01 -1.343061e+01
6.813464e+15 5.811010e-30 3.959311e-14 1.583337e+01 -1.340238e+01
6.662053e+15 6.053809e-30 4.033080e-14 1.582361e+01 -1.339436e+01
6.517226e+15 5.812575e-30 3.788186e-14 1.581406e+01 -1.342157e+01
6.378562e+15 5.961839e-30 3.802796e-14 1.580472e+01 -1.341990e+01
6.245675e+15 6.371801e-30 3.979620e-14 1.579558e+01 -1.340016e+01
6.118212e+15 6.165207e-30 3.772004e-14 1.578662e+01 -1.342343e+01
5.995848e+15 6.796385e-30 4.075009e-14 1.577785e+01 -1.338987e+01
5.878282e+15 8.571549e-30 5.038598e-14 1.576925e+01 -1.329769e+01
5.765238e+15 9.605307e-30 5.537689e-14 1.576082e+01 -1.325667e+01
5.656460e+15 9.094336e-30 5.144175e-14 1.575254e+01 -1.328868e+01
5.551711e+15 8.395678e-30 4.661038e-14 1.574443e+01 -1.333152e+01
5.450771e+15 8.587211e-30 4.680692e-14 1.573646e+01 -1.332969e+01
5.353436e+15 1.029009e-29 5.508731e-14 1.572863e+01 -1.325895e+01
5.259516e+15 1.126793e-29 5.926387e-14 1.572095e+01 -1.322721e+01
5.168834e+15 1.136168e-29 5.872665e-14 1.571339e+01 -1.323116e+01
5.081227e+15 1.147538e-29 5.830899e-14 1.570597e+01 -1.323426e+01
4.996540e+15 1.058138e-29 5.287030e-14 1.569867e+01 -1.327679e+01
4.914630e+15 1.074187e-29 5.279234e-14 1.569149e+01 -1.327743e+01
4.835361e+15 1.233602e-29 5.964910e-14 1.568443e+01 -1.322440e+01
4.758610e+15 1.242925e-29 5.914594e-14 1.567748e+01 -1.322808e+01
4.684256e+15 1.311787e-29 6.144747e-14 1.567064e+01 -1.321150e+01
4.612191e+15 1.296779e-29 5.980993e-14 1.566391e+01 -1.322323e+01
4.542309e+15 1.284631e-29 5.835191e-14 1.565728e+01 -1.323394e+01
4.474513e+15 1.403805e-29 6.281345e-14 1.565075e+01 -1.320195e+01
4.408712e+15 1.365183e-29 6.018697e-14 1.564431e+01 -1.322050e+01
4.344817e+15 1.378059e-29 5.987414e-14 1.563797e+01 -1.322276e+01
4.282749e+15 1.368499e-29 5.860938e-14 1.563172e+01 -1.323203e+01
4.222428e+15 1.390803e-29 5.872567e-14 1.562556e+01 -1.323117e+01
4.163783e+15 1.557139e-29 6.483589e-14 1.561949e+01 -1.318818e+01
4.106745e+15 1.584389e-29 6.506683e-14 1.561350e+01 -1.318664e+01
4.051249e+15 1.585612e-29 6.423708e-14 1.560759e+01 -1.319221e+01
3.997232e+15 1.577127e-29 6.304144e-14 1.560176e+01 -1.320037e+01
3.944637e+15 1.534263e-29 6.052110e-14 1.559601e+01 -1.321809e+01
3.893408e+15 1.550286e-29 6.035895e-14 1.559033e+01 -1.321926e+01
3.843492e+15 1.584167e-29 6.088732e-14 1.558473e+01 -1.321547e+01
3.794841e+15 1.595042e-29 6.052928e-14 1.557919e+01 -1.321803e+01
3.747405e+15 1.660154e-29 6.221268e-14 1.557373e+01 -1.320612e+01
3.701141e+15 1.692597e-29 6.264541e-14 1.556834e+01 -1.320311e+01
3.656005e+15 1.725831e-29 6.309648e-14 1.556301e+01 -1.319999e+01
3.611957e+15 1.613117e-29 5.826510e-14 1.555774e+01 -1.323459e+01
3.568957e+15 1.611360e-29 5.750873e-14 1.555254e+01 -1.324027e+01
3.526969e+15 1.747056e-29 6.161814e-14 1.554740e+01 -1.321029e+01
3.485958e+15 1.777091e-29 6.194866e-14 1.554232e+01 -1.320797e+01
3.445890e+15 1.821967e-29 6.278299e-14 1.553730e+01 -1.320216e+01
3.406732e+15 1.843785e-29 6.281280e-14 1.553234e+01 -1.320195e+01
3.368454e+15 1.866020e-29 6.285604e-14 1.552743e+01 -1.320165e+01
3.331027e+15 1.870131e-29 6.229458e-14 1.552258e+01 -1.320555e+01
3.294422e+15 1.812389e-29 5.970773e-14 1.551778e+01 -1.322397e+01
3.258613e+15 9.516530e-29 3.101069e-13 1.551303e+01 -1.250849e+01
3.223574e+15 1.688799e-28 5.443970e-13 1.550834e+01 -1.226408e+01
3.189281e+15 2.642519e-28 8.427735e-13 1.550369e+01 -1.207429e+01
3.155709e+15 3.623047e-28 1.143328e-12 1.549910e+01 -1.194183e+01
3.122838e+15 4.407645e-28 1.376436e-12 1.549455e+01 -1.186124e+01
3.090643e+15 3.258017e-28 1.006937e-12 1.549005e+01 -1.199700e+01
3.059106e+15 3.076832e-28 9.412354e-13 1.548559e+01 -1.202630e+01
3.028206e+15 4.367222e-28 1.322485e-12 1.548119e+01 -1.187861e+01
2.997924e+15 4.759655e-28 1.426908e-12 1.547682e+01 -1.184560e+01
2.968242e+15 5.176337e-28 1.536462e-12 1.547250e+01 -1.181348e+01
2.939141e+15 3.956099e-28 1.162753e-12 1.546822e+01 -1.193451e+01
2.910606e+15 3.613257e-28 1.051677e-12 1.546398e+01 -1.197812e+01
2.882619e+15 5.500228e-28 1.585506e-12 1.545979e+01 -1.179983e+01
2.855166e+15 6.540125e-28 1.867314e-12 1.545563e+01 -1.172878e+01
2.828230e+15 6.004779e-28 1.698290e-12 1.545151e+01 -1.176999e+01
2.801798e+15 5.867161e-28 1.643860e-12 1.544744e+01 -1.178414e+01
2.775856e+15 5.865185e-28 1.628091e-12 1.544340e+01 -1.178832e+01
2.750389e+15 5.956128e-28 1.638167e-12 1.543939e+01 -1.178564e+01
2.725385e+15 6.321086e-28 1.722740e-12 1.543543e+01 -1.176378e+01
2.700832e+15 6.165936e-28 1.665316e-12 1.543150e+01 -1.177850e+01
2.676718e+15 5.823853e-28 1.558881e-12 1.542760e+01 -1.180719e+01
2.653030e+15 6.020399e-28 1.597230e-12 1.542374e+01 -1.179663e+01
2.629758e+15 6.303510e-28 1.657671e-12 1.541992e+01 -1.178050e+01
2.606890e+15 6.168924e-28 1.608171e-12 1.541612e+01 -1.179367e+01
2.584417e+15 6.300201e-28 1.628235e-12 1.541236e+01 -1.178828e+01
2.562328e+15 5.477441e-28 1.403500e-12 1.540863e+01 -1.185279e+01
2.540614e+15 5.340215e-28 1.356742e-12 1.540494e+01 -1.186750e+01
2.519264e+15 5.562633e-28 1.401374e-12 1.540127e+01 -1.185345e+01
2.498270e+15 4.629060e-28 1.156464e-12 1.539764e+01 -1.193687e+01
2.477623e+15 3.517901e-28 8.716032e-13 1.539404e+01 -1.205968e+01
2.457315e+15 3.112786e-28 7.649094e-13 1.539046e+01 -1.211639e+01
2.437337e+15 4.312925e-28 1.051205e-12 1.538692e+01 -1.197831e+01
2.417681e+15 6.962268e-28 1.683254e-12 1.538340e+01 -1.177385e+01
2.398339e+15 7.501838e-28 1.799195e-12 1.537991e+01 -1.174492e+01
2.379305e+15 6.692539e-28 1.592359e-12 1.537645e+01 -1.179796e+01
2.360570e+15 7.527047e-28 1.776812e-12 1.537302e+01 -1.175036e+01
2.342128e+15 7.635308e-28 1.788287e-12 1.536961e+01 -1.174756e+01
2.323972e+15 7.687799e-28 1.786623e-12 1.536623e+01 -1.174797e+01
2.306095e+15 6.496361e-28 1.498123e-12 1.536288e+01 -1.182445e+01
2.288492e+15 7.142351e-28 1.634521e-12 1.535955e+01 -1.178661e+01
2.271155e+15 7.586890e-28 1.723100e-12 1.535625e+01 -1.176369e+01
2.254078e+15 6.942681e-28 1.564935e-12 1.535297e+01 -1.180550e+01
2.237257e+15 6.872858e-28 1.537635e-12 1.534972e+01 -1.181315e+01
2.220684e+15 7.425873e-28 1.649052e-12 1.534649e+01 -1.178277e+01
2.204356e+15 6.932016e-28 1.528063e-12 1.534328e+01 -1.181586e+01
2.188266e+15 6.622116e-28 1.449095e-12 1.534010e+01 -1.183890e+01
2.172409e+15 6.454871e-28 1.402262e-12 1.533694e+01 -1.185317e+01
2.156780e+15 5.526967e-28 1.192045e-12 1.533381e+01 -1.192371e+01
2.141374e+15 6.259974e-28 1.340495e-12 1.533069e+01 -1.187273e+01
2.126187e+15 6.658192e-28 1.415656e-12 1.532760e+01 -1.184904e+01
2.111214e+15 6.402652e-28 1.351737e-12 1.532453e+01 -1.186911e+01
2.096450e+15 6.452929e-28 1.352824e-12 1.532148e+01 -1.186876e+01
2.081892e+15 6.690769e-28 1.392946e-12 1.531846e+01 -1.185607e+01
2.067534e+15 6.627801e-28 1.370320e-12 1.531545e+01 -1.186318e+01
2.053373e+15 6.598419e-28 1.354901e-12 1.531247e+01 -1.186809e+01
2.039404e+15 6.932316e-28 1.413779e-12 1.530950e+01 -1.184962e+01
2.025624e+15 7.086788e-28 1.435517e-12 1.530656e+01 -1.184299e+01
2.012030e+15 7.435165e-28 1.495977e-12 1.530363e+01 -1.182508e+01
1.998616e+15 6.960012e-28 1.391039e-12 1.530073e+01 -1.185666e+01
1.985380e+15 7.030699e-28 1.395861e-12 1.529784e+01 -1.185516e+01
1.972318e+15 7.061017e-28 1.392657e-12 1.529498e+01 -1.185616e+01
1.959427e+15 5.698829e-28 1.116644e-12 1.529213e+01 -1.195209e+01
1.946704e+15 4.625591e-28 9.004657e-13 1.528930e+01 -1.204553e+01
1.934145e+15 6.772838e-28 1.309965e-12 1.528649e+01 -1.188274e+01
1.921746e+15 7.312561e-28 1.405289e-12 1.528370e+01 -1.185223e+01
1.909506e+15 6.876029e-28 1.312982e-12 1.528092e+01 -1.188174e+01
1.897420e+15 6.933896e-28 1.315651e-12 1.527816e+01 -1.188086e+01
1.885487e+15 6.919737e-28 1.304707e-12 1.527542e+01 -1.188449e+01
1.873702e+15 6.590265e-28 1.234820e-12 1.527270e+01 -1.190840e+01
1.862065e+15 6.208403e-28 1.156045e-12 1.526999e+01 -1.193703e+01
1.850570e+15 6.294368e-28 1.164817e-12 1.526731e+01 -1.193374e+01
1.839217e+15 6.322964e-28 1.162930e-12 1.526463e+01 -1.193445e+01
1.828002e+15 6.438989e-28 1.177049e-12 1.526198e+01 -1.192921e+01
1.816924e+15 6.586173e-28 1.196657e-12 1.525934e+01 -1.192203e+01
1.805978e+15 6.199550e-28 1.119625e-12 1.525671e+01 -1.195093e+01
1.795164e+15 6.332367e-28 1.136764e-12 1.525410e+01 -1.194433e+01
1.784479e+15 6.867938e-28 1.225569e-12 1.525151e+01 -1.191166e+01
1.773920e+15 6.734610e-28 1.194666e-12 1.524893e+01 -1.192275e+01
1.763485e+15 6.615604e-28 1.166652e-12 1.524637e+01 -1.193306e+01
1.753172e+15 6.284695e-28 1.101815e-12 1.524382e+01 -1.195789e+01
1.742979e+15 6.148300e-28 1.071636e-12 1.524129e+01 -1.196995e+01
1.732904e+15 6.677833e-28 1.157204e-12 1.523877e+01 -1.193659e+01
1.722945e+15 6.851193e-28 1.180423e-12 1.523627e+01 -1.192796e+01
1.713099e+15 6.849858e-28 1.173449e-12 1.523378e+01 -1.193054e+01
1.703366e+15 6.958827e-28 1.185343e-12 1.523131e+01 -1.192616e+01
1.693742e+15 6.928587e-28 1.173524e-12 1.522885e+01 -1.193051e+01
1.684227e+15 6.962091e-28 1.172574e-12 1.522640e+01 -1.193086e+01
1.674818e+15 6.203794e-28 1.039023e-12 1.522397e+01 -1.198338e+01
1.665513e+15 6.875145e-28 1.145065e-12 1.522155e+01 -1.194117e+01
1.656312e+15 6.744126e-28 1.117037e-12 1.521914e+01 -1.195193e+01
1.647211e+15 6.988962e-28 1.151229e-12 1.521675e+01 -1.193884e+01
1.638210e+15 6.937901e-28 1.136574e-12 1.521437e+01 -1.194440e+01
1.629307e+15 6.684692e-28 1.089141e-12 1.521200e+01 -1.196292e+01
1.620499e+15 6.462117e-28 1.047186e-12 1.520965e+01 -1.197998e+01
1.611787e+15 6.433881e-28 1.037005e-12 1.520731e+01 -1.198422e+01
1.603168e+15 6.694296e-28 1.073208e-12 1.520498e+01 -1.196932e+01
1.594640e+15 6.600022e-28 1.052466e-12 1.520266e+01 -1.197779e+01
1.586203e+15 6.385494e-28 1.012869e-12 1.520036e+01 -1.199445e+01
1.577855e+15 6.378298e-28 1.006403e-12 1.519807e+01 -1.199723e+01
1.569594e+15 6.397781e-28 1.004192e-12 1.519579e+01 -1.199818e+01
1.561419e+15 6.267577e-28 9.786312e-13 1.519352e+01 -1.200938e+01
1.553328e+15 6.320824e-28 9.818316e-13 1.519126e+01 -1.200796e+01
1.545322e+15 6.719595e-28 1.038394e-12 1.518902e+01 -1.198364e+01
1.537397e+15 6.776583e-28 1.041830e-12 1.518679e+01 -1.198220e+01
1.529553e+15 6.669966e-28 1.020207e-12 1.518456e+01 -1.199131e+01
1.521789e+15 6.733960e-28 1.024767e-12 1.518235e+01 -1.198938e+01
1.514103e+15 6.978130e-28 1.056561e-12 1.518016e+01 -1.197611e+01
1.506494e+15 6.949272e-28 1.046904e-12 1.517797e+01 -1.198009e+01
1.498962e+15 6.853204e-28 1.027269e-12 1.517579e+01 -1.198832e+01
1.491504e+15 6.785058e-28 1.011995e-12 1.517362e+01 -1.199482e+01
1.484121e+15 7.071207e-28 1.049452e-12 1.517147e+01 -1.197904e+01
1.476810e+15 6.988298e-28 1.032039e-12 1.516932e+01 -1.198630e+01
1.469571e+15 7.043676e-28 1.035118e-12 1.516719e+01 -1.198501e+01
1.462402e+15 6.938407e-28 1.014674e-12 1.516507e+01 -1.199367e+01
1.455303e+15 6.519396e-28 9.487696e-13 1.516295e+01 -1.202284e+01
1.448272e+15 7.008904e-28 1.015080e-12 1.516085e+01 -1.199350e+01
1.441310e+15 7.341516e-28 1.058140e-12 1.515876e+01 -1.197546e+01
1.434413e+15 7.312047e-28 1.048850e-12 1.515667e+01 -1.197929e+01
1.427583e+15 6.837677e-28 9.761351e-13 1.515460e+01 -1.201049e+01
1.420817e+15 7.326178e-28 1.040916e-12 1.515254e+01 -1.198258e+01
1.414115e+15 7.277924e-28 1.029182e-12 1.515048e+01 -1.198751e+01
1.407476e+15 7.549996e-28 1.062644e-12 1.514844e+01 -1.197361e+01
1.400899e+15 7.010569e-28 9.821100e-13 1.514641e+01 -1.200784e+01
1.394383e+15 7.217666e-28 1.006419e-12 1.514438e+01 -1.199722e+01
1.387928e+15 7.249277e-28 1.006147e-12 1.514237e+01 -1.199734e+01
1.381532e+15 6.796885e-28 9.390112e-13 1.514036e+01 -1.202733e+01
1.375194e+15 6.870059e-28 9.447667e-13 1.513836e+01 -1.202468e+01
1.368915e+15 7.179536e-28 9.828176e-13 1.513638e+01 -1.200753e+01
1.362693e+15 7.626025e-28 1.039193e-12 1.513440e+01 -1.198330e+01
1.356527e+15 7.188524e-28 9.751425e-13 1.513243e+01 -1.201093e+01
1.350416e+15 6.752912e-28 9.119242e-13 1.513047e+01 -1.204004e+01
1.344361e+15 6.884525e-28 9.255283e-13 1.512852e+01 -1.203361e+01
1.338359e+15 6.940925e-28 9.289449e-13 1.512657e+01 -1.203201e+01
1.332411e+15 6.953251e-28 9.264586e-13 1.512464e+01 -1.203317e+01
1.326515e+15 7.143556e-28 9.476035e-13 1.512271e+01 -1.202337e+01
1.320671e+15 6.829676e-28 9.019758e-13 1.512079e+01 -1.204481e+01
1.314879e+15 7.066066e-28 9.291021e-13 1.511889e+01 -1.203194e+01
1.309137e+15 7.185485e-28 9.406786e-13 1.511699e+01 -1.202656e+01
1.303445e+15 6.936247e-28 9.041018e-13 1.511509e+01 -1.204378e+01
1.297803e+15 7.329036e-28 9.511642e-13 1.511321e+01 -1.202174e+01
1.292209e+15 7.257361e-28 9.378025e-13 1.511133e+01 -1.202789e+01
1.286663e+15 7.189556e-28 9.250533e-13 1.510946e+01 -1.203383e+01
1.281164e+15 7.101826e-28 9.098605e-13 1.510760e+01 -1.204103e+01
1.275712e+15 7.005765e-28 8.937341e-13 1.510575e+01 -1.204879e+01
1.270307e+15 7.412401e-28 9.416023e-13 1.510391e+01 -1.202613e+01
1.264947e+15 7.364878e-28 9.316179e-13 1.510207e+01 -1.203076e+01
1.259632e+15 7.167209e-28 9.028046e-13 1.510024e+01 -1.204441e+01
1.254362e+15 6.815631e-28 8.549265e-13 1.509842e+01 -1.206807e+01
1.249135e+15 7.011247e-28 8.757994e-13 1.509661e+01 -1.205760e+01
1.243952e+15 6.854021e-28 8.526073e-13 1.509480e+01 -1.206925e+01
1.238812e+15 7.262969e-28 8.997450e-13 1.509301e+01 -1.204588e+01
1.233714e+15 7.968326e-28 9.830632e-13 1.509121e+01 -1.200742e+01
1.228657e+15 7.650232e-28 9.399514e-13 1.508943e+01 -1.202689e+01
1.223642e+15 7.660597e-28 9.373832e-13 1.508765e+01 -1.202808e+01
1.218668e+15 8.000980e-28 9.750541e-13 1.508589e+01 -1.201097e+01
1.213734e+15 7.606190e-28 9.231894e-13 1.508412e+01 -1.203471e+01
1.208840e+15 7.486454e-28 9.049928e-13 1.508237e+01 -1.204335e+01
1.203986e+15 7.275965e-28 8.760156e-13 1.508062e+01 -1.205749e+01
1.199170e+15 7.771590e-28 9.319455e-13 1.507888e+01 -1.203061e+01
1.194392e+15 7.723745e-28 9.225179e-13 1.507715e+01 -1.203503e+01
1.189652e+15 7.382957e-28 8.783152e-13 1.507542e+01 -1.205635e+01
1.184950e+15 7.602531e-28 9.008621e-13 1.507370e+01 -1.204534e+01
1.180285e+15 7.719144e-28 9.110791e-13 1.507199e+01 -1.204044e+01
1.175656e+15 7.929251e-28 9.322075e-13 1.507028e+01 -1.203049e+01
1.171064e+15 8.206390e-28 9.610209e-13 1.506858e+01 -1.201727e+01
1.166507e+15 8.992323e-28 1.048961e-12 1.506689e+01 -1.197924e+01
1.161986e+15 8.182378e-28 9.507809e-13 1.506520e+01 -1.202192e+01
1.157500e+15 8.531789e-28 9.875543e-13 1.506352e+01 -1.200544e+01
1.153048e+15 8.427911e-28 9.717784e-13 1.506185e+01 -1.201243e+01
1.148630e+15 8.358886e-28 9.601266e-13 1.506018e+01 -1.201767e+01
1.144246e+15 8.948096e-28 1.023882e-12 1.505852e+01 -1.198975e+01
1.139895e+15 9.061880e-28 1.032959e-12 1.505686e+01 -1.198592e+01
1.135577e+15 1.139271e-27 1.293730e-12 1.505522e+01 -1.188816e+01
1.131292e+15 1.149453e-27 1.300367e-12 1.505357e+01 -1.188593e+01
1.127039e+15 1.188296e-27 1.339256e-12 1.505194e+01 -1.187314e+01
1.122818e+15 1.118574e-27 1.255955e-12 1.505031e+01 -1.190103e+01
1.118628e+15 1.150512e-27 1.286995e-12 1.504869e+01 -1.189042e+01
1.114470e+15 1.136185e-27 1.266244e-12 1.504707e+01 -1.189748e+01
1.110342e+15 1.151817e-27 1.278911e-12 1.504546e+01 -1.189316e+01
1.106245e+15 1.186044e-27 1.312055e-12 1.504385e+01 -1.188205e+01
1.102178e+15 1.071936e-27 1.181464e-12 1.504225e+01 -1.192758e+01
1.098141e+15 1.124622e-27 1.234993e-12 1.504066e+01 -1.190834e+01
1.094133e+15 1.030335e-27 1.127323e-12 1.503907e+01 -1.194795e+01
1.090154e+15 9.949001e-28 1.084595e-12 1.503749e+01 -1.196473e+01
1.086204e+15 1.121175e-27 1.217825e-12 1.503591e+01 -1.191442e+01
1.082283e+15 1.192193e-27 1.290291e-12 1.503434e+01 -1.188931e+01
1.078390e+15 1.122282e-27 1.210258e-12 1.503278e+01 -1.191712e+01
1.074525e+15 9.951347e-28 1.069297e-12 1.503122e+01 -1.197090e+01
1.070687e+15 8.522816e-28 9.125269e-13 1.502966e+01 -1.203975e+01
1.066877e+15 1.011179e-27 1.078803e-12 1.502811e+01 -1.196706e+01
1.063094e+15 1.301660e-27 1.383787e-12 1.502657e+01 -1.185893e+01
1.059337e+15 1.275904e-27 1.351612e-12 1.502503e+01 -1.186915e+01
1.055607e+15 1.261142e-27 1.331270e-12 1.502350e+01 -1.187573e+01
1.051903e+15 1.082772e-27 1.138972e-12 1.502198e+01 -1.194349e+01
1.048225e+15 1.235173e-27 1.294739e-12 1.502045e+01 -1.188782e+01
1.044573e+15 1.367128e-27 1.428065e-12 1.501894e+01 -1.184525e+01
1.040946e+15 1.366702e-27 1.422663e-12 1.501743e+01 -1.184690e+01
1.037344e+15 1.438267e-27 1.491978e-12 1.501592e+01 -1.182624e+01
1.033767e+15 1.608132e-27 1.662433e-12 1.501442e+01 -1.177926e+01
1.030214e+15 1.676609e-27 1.727267e-12 1.501293e+01 -1.176264e+01
1.026686e+15 1.635048e-27 1.678681e-12 1.501144e+01 -1.177503e+01
1.023182e+15 1.638762e-27 1.676752e-12 1.500995e+01 -1.177553e+01
1.019702e+15 1.634855e-27 1.667065e-12 1.500847e+01 -1.177805e+01
1.016245e+15 1.650750e-27 1.677567e-12 1.500700e+01 -1.177532e+01
1.012812e+15 1.751952e-27 1.774398e-12 1.500553e+01 -1.175095e+01
1.009402e+15 1.651041e-27 1.666564e-12 1.500406e+01 -1.177818e+01
1.006015e+15 1.699050e-27 1.709270e-12 1.500260e+01 -1.176719e+01
1.002650e+15 1.716334e-27 1.720882e-12 1.500115e+01 -1.176425e+01
9.993080e+14 1.665879e-27 1.664726e-12 1.499970e+01 -1.177866e+01
9.959880e+14 1.711652e-27 1.704785e-12 1.499825e+01 -1.176833e+01
9.926901e+14 1.668234e-27 1.656039e-12 1.499681e+01 -1.178093e+01
9.894139e+14 1.916047e-27 1.895764e-12 1.499538e+01 -1.172222e+01
9.861592e+14 1.977186e-27 1.949820e-12 1.499395e+01 -1.171001e+01
9.829259e+14 2.016643e-27 1.982210e-12 1.499252e+01 -1.170285e+01
9.797137e+14 1.936784e-27 1.897493e-12 1.499110e+01 -1.172182e+01
9.765225e+14 2.020521e-27 1.973084e-12 1.498968e+01 -1.170485e+01
9.733519e+14 2.121812e-27 2.065270e-12 1.498827e+01 -1.168502e+01
9.702019e+14 2.017721e-27 1.957596e-12 1.498686e+01 -1.170828e+01
9.670723e+14 2.000350e-27 1.934483e-12 1.498546e+01 -1.171344e+01
9.639627e+14 2.307077e-27 2.223936e-12 1.498406e+01 -1.165288e+01
9.608731e+14 2.251737e-27 2.163633e-12 1.498267e+01 -1.166482e+01
9.578032e+14 2.317577e-27 2.219783e-12 1.498128e+01 -1.165369e+01
9.547529e+14 2.377657e-27 2.270075e-12 1.497989e+01 -1.164396e+01
9.517219e+14 2.353794e-27 2.240158e-12 1.497851e+01 -1.164972e+01
9.487101e+14 2.228012e-27 2.113737e-12 1.497713e+01 -1.167495e+01
9.457174e+14 2.491384e-27 2.356145e-12 1.497576e+01 -1.162780e+01
9.427434e+14 2.510442e-27 2.366703e-12 1.497439e+01 -1.162586e+01
9.397881e+14 2.369477e-27 2.226806e-12 1.497303e+01 -1.165232e+01
9.368512e+14 2.287012e-27 2.142590e-12 1.497167e+01 -1.166906e+01
9.339327e+14 2.520878e-27 2.354330e-12 1.497032e+01 -1.162813e+01
9.310323e+14 2.473165e-27 2.302596e-12 1.496896e+01 -1.163778e+01
9.281498e+14 2.308435e-27 2.142574e-12 1.496762e+01 -1.166906e+01
9.252852e+14 2.358309e-27 2.182109e-12 1.496628e+01 -1.166112e+01
9.224382e+14 2.728361e-27 2.516744e-12 1.496494e+01 -1.159916e+01
9.196086e+14 2.892654e-27 2.660110e-12 1.496360e+01 -1.157510e+01
9.167963e+14 3.009740e-27 2.759319e-12 1.496227e+01 -1.155920e+01
9.140012e+14 2.937660e-27 2.685025e-12 1.496095e+01 -1.157105e+01
9.112231e+14 3.187412e-27 2.904443e-12 1.495962e+01 -1.153694e+01
9.084618e+14 3.310340e-27 3.007318e-12 1.495831e+01 -1.152182e+01
9.057172e+14 3.050303e-27 2.762712e-12 1.495699e+01 -1.155866e+01
9.029892e+14 3.057923e-27 2.761271e-12 1.495568e+01 -1.155889e+01
9.002775e+14 3.021847e-27 2.720501e-12 1.495438e+01 -1.156535e+01
8.975820e+14 3.133882e-27 2.812916e-12 1.495307e+01 -1.155084e+01
8.949027e+14 3.221345e-27 2.882791e-12 1.495178e+01 -1.154019e+01
8.922393e+14 2.998825e-27 2.675669e-12 1.495048e+01 -1.157257e+01
8.895917e+14 2.897572e-27 2.577656e-12 1.494919e+01 -1.158877e+01
8.869598e+14 3.141986e-27 2.786815e-12 1.494790e+01 -1.155489e+01
8.843434e+14 3.292454e-27 2.911660e-12 1.494662e+01 -1.153586e+01
8.817424e+14 3.404115e-27 3.001552e-12 1.494534e+01 -1.152265e+01
8.791566e+14 3.378428e-27 2.970168e-12 1.494407e+01 -1.152722e+01
8.765860e+14 3.423833e-27 3.001284e-12 1.494279e+01 -1.152269e+01
8.740303e+14 3.473451e-27 3.035902e-12 1.494153e+01 -1.151771e+01
8.714895e+14 3.076089e-27 2.680780e-12 1.494026e+01 -1.157174e+01
8.689635e+14 3.209748e-27 2.789154e-12 1.493900e+01 -1.155453e+01
8.664520e+14 3.469072e-27 3.005785e-12 1.493774e+01 -1.152204e+01
8.639550e+14 3.295750e-27 2.847380e-12 1.493649e+01 -1.154555e+01
8.614724e+14 3.296248e-27 2.839626e-12 1.493524e+01 -1.154674e+01
8.590040e+14 3.332520e-27 2.862648e-12 1.493400e+01 -1.154323e+01
8.565497e+14 3.683597e-27 3.155184e-12 1.493275e+01 -1.150098e+01
8.541094e+14 3.811024e-27 3.255032e-12 1.493151e+01 -1.148744e+01
8.516830e+14 3.586368e-27 3.054449e-12 1.493028e+01 -1.151507e+01
8.492703e+14 3.725230e-27 3.163727e-12 1.492905e+01 -1.149980e+01
8.468712e+14 4.221508e-27 3.575074e-12 1.492782e+01 -1.144671e+01
8.444856e+14 4.140738e-27 3.496794e-12 1.492659e+01 -1.145633e+01
8.421135e+14 3.743119e-27 3.152131e-12 1.492537e+01 -1.150140e+01
8.397546e+14 3.340829e-27 2.805477e-12 1.492415e+01 -1.155199e+01
8.374089e+14 2.988464e-27 2.502567e-12 1.492294e+01 -1.160161e+01
8.350763e+14 3.420614e-27 2.856473e-12 1.492173e+01 -1.154417e+01
8.327567e+14 3.938162e-27 3.279531e-12 1.492052e+01 -1.148419e+01
8.304499e+14 3.760715e-27 3.123085e-12 1.491931e+01 -1.150542e+01
8.281558e+14 4.043612e-27 3.348740e-12 1.491811e+01 -1.147512e+01
8.258744e+14 4.250277e-27 3.510195e-12 1.491691e+01 -1.145467e+01
8.236055e+14 4.293995e-27 3.536558e-12 1.491572e+01 -1.145142e+01
8.213490e+14 4.700471e-27 3.860727e-12 1.491453e+01 -1.141333e+01
8.191049e+14 5.409807e-27 4.431199e-12 1.491334e+01 -1.135348e+01
8.168730e+14 5.205408e-27 4.252158e-12 1.491215e+01 -1.137139e+01
8.146533e+14 4.852043e-27 3.952733e-12 1.491097e+01 -1.140310e+01
8.124455e+14 5.024252e-27 4.081931e-12 1.490979e+01 -1.138913e+01
8.102497e+14 5.220553e-27 4.229951e-12 1.490862e+01 -1.137366e+01
8.080658e+14 4.856277e-27 3.924191e-12 1.490745e+01 -1.140625e+01
8.058935e+14 4.640560e-27 3.739797e-12 1.490628e+01 -1.142715e+01
8.037330e+14 4.028572e-27 3.237896e-12 1.490511e+01 -1.148974e+01
8.015840e+14 3.785793e-27 3.034631e-12 1.490395e+01 -1.151789e+01
7.994464e+14 4.173303e-27 3.336332e-12 1.490279e+01 -1.147673e+01
7.973202e+14 4.618857e-27 3.682708e-12 1.490163e+01 -1.143383e+01
7.952053e+14 5.309693e-27 4.222296e-12 1.490048e+01 -1.137445e+01
7.931016e+14 5.981132e-27 4.743645e-12 1.489933e+01 -1.132389e+01
7.910090e+14 5.265730e-27 4.165239e-12 1.489818e+01 -1.138036e+01
7.889274e+14 5.176796e-27 4.084116e-12 1.489704e+01 -1.138890e+01
7.868567e+14 5.050224e-27 3.973802e-12 1.489590e+01 -1.140079e+01
7.847969e+14 4.230109e-27 3.319776e-12 1.489476e+01 -1.147889e+01
7.827478e+14 3.585512e-27 2.806551e-12 1.489362e+01 -1.155183e+01
7.807094e+14 4.028006e-27 3.144702e-12 1.489249e+01 -1.150242e+01
7.786816e+14 4.643407e-27 3.615735e-12 1.489136e+01 -1.144180e+01
7.766642e+14 4.623603e-27 3.590987e-12 1.489023e+01 -1.144479e+01
7.746574e+14 4.657410e-27 3.607897e-12 1.488911e+01 -1.144275e+01
7.726608e+14 4.620647e-27 3.570193e-12 1.488799e+01 -1.144731e+01
7.706746e+14 5.231465e-27 4.031757e-12 1.488687e+01 -1.139451e+01
7.686985e+14 5.835091e-27 4.485426e-12 1.488576e+01 -1.134820e+01
7.667325e+14 6.367867e-27 4.882451e-12 1.488464e+01 -1.131136e+01
7.647765e+14 5.812819e-27 4.445508e-12 1.488353e+01 -1.135208e+01
7.628305e+14 4.283160e-27 3.267325e-12 1.488243e+01 -1.148581e+01
7.608944e+14 4.674759e-27 3.556998e-12 1.488132e+01 -1.144892e+01
7.589681e+14 6.398238e-27 4.856058e-12 1.488022e+01 -1.131372e+01
7.570515e+14 5.457421e-27 4.131548e-12 1.487913e+01 -1.138389e+01
7.551446e+14 4.854715e-27 3.666011e-12 1.487803e+01 -1.143581e+01
7.532472e+14 7.496213e-27 5.646502e-12 1.487694e+01 -1.124822e+01
7.513594e+14 9.242154e-27 6.944180e-12 1.487585e+01 -1.115838e+01
7.494810e+14 9.940642e-27 7.450323e-12 1.487476e+01 -1.112782e+01
7.476120e+14 1.050346e-26 7.852510e-12 1.487368e+01 -1.110499e+01
7.457522e+14 1.079782e-26 8.052500e-12 1.487259e+01 -1.109407e+01
7.439017e+14 1.052331e-26 7.828309e-12 1.487152e+01 -1.110633e+01
7.420604e+14 1.024210e-26 7.600259e-12 1.487044e+01 -1.111917e+01
7.402281e+14 1.045596e-26 7.739799e-12 1.486937e+01 -1.111127e+01
7.384049e+14 1.001056e-26 7.391844e-12 1.486829e+01 -1.113125e+01
7.365907e+14 1.011966e-26 7.454047e-12 1.486723e+01 -1.112761e+01
7.347853e+14 1.080424e-26 7.938800e-12 1.486616e+01 -1.110025e+01
7.329888e+14 1.144949e-26 8.392344e-12 1.486510e+01 -1.107612e+01
7.312010e+14 1.053205e-26 7.701047e-12 1.486404e+01 -1.111345e+01
7.294219e+14 1.088804e-26 7.941974e-12 1.486298e+01 -1.110007e+01
7.276515e+14 1.126381e-26 8.196128e-12 1.486192e+01 -1.108639e+01
7.258896e+14 1.109677e-26 8.055029e-12 1.486087e+01 -1.109393e+01
7.241362e+14 1.051757e-26 7.616153e-12 1.485982e+01 -1.111826e+01
7.223913e+14 1.051763e-26 7.597845e-12 1.485877e+01 -1.111931e+01
7.206548e+14 1.104111e-26 7.956829e-12 1.485773e+01 -1.109926e+01
7.189266e+14 1.063445e-26 7.645389e-12 1.485668e+01 -1.111660e+01
7.172067e+14 1.068933e-26 7.666462e-12 1.485564e+01 -1.111541e+01
7.154950e+14 1.111269e-26 7.951074e-12 1.485461e+01 -1.109957e+01
7.137914e+14 1.098847e-26 7.843476e-12 1.485357e+01 -1.110549e+01
7.120960e+14 1.177291e-26 8.383444e-12 1.485254e+01 -1.107658e+01
7.104085e+14 1.100192e-26 7.815855e-12 1.485151e+01 -1.110702e+01
7.087291e+14 1.080387e-26 7.657015e-12 1.485048e+01 -1.111594e+01
7.070575e+14 1.215148e-26 8.591797e-12 1.484945e+01 -1.106592e+01
7.053939e+14 1.201348e-26 8.474234e-12 1.484843e+01 -1.107190e+01
7.037380e+14 1.213353e-26 8.538828e-12 1.484741e+01 -1.106860e+01
7.020899e+14 1.185985e-26 8.326682e-12 1.484639e+01 -1.107953e+01
7.004495e+14 1.189345e-26 8.330760e-12 1.484538e+01 -1.107932e+01
6.988168e+14 1.126335e-26 7.871021e-12 1.484436e+01 -1.110397e+01
6.971916e+14 1.030172e-26 7.182269e-12 1.484335e+01 -1.114374e+01
6.955740e+14 1.150055e-26 7.999486e-12 1.484234e+01 -1.109694e+01
6.939639e+14 1.347693e-26 9.352500e-12 1.484134e+01 -1.102907e+01
6.923612e+14 1.353939e-26 9.374150e-12 1.484033e+01 -1.102807e+01
6.907659e+14 1.431205e-26 9.886274e-12 1.483933e+01 -1.100497e+01
6.891779e+14 1.490738e-26 1.027384e-11 1.483833e+01 -1.098827e+01
6.875972e+14 1.573207e-26 1.081733e-11 1.483733e+01 -1.096588e+01
6.860238e+14 1.522840e-26 1.044705e-11 1.483634e+01 -1.098101e+01
6.844575e+14 1.365684e-26 9.347528e-12 1.483535e+01 -1.102930e+01
6.828984e+14 1.395302e-26 9.528492e-12 1.483436e+01 -1.102098e+01
6.813464e+14 1.455608e-26 9.917734e-12 1.483337e+01 -1.100359e+01
6.798014e+14 1.518545e-26 1.032309e-11 1.483238e+01 -1.098619e+01
6.782633e+14 1.646476e-26 1.116745e-11 1.483140e+01 -1.095205e+01
6.767323e+14 1.594751e-26 1.079219e-11 1.483042e+01 -1.096689e+01
6.752081e+14 1.638147e-26 1.106090e-11 1.482944e+01 -1.095621e+01
6.736908e+14 1.664791e-26 1.121555e-11 1.482846e+01 -1.095018e+01
6.721803e+14 1.559043e-26 1.047958e-11 1.482749e+01 -1.097966e+01
6.706765e+14 1.748343e-26 1.172573e-11 1.482651e+01 -1.093086e+01
6.691795e+14 1.855957e-26 1.241969e-11 1.482554e+01 -1.090589e+01
6.676891e+14 1.874165e-26 1.251359e-11 1.482457e+01 -1.090262e+01
6.662053e+14 1.910180e-26 1.272572e-11 1.482361e+01 -1.089532e+01
6.647282e+14 1.970019e-26 1.309527e-11 1.482264e+01 -1.088289e+01
6.632575e+14 1.828527e-26 1.212784e-11 1.482168e+01 -1.091622e+01
6.617934e+14 1.728102e-26 1.143646e-11 1.482072e+01 -1.094171e+01
6.603357e+14 1.866365e-26 1.232428e-11 1.481976e+01 -1.090924e+01
6.588844e+14 1.907170e-26 1.256605e-11 1.481881e+01 -1.090080e+01
6.574395e+14 1.999628e-26 1.314635e-11 1.481786e+01 -1.088119e+01
6.560009e+14 1.967560e-26 1.290721e-11 1.481690e+01 -1.088917e+01
6.545686e+14 1.982827e-26 1.297896e-11 1.481596e+01 -1.088676e+01
6.531425e+14 1.930261e-26 1.260735e-11 1.481501e+01 -1.089938e+01
6.517226e+14 1.983998e-26 1.293016e-11 1.481406e+01 -1.088840e+01
6.503089e+14 2.104096e-26 1.368312e-11 1.481312e+01 -1.086381e+01
6.489013e+14 2.158480e-26 1.400640e-11 1.481218e+01 -1.085367e+01
6.474998e+14 2.103420e-26 1.361964e-11 1.481124e+01 -1.086583e+01
6.461043e+14 2.010418e-26 1.298940e-11 1.481030e+01 -1.088641e+01
6.447148e+14 2.012006e-26 1.297170e-11 1.480937e+01 -1.088700e+01
6.433313e+14 2.066938e-26 1.329726e-11 1.480843e+01 -1.087624e+01
6.419537e+14 2.013623e-26 1.292653e-11 1.480750e+01 -1.088852e+01
6.405821e+14 2.093812e-26 1.341259e-11 1.480657e+01 -1.087249e+01
6.392162e+14 2.101328e-26 1.343203e-11 1.480565e+01 -1.087186e+01
6.378562e+14 2.064438e-26 1.316814e-11 1.480472e+01 -1.088048e+01
6.365019e+14 2.069354e-26 1.317148e-11 1.480380e+01 -1.088037e+01
6.351534e+14 2.182824e-26 1.386428e-11 1.480288e+01 -1.085810e+01
6.338106e+14 2.170815e-26 1.375886e-11 1.480196e+01 -1.086142e+01
6.324734e+14 2.260281e-26 1.429568e-11 1.480104e+01 -1.084480e+01
6.311419e+14 2.301138e-26 1.452344e-11 1.480013e+01 -1.083793e+01
6.298160e+14 2.206857e-26 1.389914e-11 1.479921e+01 -1.085701e+01
6.284956e+14 2.205946e-26 1.386427e-11 1.479830e+01 -1.085810e+01
6.271808e+14 2.283860e-26 1.432393e-11 1.479739e+01 -1.084394e+01
6.258714e+14 2.314485e-26 1.448570e-11 1.479649e+01 -1.083906e+01
6.245675e+14 2.375516e-26 1.483670e-11 1.479558e+01 -1.082866e+01
6.232690e+14 2.334865e-26 1.455249e-11 1.479468e+01 -1.083706e+01
6.219759e+14 2.378853e-26 1.479589e-11 1.479377e+01 -1.082986e+01
6.206882e+14 2.384910e-26 1.480286e-11 1.479287e+01 -1.082965e+01
6.194058e+14 2.346163e-26 1.453227e-11 1.479198e+01 -1.083767e+01
6.181287e+14 2.257171e-26 1.395222e-11 1.479108e+01 -1.085536e+01
6.168568e+14 2.130737e-26 1.314360e-11 1.479018e+01 -1.088129e+01
6.155901e+14 2.244210e-26 1.381513e-11 1.478929e+01 -1.085964e+01
6.143287e+14 2.274513e-26 1.397298e-11 1.478840e+01 -1.085471e+01
6.130724e+14 2.311017e-26 1.416821e-11 1.478751e+01 -1.084869e+01
6.118212e+14 2.452703e-26 1.500616e-11 1.478662e+01 -1.082373e+01
6.105752e+14 2.382644e-26 1.454783e-11 1.478574e+01 -1.083720e+01
6.093341e+14 2.354272e-26 1.434538e-11 1.478486e+01 -1.084329e+01
6.080982e+14 2.432635e-26 1.479281e-11 1.478397e+01 -1.082995e+01
6.068672e+14 2.496377e-26 1.514969e-11 1.478309e+01 -1.081960e+01
6.056412e+14 2.522290e-26 1.527603e-11 1.478222e+01 -1.081599e+01
6.044202e+14 2.381149e-26 1.439215e-11 1.478134e+01 -1.084187e+01
6.032040e+14 2.416401e-26 1.457583e-11 1.478046e+01 -1.083637e+01
6.019928e+14 2.431554e-26 1.463778e-11 1.477959e+01 -1.083452e+01
6.007864e+14 2.342566e-26 1.407382e-11 1.477872e+01 -1.085159e+01
5.995848e+14 2.335301e-26 1.400211e-11 1.477785e+01 -1.085381e+01
5.983880e+14 2.187775e-26 1.309138e-11 1.477698e+01 -1.088301e+01
5.971960e+14 2.284081e-26 1.364044e-11 1.477612e+01 -1.086517e+01
5.960087e+14 2.410683e-26 1.436788e-11 1.477525e+01 -1.084261e+01
5.948262e+14 2.362546e-26 1.405304e-11 1.477439e+01 -1.085223e+01
5.936483e+14 2.414844e-26 1.433568e-11 1.477353e+01 -1.084358e+01
5.924751e+14 2.581923e-26 1.529725e-11 1.477267e+01 -1.081539e+01
5.913065e+14 2.438222e-26 1.441737e-11 1.477181e+01 -1.084111e+01
5.901425e+14 2.363821e-26 1.394991e-11 1.477096e+01 -1.085543e+01
5.889831e+14 2.401162e-26 1.414244e-11 1.477010e+01 -1.084948e+01
5.878282e+14 2.378775e-26 1.398311e-11 1.476925e+01 -1.085440e+01
5.866779e+14 2.469714e-26 1.448927e-11 1.476840e+01 -1.083895e+01
5.855320e+14 2.450460e-26 1.434823e-11 1.476755e+01 -1.084320e+01
5.843906e+14 2.389590e-26 1.396454e-11 1.476670e+01 -1.085497e+01
5.832537e+14 2.412483e-26 1.407090e-11 1.476586e+01 -1.085168e+01
5.821212e+14 2.345661e-26 1.365459e-11 1.476501e+01 -1.086472e+01
5.809930e+14 2.290484e-26 1.330755e-11 1.476417e+01 -1.087590e+01
5.798692e+14 2.143996e-26 1.243237e-11 1.476333e+01 -1.090545e+01
5.787498e+14 2.126790e-26 1.230880e-11 1.476249e+01 -1.090978e+01
5.776347e+14 2.308365e-26 1.333392e-11 1.476165e+01 -1.087504e+01
5.765238e+14 2.406793e-26 1.387573e-11 1.476082e+01 -1.085774e+01
5.754173e+14 2.435337e-26 1.401335e-11 1.475998e+01 -1.085346e+01
5.743149e+14 2.583439e-26 1.483708e-11 1.475915e+01 -1.082865e+01
5.732168e+14 2.606497e-26 1.494088e-11 1.475832e+01 -1.082562e+01
5.721229e+14 2.761984e-26 1.580194e-11 1.475749e+01 -1.080129e+01
5.710331e+14 2.668634e-26 1.523878e-11 1.475666e+01 -1.081705e+01
5.699475e+14 2.636788e-26 1.502831e-11 1.475583e+01 -1.082309e+01
5.688660e+14 2.437736e-26 1.386745e-11 1.475501e+01 -1.085800e+01
5.677886e+14 2.813451e-26 1.597446e-11 1.475419e+01 -1.079657e+01
5.667153e+14 2.882521e-26 1.633569e-11 1.475336e+01 -1.078686e+01
5.656460e+14 2.968013e-26 1.678845e-11 1.475254e+01 -1.077499e+01
5.645808e+14 3.067029e-26 1.731586e-11 1.475173e+01 -1.076156e+01
5.635195e+14 2.866755e-26 1.615473e-11 1.475091e+01 -1.079170e+01
5.624623e+14 2.748410e-26 1.545877e-11 1.475009e+01 -1.081083e+01
5.614090e+14 2.886481e-26 1.620496e-11 1.474928e+01 -1.079035e+01
5.603596e+14 2.982682e-26 1.671375e-11 1.474847e+01 -1.077693e+01
5.593142e+14 3.124433e-26 1.747540e-11 1.474766e+01 -1.075757e+01
5.582726e+14 2.923100e-26 1.631887e-11 1.474685e+01 -1.078731e+01
5.572349e+14 3.048486e-26 1.698723e-11 1.474604e+01 -1.076988e+01
5.562011e+14 2.984912e-26 1.660212e-11 1.474523e+01 -1.077984e+01
5.551711e+14 2.851344e-26 1.582984e-11 1.474443e+01 -1.080052e+01
5.541449e+14 2.917880e-26 1.616928e-11 1.474362e+01 -1.079131e+01
5.531225e+14 3.063812e-26 1.694663e-11 1.474282e+01 -1.077092e+01
5.521039e+14 3.035501e-26 1.675912e-11 1.474202e+01 -1.077575e+01
5.510890e+14 3.123005e-26 1.721053e-11 1.474122e+01 -1.076421e+01
5.500778e+14 3.059201e-26 1.682799e-11 1.474042e+01 -1.077397e+01
5.490703e+14 3.051545e-26 1.675513e-11 1.473963e+01 -1.077585e+01
5.480665e+14 3.041482e-26 1.666935e-11 1.473883e+01 -1.077808e+01
5.470664e+14 3.003393e-26 1.643056e-11 1.473804e+01 -1.078435e+01
5.460699e+14 3.120409e-26 1.703962e-11 1.473725e+01 -1.076854e+01
5.450771e+14 3.144347e-26 1.713912e-11 1.473646e+01 -1.076601e+01
5.440878e+14 3.058262e-26 1.663963e-11 1.473567e+01 -1.077886e+01
5.431022e+14 3.217864e-26 1.747629e-11 1.473488e+01 -1.075755e+01
5.421201e+14 3.212157e-26 1.741375e-11 1.473410e+01 -1.075911e+01
5.411415e+14 3.300917e-26 1.786263e-11 1.473331e+01 -1.074805e+01
5.401665e+14 3.301065e-26 1.783125e-11 1.473253e+01 -1.074882e+01
5.391950e+14 3.298109e-26 1.778324e-11 1.473175e+01 -1.074999e+01
5.382269e+14 3.212351e-26 1.728974e-11 1.473097e+01 -1.076221e+01
5.372624e+14 3.246691e-26 1.744325e-11 1.473019e+01 -1.075837e+01
5.363013e+14 3.127909e-26 1.677502e-11 1.472941e+01 -1.077534e+01
5.353436e+14 3.163439e-26 1.693527e-11 1.472863e+01 -1.077121e+01
5.343893e+14 3.272410e-26 1.748741e-11 1.472786e+01 -1.075727e+01
5.334384e+14 3.314112e-26 1.767875e-11 1.472708e+01 -1.075255e+01
5.324909e+14 3.278814e-26 1.745939e-11 1.472631e+01 -1.075797e+01
5.315468e+14 3.325577e-26 1.767700e-11 1.472554e+01 -1.075259e+01
5.306060e+14 3.422140e-26 1.815808e-11 1.472477e+01 -1.074093e+01
5.296686e+14 3.365306e-26 1.782497e-11 1.472400e+01 -1.074897e+01
5.287344e+14 3.364913e-26 1.779145e-11 1.472324e+01 -1.074979e+01
5.278035e+14 3.469153e-26 1.831031e-11 1.472247e+01 -1.073730e+01
5.268759e+14 3.526307e-26 1.857926e-11 1.472171e+01 -1.073097e+01
5.259516e+14 3.487237e-26 1.834118e-11 1.472095e+01 -1.073657e+01
5.250305e+14 3.415764e-26 1.793380e-11 1.472018e+01 -1.074633e+01
5.241126e+14 3.534632e-26 1.852545e-11 1.471942e+01 -1.073223e+01
5.231979e+14 3.637766e-26 1.903272e-11 1.471867e+01 -1.072050e+01
5.222864e+14 3.664875e-26 1.914114e-11 1.471791e+01 -1.071803e+01
5.213781e+14 3.670431e-26 1.913682e-11 1.471715e+01 -1.071813e+01
5.204729e+14 3.625205e-26 1.886821e-11 1.471640e+01 -1.072427e+01
5.195709e+14 3.619978e-26 1.880835e-11 1.471564e+01 -1.072565e+01
5.186720e+14 3.577415e-26 1.855505e-11 1.471489e+01 -1.073154e+01
5.177762e+14 3.643285e-26 1.886406e-11 1.471414e+01 -1.072436e+01
5.168834e+14 3.734542e-26 1.930323e-11 1.471339e+01 -1.071437e+01
5.159938e+14 3.699481e-26 1.908909e-11 1.471264e+01 -1.071921e+01
5.151072e+14 3.789950e-26 1.952231e-11 1.471190e+01 -1.070947e+01
5.142237e+14 3.821555e-26 1.965134e-11 1.471115e+01 -1.070661e+01
5.133432e+14 3.778777e-26 1.939809e-11 1.471041e+01 -1.071224e+01
5.124656e+14 3.799208e-26 1.946963e-11 1.470966e+01 -1.071064e+01
5.115911e+14 3.668499e-26 1.876772e-11 1.470892e+01 -1.072659e+01
5.107196e+14 3.595942e-26 1.836518e-11 1.470818e+01 -1.073600e+01
5.098510e+14 3.488447e-26 1.778588e-11 1.470744e+01 -1.074992e+01
5.089854e+14 3.526478e-26 1.794926e-11 1.470671e+01 -1.074595e+01
5.081227e+14 3.478747e-26 1.767630e-11 1.470597e+01 -1.075261e+01
5.072629e+14 3.555048e-26 1.803344e-11 1.470523e+01 -1.074392e+01
5.064061e+14 3.703032e-26 1.875238e-11 1.470450e+01 -1.072694e+01
5.055521e+14 3.693267e-26 1.867139e-11 1.470377e+01 -1.072882e+01
5.047010e+14 3.796720e-26 1.916208e-11 1.470303e+01 -1.071756e+01
5.038528e+14 3.756905e-26 1.892927e-11 1.470230e+01 -1.072287e+01
5.030074e+14 3.811850e-26 1.917389e-11 1.470157e+01 -1.071729e+01
5.021648e+14 3.815306e-26 1.915912e-11 1.470085e+01 -1.071762e+01
5.013251e+14 3.877723e-26 1.944000e-11 1.470012e+01 -1.071130e+01
5.004881e+14 3.873844e-26 1.938813e-11 1.469939e+01 -1.071246e+01
4.996540e+14 3.848240e-26 1.922789e-11 1.469867e+01 -1.071607e+01
4.988226e+14 3.843318e-26 1.917134e-11 1.469795e+01 -1.071735e+01
4.979940e+14 3.938484e-26 1.961341e-11 1.469722e+01 -1.070745e+01
4.971682e+14 3.956347e-26 1.966970e-11 1.469650e+01 -1.070620e+01
4.963450e+14 3.986222e-26 1.978542e-11 1.469578e+01 -1.070365e+01
4.955246e+14 4.039427e-26 2.001635e-11 1.469507e+01 -1.069862e+01
4.947069e+14 4.032728e-26 1.995018e-11 1.469435e+01 -1.070005e+01
4.938919e+14 4.098385e-26 2.024159e-11 1.469363e+01 -1.069376e+01
4.930796e+14 4.095743e-26 2.019527e-11 1.469292e+01 -1.069475e+01
4.922700e+14 4.064650e-26 2.000905e-11 1.469220e+01 -1.069877e+01
4.914630e+14 4.051175e-26 1.991002e-11 1.469149e+01 -1.070093e+01
4.906586e+14 4.087312e-26 2.005475e-11 1.469078e+01 -1.069778e+01
4.898569e+14 4.051182e-26 1.984499e-11 1.469007e+01 -1.070235e+01
4.890577e+14 4.055810e-26 1.983525e-11 1.468936e+01 -1.070256e+01
4.882612e+14 4.048457e-26 1.976704e-11 1.468865e+01 -1.070406e+01
4.874673e+14 4.031486e-26 1.965217e-11 1.468795e+01 -1.070659e+01
4.866760e+14 3.915660e-26 1.905658e-11 1.468724e+01 -1.071996e+01
4.858872e+14 3.885123e-26 1.887732e-11 1.468654e+01 -1.072406e+01
4.851010e+14 3.891050e-26 1.887552e-11 1.468583e+01 -1.072410e+01
4.843173e+14 3.901141e-26 1.889390e-11 1.468513e+01 -1.072368e+01
4.835361e+14 3.988519e-26 1.928593e-11 1.468443e+01 -1.071476e+01
4.827575e+14 3.959680e-26 1.911565e-11 1.468373e+01 -1.071861e+01
4.819814e+14 3.860840e-26 1.860853e-11 1.468303e+01 -1.073029e+01
4.812077e+14 3.853756e-26 1.854457e-11 1.468233e+01 -1.073178e+01
4.804365e+14 3.866138e-26 1.857434e-11 1.468164e+01 -1.073109e+01
4.796678e+14 3.888783e-26 1.865324e-11 1.468094e+01 -1.072925e+01
4.789016e+14 3.862700e-26 1.849853e-11 1.468025e+01 -1.073286e+01
4.781378e+14 3.974279e-26 1.900253e-11 1.467955e+01 -1.072119e+01
4.773764e+14 4.036954e-26 1.927147e-11 1.467886e+01 -1.071509e+01
4.766175e+14 4.079217e-26 1.944226e-11 1.467817e+01 -1.071125e+01
4.758610e+14 4.135132e-26 1.967748e-11 1.467748e+01 -1.070603e+01
4.751068e+14 4.174374e-26 1.983273e-11 1.467679e+01 -1.070262e+01
4.743551e+14 4.170594e-26 1.978342e-11 1.467610e+01 -1.070370e+01
4.736057e+14 4.196937e-26 1.987693e-11 1.467542e+01 -1.070165e+01
4.728587e+14 4.216796e-26 1.993949e-11 1.467473e+01 -1.070029e+01
4.721140e+14 4.259628e-26 2.011030e-11 1.467405e+01 -1.069658e+01
4.713717e+14 4.311507e-26 2.032322e-11 1.467336e+01 -1.069201e+01
4.706317e+14 4.344141e-26 2.044490e-11 1.467268e+01 -1.068941e+01
4.698940e+14 4.414721e-26 2.074451e-11 1.467200e+01 -1.068310e+01
4.691587e+14 4.354955e-26 2.043165e-11 1.467132e+01 -1.068970e+01
4.684256e+14 4.398582e-26 2.060409e-11 1.467064e+01 -1.068605e+01
4.676949e+14 4.424909e-26 2.069507e-11 1.466996e+01 -1.068413e+01
4.669664e+14 4.413506e-26 2.060959e-11 1.466929e+01 -1.068593e+01
4.662401e+14 4.453017e-26 2.076175e-11 1.466861e+01 -1.068274e+01
4.655161e+14 4.514914e-26 2.101765e-11 1.466793e+01 -1.067742e+01
4.647944e+14 4.509854e-26 2.096155e-11 1.466726e+01 -1.067858e+01
4.640749e+14 4.528409e-26 2.101521e-11 1.466659e+01 -1.067747e+01
4.633577e+14 4.555247e-26 2.110708e-11 1.466592e+01 -1.067557e+01
4.626426e+14 4.568421e-26 2.113546e-11 1.466525e+01 -1.067499e+01
4.619297e+14 4.502912e-26 2.080029e-11 1.466458e+01 -1.068193e+01
4.612191e+14 4.535727e-26 2.091964e-11 1.466391e+01 -1.067945e+01
4.605106e+14 4.663146e-26 2.147428e-11 1.466324e+01 -1.066808e+01
4.598043e+14 4.691418e-26 2.157134e-11 1.466257e+01 -1.066612e+01
4.591002e+14 4.752413e-26 2.181833e-11 1.466191e+01 -1.066118e+01
4.583982e+14 4.738938e-26 2.172321e-11 1.466124e+01 -1.066308e+01
4.576983e+14 4.655466e-26 2.130799e-11 1.466058e+01 -1.067146e+01
4.570006e+14 4.503707e-26 2.058197e-11 1.465992e+01 -1.068651e+01
4.563050e+14 4.583007e-26 2.091249e-11 1.465926e+01 -1.067959e+01
4.556116e+14 4.642859e-26 2.115340e-11 1.465859e+01 -1.067462e+01
4.549202e+14 4.626137e-26 2.104523e-11 1.465794e+01 -1.067685e+01
4.542309e+14 4.698256e-26 2.134093e-11 1.465728e+01 -1.067079e+01
4.535437e+14 4.733509e-26 2.146853e-11 1.465662e+01 -1.066820e+01
4.528586e+14 4.683197e-26 2.120826e-11 1.465596e+01 -1.067349e+01
4.521756e+14 4.605619e-26 2.082548e-11 1.465531e+01 -1.068140e+01
4.514946e+14 4.714909e-26 2.128756e-11 1.465465e+01 -1.067187e+01
4.508156e+14 4.643111e-26 2.093187e-11 1.465400e+01 -1.067919e+01
4.501387e+14 4.632853e-26 2.085427e-11 1.465335e+01 -1.068081e+01
4.494639e+14 4.621012e-26 2.076978e-11 1.465269e+01 -1.068257e+01
4.487910e+14 4.590509e-26 2.060179e-11 1.465204e+01 -1.068609e+01
4.481202e+14 4.664904e-26 2.090438e-11 1.465139e+01 -1.067976e+01
4.474513e+14 4.627848e-26 2.070737e-11 1.465075e+01 -1.068388e+01
4.467845e+14 4.636754e-26 2.071630e-11 1.465010e+01 -1.068369e+01
4.461196e+14 4.609629e-26 2.056446e-11 1.464945e+01 -1.068688e+01
4.454568e+14 4.664930e-26 2.078025e-11 1.464881e+01 -1.068235e+01
4.447958e+14 4.667884e-26 2.076255e-11 1.464816e+01 -1.068272e+01
4.441369e+14 4.687719e-26 2.081989e-11 1.464752e+01 -1.068152e+01
4.434799e+14 4.697625e-26 2.083302e-11 1.464687e+01 -1.068125e+01
4.428248e+14 4.797170e-26 2.124306e-11 1.464623e+01 -1.067278e+01
4.421717e+14 4.789252e-26 2.117672e-11 1.464559e+01 -1.067414e+01
4.415205e+14 4.742435e-26 2.093882e-11 1.464495e+01 -1.067905e+01
4.408712e+14 4.756414e-26 2.096966e-11 1.464431e+01 -1.067841e+01
4.402238e+14 4.811966e-26 2.118342e-11 1.464367e+01 -1.067400e+01
4.395783e+14 4.882013e-26 2.146027e-11 1.464304e+01 -1.066836e+01
4.389347e+14 4.861680e-26 2.133960e-11 1.464240e+01 -1.067081e+01
4.382930e+14 4.949029e-26 2.169125e-11 1.464176e+01 -1.066372e+01
4.376531e+14 4.891219e-26 2.140657e-11 1.464113e+01 -1.066945e+01
4.370152e+14 4.768732e-26 2.084008e-11 1.464050e+01 -1.068110e+01
4.363790e+14 4.842467e-26 2.113151e-11 1.463986e+01 -1.067507e+01
4.357448e+14 4.879332e-26 2.126143e-11 1.463923e+01 -1.067241e+01
4.351123e+14 4.885227e-26 2.125622e-11 1.463860e+01 -1.067251e+01
4.344817e+14 5.012825e-26 2.177981e-11 1.463797e+01 -1.066195e+01
4.338530e+14 4.941803e-26 2.144016e-11 1.463734e+01 -1.066877e+01
4.332260e+14 4.958732e-26 2.148252e-11 1.463671e+01 -1.066791e+01
4.326009e+14 5.015579e-26 2.169744e-11 1.463609e+01 -1.066359e+01
4.319775e+14 5.061641e-26 2.186515e-11 1.463546e+01 -1.066025e+01
4.313560e+14 5.056182e-26 2.181014e-11 1.463484e+01 -1.066134e+01
4.307362e+14 5.118910e-26 2.204900e-11 1.463421e+01 -1.065661e+01
4.301182e+14 5.101249e-26 2.194140e-11 1.463359e+01 -1.065874e+01
4.295020e+14 5.019542e-26 2.155903e-11 1.463297e+01 -1.066637e+01
4.288876e+14 5.021122e-26 2.153497e-11 1.463234e+01 -1.066686e+01
4.282749e+14 5.148470e-26 2.204960e-11 1.463172e+01 -1.065660e+01
4.276639e+14 5.158357e-26 2.206043e-11 1.463110e+01 -1.065639e+01
4.270547e+14 5.122469e-26 2.187574e-11 1.463048e+01 -1.066004e+01
4.264472e+14 5.287735e-26 2.254940e-11 1.462987e+01 -1.064687e+01
4.258415e+14 5.305497e-26 2.259300e-11 1.462925e+01 -1.064603e+01
4.252374e+14 5.363483e-26 2.280754e-11 1.462863e+01 -1.064192e+01
4.246351e+14 5.128182e-26 2.177606e-11 1.462802e+01 -1.066202e+01
4.240345e+14 5.115958e-26 2.169343e-11 1.462740e+01 -1.066367e+01
4.234356e+14 5.229029e-26 2.214157e-11 1.462679e+01 -1.065479e+01
4.228384e+14 5.065300e-26 2.141803e-11 1.462617e+01 -1.066922e+01
4.222428e+14 5.048753e-26 2.131800e-11 1.462556e+01 -1.067125e+01
4.216489e+14 5.111593e-26 2.155298e-11 1.462495e+01 -1.066649e+01
4.210567e+14 5.100502e-26 2.147601e-11 1.462434e+01 -1.066805e+01
4.204662e+14 4.920422e-26 2.068871e-11 1.462373e+01 -1.068427e+01
4.198773e+14 4.823940e-26 2.025463e-11 1.462312e+01 -1.069348e+01
4.192901e+14 4.930748e-26 2.067414e-11 1.462251e+01 -1.068457e+01
4.187045e+14 5.141727e-26 2.152864e-11 1.462191e+01 -1.066698e+01
4.181205e+14 5.081390e-26 2.124633e-11 1.462130e+01 -1.067272e+01
4.175382e+14 5.086561e-26 2.123833e-11 1.462070e+01 -1.067288e+01
4.169574e+14 5.012620e-26 2.090049e-11 1.462009e+01 -1.067984e+01
4.163783e+14 5.012979e-26 2.087296e-11 1.461949e+01 -1.068042e+01
4.158008e+14 5.016121e-26 2.085707e-11 1.461889e+01 -1.068075e+01
4.152249e+14 5.166177e-26 2.145126e-11 1.461828e+01 -1.066855e+01
4.146506e+14 5.191350e-26 2.152597e-11 1.461768e+01 -1.066704e+01
4.140779e+14 5.240658e-26 2.170041e-11 1.461708e+01 -1.066353e+01
4.135068e+14 5.104096e-26 2.110578e-11 1.461648e+01 -1.067560e+01
4.129372e+14 5.194207e-26 2.144881e-11 1.461588e+01 -1.066860e+01
4.123692e+14 5.302659e-26 2.186653e-11 1.461529e+01 -1.066022e+01
4.118027e+14 5.236184e-26 2.156275e-11 1.461469e+01 -1.066630e+01
4.112379e+14 5.335940e-26 2.194340e-11 1.461409e+01 -1.065870e+01
4.106745e+14 5.345931e-26 2.195437e-11 1.461350e+01 -1.065848e+01
4.101127e+14 5.486121e-26 2.249928e-11 1.461290e+01 -1.064783e+01
4.095525e+14 5.450790e-26 2.232384e-11 1.461231e+01 -1.065123e+01
4.089937e+14 5.545536e-26 2.268089e-11 1.461172e+01 -1.064434e+01
4.084365e+14 5.543017e-26 2.263970e-11 1.461112e+01 -1.064513e+01
4.078808e+14 5.463094e-26 2.228291e-11 1.461053e+01 -1.065203e+01
4.073266e+14 5.495727e-26 2.238556e-11 1.460994e+01 -1.065003e+01
4.067739e+14 5.556964e-26 2.260428e-11 1.460935e+01 -1.064581e+01
4.062228e+14 5.701194e-26 2.315955e-11 1.460876e+01 -1.063527e+01
4.056731e+14 5.673691e-26 2.301664e-11 1.460818e+01 -1.063796e+01
4.051249e+14 5.726154e-26 2.319807e-11 1.460759e+01 -1.063455e+01
4.045781e+14 5.780038e-26 2.338477e-11 1.460700e+01 -1.063107e+01
4.040329e+14 5.994773e-26 2.422085e-11 1.460642e+01 -1.061581e+01
4.034891e+14 5.903571e-26 2.382027e-11 1.460583e+01 -1.062305e+01
4.029468e+14 5.835402e-26 2.351356e-11 1.460525e+01 -1.062868e+01
4.024059e+14 5.900829e-26 2.374528e-11 1.460466e+01 -1.062442e+01
4.018665e+14 5.805401e-26 2.332996e-11 1.460408e+01 -1.063209e+01
4.013285e+14 5.994135e-26 2.405617e-11 1.460350e+01 -1.061877e+01
4.007920e+14 6.096395e-26 2.443386e-11 1.460292e+01 -1.061201e+01
4.002569e+14 5.999916e-26 2.401508e-11 1.460234e+01 -1.061952e+01
3.997232e+14 6.008573e-26 2.401766e-11 1.460176e+01 -1.061947e+01
3.991909e+14 6.193463e-26 2.472374e-11 1.460118e+01 -1.060689e+01
3.986601e+14 6.185252e-26 2.465813e-11 1.460060e+01 -1.060804e+01
3.981307e+14 6.069129e-26 2.416306e-11 1.460003e+01 -1.061685e+01
3.976027e+14 6.249256e-26 2.484721e-11 1.459945e+01 -1.060472e+01
3.970760e+14 6.296985e-26 2.500382e-11 1.459887e+01 -1.060199e+01
3.965508e+14 6.332412e-26 2.511123e-11 1.459830e+01 -1.060013e+01
3.960269e+14 6.257131e-26 2.477993e-11 1.459772e+01 -1.060590e+01
3.955045e+14 5.969815e-26 2.361089e-11 1.459715e+01 -1.062689e+01
3.949834e+14 5.708612e-26 2.254807e-11 1.459658e+01 -1.064689e+01
3.944637e+14 5.428930e-26 2.141516e-11 1.459601e+01 -1.066928e+01
3.939453e+14 5.610281e-26 2.210144e-11 1.459544e+01 -1.065558e+01
3.934283e+14 6.027912e-26 2.371551e-11 1.459487e+01 -1.062497e+01
3.929127e+14 5.847183e-26 2.297433e-11 1.459430e+01 -1.063876e+01
3.923984e+14 5.870173e-26 2.303447e-11 1.459373e+01 -1.063762e+01
3.918855e+14 5.983387e-26 2.344803e-11 1.459316e+01 -1.062989e+01
3.913739e+14 5.816960e-26 2.276606e-11 1.459259e+01 -1.064271e+01
3.908636e+14 5.837300e-26 2.281588e-11 1.459203e+01 -1.064176e+01
3.903547e+14 5.738458e-26 2.240034e-11 1.459146e+01 -1.064975e+01
3.898471e+14 5.742427e-26 2.238668e-11 1.459089e+01 -1.065001e+01
3.893408e+14 5.787172e-26 2.253182e-11 1.459033e+01 -1.064720e+01
3.888358e+14 5.854825e-26 2.276566e-11 1.458977e+01 -1.064272e+01
3.883321e+14 5.933190e-26 2.304048e-11 1.458920e+01 -1.063751e+01
3.878298e+14 6.021043e-26 2.335140e-11 1.458864e+01 -1.063169e+01
3.873287e+14 6.126965e-26 2.373149e-11 1.458808e+01 -1.062467e+01
3.868289e+14 5.991862e-26 2.317825e-11 1.458752e+01 -1.063492e+01
3.863304e+14 6.084976e-26 2.350811e-11 1.458696e+01 -1.062878e+01
3.858332e+14 6.173233e-26 2.381838e-11 1.458640e+01 -1.062309e+01
3.853373e+14 6.014531e-26 2.317623e-11 1.458584e+01 -1.063496e+01
3.848426e+14 6.205717e-26 2.388224e-11 1.458528e+01 -1.062192e+01
3.843492e+14 6.222989e-26 2.391801e-11 1.458473e+01 -1.062127e+01
3.838571e+14 6.246287e-26 2.397682e-11 1.458417e+01 -1.062021e+01
3.833662e+14 6.154046e-26 2.359254e-11 1.458361e+01 -1.062723e+01
3.828766e+14 6.066631e-26 2.322771e-11 1.458306e+01 -1.063399e+01
3.823883e+14 6.008930e-26 2.297744e-11 1.458250e+01 -1.063870e+01
3.819011e+14 6.060629e-26 2.314561e-11 1.458195e+01 -1.063553e+01
3.814153e+14 6.028152e-26 2.299229e-11 1.458140e+01 -1.063842e+01
3.809306e+14 6.241115e-26 2.377432e-11 1.458085e+01 -1.062389e+01
3.804472e+14 6.082615e-26 2.314114e-11 1.458029e+01 -1.063562e+01
3.799650e+14 6.165404e-26 2.342638e-11 1.457974e+01 -1.063029e+01
3.794841e+14 5.889856e-26 2.235107e-11 1.457919e+01 -1.065070e+01
3.790043e+14 5.948531e-26 2.254519e-11 1.457864e+01 -1.064695e+01
3.785258e+14 5.962210e-26 2.256850e-11 1.457810e+01 -1.064650e+01
3.780484e+14 6.153179e-26 2.326200e-11 1.457755e+01 -1.063335e+01
3.775723e+14 5.911765e-26 2.232118e-11 1.457700e+01 -1.065128e+01
3.770974e+14 5.997105e-26 2.261493e-11 1.457645e+01 -1.064560e+01
3.766236e+14 6.176284e-26 2.326135e-11 1.457591e+01 -1.063337e+01
3.761511e+14 6.304252e-26 2.371351e-11 1.457536e+01 -1.062500e+01
3.756797e+14 6.214318e-26 2.334593e-11 1.457482e+01 -1.063179e+01
3.752095e+14 6.155961e-26 2.309775e-11 1.457427e+01 -1.063643e+01
3.747405e+14 6.278374e-26 2.352761e-11 1.457373e+01 -1.062842e+01
3.742727e+14 6.365587e-26 2.382465e-11 1.457319e+01 -1.062297e+01
3.738060e+14 6.346351e-26 2.372304e-11 1.457265e+01 -1.062483e+01
3.733405e+14 6.318505e-26 2.358953e-11 1.457211e+01 -1.062728e+01
3.728761e+14 6.356147e-26 2.370056e-11 1.457156e+01 -1.062524e+01
3.724129e+14 6.183621e-26 2.302860e-11 1.457102e+01 -1.063773e+01
3.719509e+14 6.475829e-26 2.408690e-11 1.457049e+01 -1.061822e+01
3.714900e+14 6.422883e-26 2.386037e-11 1.456995e+01 -1.062232e+01
3.710302e+14 6.428824e-26 2.385288e-11 1.456941e+01 -1.062246e+01
3.705716e+14 6.478358e-26 2.400695e-11 1.456887e+01 -1.061966e+01
3.701141e+14 6.373944e-26 2.359086e-11 1.456834e+01 -1.062726e+01
3.696577e+14 6.483838e-26 2.396801e-11 1.456780e+01 -1.062037e+01
3.692025e+14 6.520730e-26 2.407470e-11 1.456726e+01 -1.061844e+01
3.687483e+14 6.575079e-26 2.424549e-11 1.456673e+01 -1.061537e+01
3.682953e+14 6.749095e-26 2.485660e-11 1.456620e+01 -1.060456e+01
3.678434e+14 6.600936e-26 2.428111e-11 1.456566e+01 -1.061473e+01
3.673926e+14 6.720458e-26 2.469047e-11 1.456513e+01 -1.060747e+01
3.669430e+14 6.631185e-26 2.433267e-11 1.456460e+01 -1.061381e+01
3.664944e+14 6.669362e-26 2.444284e-11 1.456407e+01 -1.061185e+01
3.660469e+14 6.981044e-26 2.555390e-11 1.456354e+01 -1.059254e+01
3.656005e+14 6.870263e-26 2.511772e-11 1.456301e+01 -1.060002e+01
3.651552e+14 6.723527e-26 2.455131e-11 1.456248e+01 -1.060993e+01
3.647109e+14 6.810054e-26 2.483701e-11 1.456195e+01 -1.060490e+01
3.642678e+14 6.736342e-26 2.453832e-11 1.456142e+01 -1.061016e+01
3.638257e+14 6.867716e-26 2.498652e-11 1.456089e+01 -1.060229e+01
3.633847e+14 6.912655e-26 2.511953e-11 1.456037e+01 -1.059999e+01
3.629448e+14 6.915259e-26 2.509857e-11 1.455984e+01 -1.060035e+01
3.625059e+14 6.988061e-26 2.533214e-11 1.455932e+01 -1.059633e+01
3.620681e+14 7.141310e-26 2.585641e-11 1.455879e+01 -1.058743e+01
3.616314e+14 6.682483e-26 2.416596e-11 1.455827e+01 -1.061680e+01
3.611957e+14 6.746037e-26 2.436639e-11 1.455774e+01 -1.061321e+01
3.607610e+14 6.592528e-26 2.378327e-11 1.455722e+01 -1.062373e+01
3.603274e+14 6.606135e-26 2.380372e-11 1.455670e+01 -1.062336e+01
3.598948e+14 6.982165e-26 2.512845e-11 1.455618e+01 -1.059983e+01
3.594633e+14 6.581693e-26 2.365877e-11 1.455565e+01 -1.062601e+01
3.590328e+14 6.826798e-26 2.451044e-11 1.455513e+01 -1.061065e+01
3.586033e+14 6.749993e-26 2.420570e-11 1.455461e+01 -1.061608e+01
3.581749e+14 7.052443e-26 2.526008e-11 1.455410e+01 -1.059757e+01
3.577475e+14 6.677973e-26 2.389028e-11 1.455358e+01 -1.062178e+01
3.573211e+14 6.570856e-26 2.347905e-11 1.455306e+01 -1.062932e+01
3.568957e+14 6.831702e-26 2.438205e-11 1.455254e+01 -1.061293e+01
3.564713e+14 6.915213e-26 2.465075e-11 1.455202e+01 -1.060817e+01
3.560480e+14 6.803849e-26 2.422497e-11 1.455151e+01 -1.061574e+01
3.556256e+14 6.911647e-26 2.457959e-11 1.455099e+01 -1.060943e+01
3.552043e+14 6.877462e-26 2.442904e-11 1.455048e+01 -1.061209e+01
3.547839e+14 6.814190e-26 2.417565e-11 1.454996e+01 -1.061662e+01
3.543645e+14 6.684086e-26 2.368603e-11 1.454945e+01 -1.062551e+01
3.539462e+14 6.648944e-26 2.353368e-11 1.454894e+01 -1.062831e+01
3.535288e+14 6.895661e-26 2.437815e-11 1.454842e+01 -1.061300e+01
3.531124e+14 6.712673e-26 2.370328e-11 1.454791e+01 -1.062519e+01
3.526969e+14 6.349559e-26 2.239470e-11 1.454740e+01 -1.064985e+01
3.522825e+14 6.546509e-26 2.306220e-11 1.454689e+01 -1.063710e+01
3.518690e+14 6.657084e-26 2.342422e-11 1.454638e+01 -1.063033e+01
3.514565e+14 6.727577e-26 2.364451e-11 1.454587e+01 -1.062627e+01
3.510450e+14 6.274784e-26 2.202731e-11 1.454536e+01 -1.065704e+01
3.506344e+14 6.837441e-26 2.397442e-11 1.454485e+01 -1.062025e+01
3.502248e+14 6.831827e-26 2.392675e-11 1.454435e+01 -1.062112e+01
3.498161e+14 7.066884e-26 2.472110e-11 1.454384e+01 -1.060693e+01
3.494084e+14 7.004556e-26 2.447451e-11 1.454333e+01 -1.061129e+01
3.490016e+14 7.141832e-26 2.492511e-11 1.454283e+01 -1.060336e+01
3.485958e+14 6.970174e-26 2.429773e-11 1.454232e+01 -1.061443e+01
3.481909e+14 6.979103e-26 2.430060e-11 1.454182e+01 -1.061438e+01
3.477870e+14 7.190180e-26 2.500651e-11 1.454131e+01 -1.060195e+01
3.473840e+14 6.996916e-26 2.430617e-11 1.454081e+01 -1.061428e+01
3.469819e+14 7.059634e-26 2.449565e-11 1.454031e+01 -1.061091e+01
3.465808e+14 7.012215e-26 2.430299e-11 1.453980e+01 -1.061434e+01
3.461806e+14 6.604781e-26 2.286447e-11 1.453930e+01 -1.064084e+01
3.457813e+14 6.978150e-26 2.412914e-11 1.453880e+01 -1.061746e+01
3.453829e+14 7.148203e-26 2.468867e-11 1.453830e+01 -1.060750e+01
3.449855e+14 7.012857e-26 2.419334e-11 1.453780e+01 -1.061630e+01
3.445890e+14 7.391250e-26 2.546943e-11 1.453730e+01 -1.059398e+01
3.441933e+14 7.468764e-26 2.570699e-11 1.453680e+01 -1.058995e+01
3.437986e+14 7.538267e-26 2.591646e-11 1.453630e+01 -1.058642e+01
3.434048e+14 7.622186e-26 2.617495e-11 1.453581e+01 -1.058211e+01
3.430119e+14 7.628808e-26 2.616772e-11 1.453531e+01 -1.058223e+01
3.426199e+14 7.514096e-26 2.574479e-11 1.453481e+01 -1.058931e+01
3.422288e+14 7.473426e-26 2.557621e-11 1.453432e+01 -1.059216e+01
3.418385e+14 7.498062e-26 2.563127e-11 1.453382e+01 -1.059123e+01
3.414492e+14 7.512644e-26 2.565186e-11 1.453333e+01 -1.059088e+01
3.338445e+14 7.701963e-26 2.571258e-11 1.452354e+01 -1.058985e+01
3.265712e+14 8.095816e-26 2.643861e-11 1.451398e+01 -1.057776e+01
3.196081e+14 8.183233e-26 2.615427e-11 1.450462e+01 -1.058246e+01
3.129357e+14 8.566002e-26 2.680608e-11 1.449546e+01 -1.057177e+01
3.065362e+14 8.795713e-26 2.696204e-11 1.448648e+01 -1.056925e+01
3.003932e+14 9.017655e-26 2.708842e-11 1.447769e+01 -1.056722e+01
2.944916e+14 9.338544e-26 2.750122e-11 1.446907e+01 -1.056065e+01
2.888173e+14 9.546620e-26 2.757229e-11 1.446062e+01 -1.055953e+01
2.833577e+14 9.752932e-26 2.763568e-11 1.445233e+01 -1.055853e+01
2.781006e+14 1.002991e-25 2.789325e-11 1.444420e+01 -1.055450e+01
2.730350e+14 1.006962e-25 2.749358e-11 1.443622e+01 -1.056077e+01
2.681506e+14 1.017893e-25 2.729488e-11 1.442838e+01 -1.056392e+01
2.634380e+14 1.034261e-25 2.724636e-11 1.442068e+01 -1.056469e+01
2.588881e+14 1.048663e-25 2.714862e-11 1.441311e+01 -1.056625e+01
2.544927e+14 1.061848e-25 2.702325e-11 1.440568e+01 -1.056826e+01
2.502441e+14 1.070139e-25 2.677960e-11 1.439836e+01 -1.057220e+01
2.461350e+14 1.096604e-25 2.699127e-11 1.439117e+01 -1.056878e+01
2.421586e+14 1.105616e-25 2.677345e-11 1.438410e+01 -1.057230e+01
2.383087e+14 1.103931e-25 2.630763e-11 1.437714e+01 -1.057992e+01
2.345793e+14 1.114683e-25 2.614816e-11 1.437029e+01 -1.058256e+01
2.309649e+14 1.138799e-25 2.630225e-11 1.436355e+01 -1.058001e+01
2.274601e+14 1.167520e-25 2.655641e-11 1.435691e+01 -1.057583e+01
2.240601e+14 1.177596e-25 2.638523e-11 1.435036e+01 -1.057864e+01
2.207602e+14 1.166516e-25 2.575203e-11 1.434392e+01 -1.058919e+01
2.175562e+14 1.190340e-25 2.589657e-11 1.433757e+01 -1.058676e+01
2.144438e+14 1.183714e-25 2.538401e-11 1.433131e+01 -1.059544e+01
2.114192e+14 1.172566e-25 2.479029e-11 1.432514e+01 -1.060572e+01
2.084787e+14 1.196160e-25 2.493739e-11 1.431906e+01 -1.060315e+01
2.056189e+14 1.207598e-25 2.483051e-11 1.431306e+01 -1.060501e+01
2.028365e+14 1.247878e-25 2.531152e-11 1.430715e+01 -1.059668e+01
2.001284e+14 1.268638e-25 2.538905e-11 1.430131e+01 -1.059535e+01
1.974917e+14 1.327666e-25 2.622031e-11 1.429555e+01 -1.058136e+01
1.949235e+14 1.333158e-25 2.598639e-11 1.428986e+01 -1.058525e+01
1.924213e+14 1.354794e-25 2.606913e-11 1.428425e+01 -1.058387e+01
1.899825e+14 1.393338e-25 2.647098e-11 1.427871e+01 -1.057723e+01
1.876048e+14 1.445064e-25 2.711009e-11 1.427324e+01 -1.056687e+01
1.852858e+14 1.445134e-25 2.677627e-11 1.426784e+01 -1.057225e+01
1.830234e+14 1.430949e-25 2.618972e-11 1.426251e+01 -1.058187e+01
1.808157e+14 1.465205e-25 2.649321e-11 1.425724e+01 -1.057687e+01
1.786605e+14 1.494306e-25 2.669736e-11 1.425203e+01 -1.057353e+01
1.765562e+14 1.477843e-25 2.609224e-11 1.424688e+01 -1.058349e+01
1.745008e+14 1.468357e-25 2.562294e-11 1.424180e+01 -1.059137e+01
1.724928e+14 1.445974e-25 2.494200e-11 1.423677e+01 -1.060307e+01
1.705304e+14 1.421023e-25 2.423276e-11 1.423180e+01 -1.061560e+01
1.686121e+14 1.398272e-25 2.357656e-11 1.422689e+01 -1.062752e+01
1.667366e+14 1.348308e-25 2.248123e-11 1.422203e+01 -1.064818e+01
1.649023e+14 1.364386e-25 2.249904e-11 1.421723e+01 -1.064784e+01
1.631079e+14 1.320376e-25 2.153638e-11 1.421248e+01 -1.066683e+01
1.613522e+14 1.304002e-25 2.104037e-11 1.420777e+01 -1.067695e+01
1.596339e+14 1.294075e-25 2.065782e-11 1.420313e+01 -1.068492e+01
1.579517e+14 1.283210e-25 2.026852e-11 1.419852e+01 -1.069318e+01
1.563047e+14 1.248895e-25 1.952082e-11 1.419397e+01 -1.070950e+01
1.546916e+14 1.228293e-25 1.900066e-11 1.418947e+01 -1.072123e+01
1.531115e+14 1.215655e-25 1.861308e-11 1.418501e+01 -1.073018e+01
1.515634e+14 1.193591e-25 1.809047e-11 1.418059e+01 -1.074255e+01
1.500462e+14 1.176412e-25 1.765162e-11 1.417623e+01 -1.075322e+01
1.485592e+14 1.180948e-25 1.754407e-11 1.417190e+01 -1.075587e+01
1.471013e+14 1.156820e-25 1.701697e-11 1.416762e+01 -1.076912e+01
1.456717e+14 1.155109e-25 1.682667e-11 1.416338e+01 -1.077400e+01
1.442697e+14 1.123409e-25 1.620739e-11 1.415918e+01 -1.079029e+01
1.428944e+14 1.133596e-25 1.619844e-11 1.415502e+01 -1.079053e+01
1.415450e+14 1.125412e-25 1.592964e-11 1.415089e+01 -1.079779e+01
1.402210e+14 1.109307e-25 1.555480e-11 1.414681e+01 -1.080814e+01
1.389214e+14 1.096574e-25 1.523375e-11 1.414277e+01 -1.081719e+01
1.376457e+14 1.091595e-25 1.502535e-11 1.413876e+01 -1.082318e+01
1.363933e+14 1.079534e-25 1.472412e-11 1.413479e+01 -1.083197e+01
1.351634e+14 1.069167e-25 1.445122e-11 1.413086e+01 -1.084010e+01
1.339555e+14 1.051321e-25 1.408302e-11 1.412696e+01 -1.085130e+01
1.327690e+14 1.046239e-25 1.389082e-11 1.412310e+01 -1.085727e+01
1.316033e+14 1.036505e-25 1.364075e-11 1.411927e+01 -1.086516e+01
1.304580e+14 9.434207e-26 1.230767e-11 1.411547e+01 -1.090982e+01
1.293324e+14 9.076616e-26 1.173900e-11 1.411171e+01 -1.093037e+01
1.282260e+14 8.851662e-26 1.135013e-11 1.410798e+01 -1.094500e+01
1.271384e+14 8.311154e-26 1.056667e-11 1.410428e+01 -1.097606e+01
1.260691e+14 8.162330e-26 1.029018e-11 1.410061e+01 -1.098758e+01
1.250177e+14 8.218522e-26 1.027461e-11 1.409697e+01 -1.098823e+01
1.239836e+14 7.666223e-26 9.504861e-12 1.409336e+01 -1.102205e+01
1.229665e+14 7.644190e-26 9.399795e-12 1.408979e+01 -1.102688e+01
1.219660e+14 7.440040e-26 9.074319e-12 1.408624e+01 -1.104219e+01
1.209816e+14 7.427417e-26 8.985808e-12 1.408272e+01 -1.104644e+01
1.200130e+14 7.220519e-26 8.665560e-12 1.407923e+01 -1.106220e+01
1.190597e+14 7.648357e-26 9.106113e-12 1.407576e+01 -1.104067e+01
1.181215e+14 7.460651e-26 8.812634e-12 1.407233e+01 -1.105489e+01
1.171980e+14 7.235511e-26 8.479872e-12 1.406892e+01 -1.107161e+01
1.162888e+14 6.968570e-26 8.103663e-12 1.406554e+01 -1.109132e+01
1.153935e+14 7.239365e-26 8.353759e-12 1.406218e+01 -1.107812e+01
1.145120e+14 7.265879e-26 8.320303e-12 1.405885e+01 -1.107986e+01
1.136438e+14 7.355266e-26 8.358805e-12 1.405555e+01 -1.107786e+01
1.127887e+14 7.136816e-26 8.049523e-12 1.405227e+01 -1.109423e+01
1.119464e+14 7.036960e-26 7.877622e-12 1.404901e+01 -1.110360e+01
1.111165e+14 6.921346e-26 7.690760e-12 1.404578e+01 -1.111403e+01
1.102989e+14 6.791865e-26 7.491352e-12 1.404257e+01 -1.112544e+01
1.094932e+14 6.820103e-26 7.467549e-12 1.403939e+01 -1.112682e+01
1.086992e+14 7.017347e-26 7.627800e-12 1.403623e+01 -1.111760e+01
1.079166e+14 6.788939e-26 7.326394e-12 1.403309e+01 -1.113511e+01
1.071452e+14 6.537174e-26 7.004272e-12 1.402997e+01 -1.115464e+01
1.063848e+14 6.568489e-26 6.987875e-12 1.402688e+01 -1.115565e+01
1.056351e+14 6.312672e-26 6.668397e-12 1.402381e+01 -1.117598e+01
1.048959e+14 6.355549e-26 6.666708e-12 1.402076e+01 -1.117609e+01
1.041669e+14 6.745285e-26 7.026356e-12 1.401773e+01 -1.115327e+01
1.034480e+14 6.619121e-26 6.847350e-12 1.401472e+01 -1.116448e+01
1.027390e+14 6.551703e-26 6.731154e-12 1.401174e+01 -1.117191e+01
1.020396e+14 6.522039e-26 6.655064e-12 1.400877e+01 -1.117685e+01
1.013497e+14 6.263132e-26 6.347665e-12 1.400582e+01 -1.119739e+01
1.006690e+14 6.056434e-26 6.096954e-12 1.400290e+01 -1.121489e+01
9.999746e+13 6.188143e-26 6.187986e-12 1.399999e+01 -1.120845e+01
9.933479e+13 6.104778e-26 6.064168e-12 1.399710e+01 -1.121723e+01
9.868084e+13 6.052839e-26 5.972993e-12 1.399423e+01 -1.122381e+01
9.803545e+13 6.045944e-26 5.927169e-12 1.399138e+01 -1.122715e+01
9.739844e+13 5.629425e-26 5.482972e-12 1.398855e+01 -1.126098e+01
9.676966e+13 5.582219e-26 5.401895e-12 1.398574e+01 -1.126745e+01
9.614894e+13 5.838302e-26 5.613466e-12 1.398294e+01 -1.125077e+01
9.553614e+13 5.786478e-26 5.528177e-12 1.398017e+01 -1.125742e+01
9.493110e+13 5.906241e-26 5.606859e-12 1.397741e+01 -1.125128e+01
9.433367e+13 5.681120e-26 5.359209e-12 1.397467e+01 -1.127090e+01
9.374371e+13 5.696976e-26 5.340557e-12 1.397194e+01 -1.127241e+01
9.316109e+13 5.689249e-26 5.300167e-12 1.396923e+01 -1.127571e+01
9.258567e+13 5.490966e-26 5.083847e-12 1.396654e+01 -1.129381e+01
9.201731e+13 5.358358e-26 4.930617e-12 1.396387e+01 -1.130710e+01
9.145589e+13 5.551150e-26 5.076854e-12 1.396121e+01 -1.129441e+01
9.090127e+13 5.481232e-26 4.982510e-12 1.395857e+01 -1.130255e+01
9.035335e+13 5.177411e-26 4.677964e-12 1.395594e+01 -1.132994e+01
8.981198e+13 5.369068e-26 4.822066e-12 1.395333e+01 -1.131677e+01
8.927707e+13 5.386779e-26 4.809158e-12 1.395074e+01 -1.131793e+01
8.874849e+13 5.340169e-26 4.739319e-12 1.394816e+01 -1.132428e+01
8.822613e+13 5.431347e-26 4.791867e-12 1.394560e+01 -1.131950e+01
8.770989e+13 5.169955e-26 4.534562e-12 1.394305e+01 -1.134346e+01
8.719965e+13 5.154435e-26 4.494649e-12 1.394051e+01 -1.134730e+01
8.669532e+13 5.166236e-26 4.478885e-12 1.393800e+01 -1.134883e+01
8.619678e+13 5.127038e-26 4.419342e-12 1.393549e+01 -1.135464e+01
8.570395e+13 5.055148e-26 4.332461e-12 1.393300e+01 -1.136327e+01
8.521671e+13 5.013048e-26 4.271955e-12 1.393052e+01 -1.136937e+01
8.473499e+13 5.087990e-26 4.311307e-12 1.392806e+01 -1.136539e+01
8.425868e+13 5.028100e-26 4.236611e-12 1.392561e+01 -1.137298e+01
8.378770e+13 4.970081e-26 4.164317e-12 1.392318e+01 -1.138046e+01
8.332196e+13 4.922539e-26 4.101556e-12 1.392076e+01 -1.138705e+01
8.286136e+13 4.850120e-26 4.018876e-12 1.391835e+01 -1.139590e+01
8.240583e+13 4.866291e-26 4.010107e-12 1.391596e+01 -1.139684e+01
8.195528e+13 4.772272e-26 3.911128e-12 1.391358e+01 -1.140770e+01
8.150962e+13 4.808339e-26 3.919259e-12 1.391121e+01 -1.140680e+01
8.106879e+13 4.678477e-26 3.792785e-12 1.390885e+01 -1.142104e+01
8.063271e+13 4.717136e-26 3.803554e-12 1.390651e+01 -1.141981e+01
8.020128e+13 4.694738e-26 3.765240e-12 1.390418e+01 -1.142421e+01
7.977445e+13 4.519814e-26 3.605657e-12 1.390186e+01 -1.144302e+01
7.935214e+13 4.494750e-26 3.566680e-12 1.389956e+01 -1.144774e+01
7.893428e+13 4.547193e-26 3.589294e-12 1.389727e+01 -1.144499e+01
7.852080e+13 4.488492e-26 3.524400e-12 1.389498e+01 -1.145291e+01
7.811162e+13 4.493792e-26 3.510174e-12 1.389272e+01 -1.145467e+01
7.770669e+13 4.392752e-26 3.413462e-12 1.389046e+01 -1.146680e+01
7.730593e+13 4.415408e-26 3.413373e-12 1.388821e+01 -1.146682e+01
7.690929e+13 4.265161e-26 3.280305e-12 1.388598e+01 -1.148409e+01
7.651669e+13 4.310718e-26 3.298419e-12 1.388376e+01 -1.148169e+01
7.612809e+13 4.236225e-26 3.224957e-12 1.388154e+01 -1.149148e+01
7.574341e+13 4.205759e-26 3.185585e-12 1.387934e+01 -1.149681e+01
7.536259e+13 4.194768e-26 3.161286e-12 1.387716e+01 -1.150014e+01
7.498559e+13 3.872032e-26 2.903466e-12 1.387498e+01 -1.153708e+01
7.461234e+13 3.439870e-26 2.566568e-12 1.387281e+01 -1.159065e+01
7.424279e+13 3.702250e-26 2.748654e-12 1.387065e+01 -1.156088e+01
7.387689e+13 3.317971e-26 2.451214e-12 1.386851e+01 -1.161062e+01
7.351457e+13 3.881354e-26 2.853361e-12 1.386637e+01 -1.154464e+01
7.315578e+13 3.580047e-26 2.619012e-12 1.386425e+01 -1.158186e+01
7.280049e+13 3.583577e-26 2.608862e-12 1.386213e+01 -1.158355e+01
7.244862e+13 3.480018e-26 2.521225e-12 1.386003e+01 -1.159839e+01
7.210014e+13 3.217149e-26 2.319569e-12 1.385794e+01 -1.163459e+01
7.175500e+13 3.606750e-26 2.588023e-12 1.385585e+01 -1.158703e+01
7.141315e+13 3.573966e-26 2.552282e-12 1.385378e+01 -1.159307e+01
7.107454e+13 3.402035e-26 2.417981e-12 1.385171e+01 -1.161655e+01
7.073912e+13 3.406899e-26 2.410010e-12 1.384966e+01 -1.161798e+01
7.040686e+13 3.304418e-26 2.326537e-12 1.384761e+01 -1.163329e+01
7.007770e+13 3.109564e-26 2.179111e-12 1.384558e+01 -1.166172e+01
6.975161e+13 3.116504e-26 2.173812e-12 1.384355e+01 -1.166278e+01
6.942853e+13 3.312634e-26 2.299913e-12 1.384154e+01 -1.163829e+01
6.910844e+13 3.018511e-26 2.086046e-12 1.383953e+01 -1.168068e+01
6.879128e+13 3.214500e-26 2.211296e-12 1.383753e+01 -1.165535e+01
6.847702e+13 2.831495e-26 1.938924e-12 1.383554e+01 -1.171244e+01
6.816562e+13 2.935623e-26 2.001086e-12 1.383357e+01 -1.169873e+01
6.785704e+13 2.853613e-26 1.936378e-12 1.383159e+01 -1.171301e+01
6.755124e+13 2.952680e-26 1.994572e-12 1.382963e+01 -1.170015e+01
6.724818e+13 2.818658e-26 1.895496e-12 1.382768e+01 -1.172228e+01
6.694783e+13 2.824286e-26 1.890798e-12 1.382574e+01 -1.172335e+01
6.665016e+13 2.628502e-26 1.751901e-12 1.382380e+01 -1.175649e+01
6.635511e+13 2.669772e-26 1.771530e-12 1.382187e+01 -1.175165e+01
6.606267e+13 2.400938e-26 1.586124e-12 1.381996e+01 -1.179966e+01
6.577280e+13 2.953341e-26 1.942495e-12 1.381805e+01 -1.171164e+01
6.548545e+13 2.516731e-26 1.648093e-12 1.381614e+01 -1.178302e+01
6.520061e+13 2.769777e-26 1.805911e-12 1.381425e+01 -1.174330e+01
6.491823e+13 2.635470e-26 1.710901e-12 1.381237e+01 -1.176678e+01
6.463829e+13 2.557278e-26 1.652981e-12 1.381049e+01 -1.178173e+01
6.436076e+13 2.380237e-26 1.531939e-12 1.380862e+01 -1.181476e+01
6.408559e+13 2.429415e-26 1.556905e-12 1.380676e+01 -1.180774e+01
6.381277e+13 2.594932e-26 1.655898e-12 1.380491e+01 -1.178097e+01
6.354226e+13 2.264887e-26 1.439160e-12 1.380306e+01 -1.184189e+01
6.327404e+13 2.409472e-26 1.524570e-12 1.380123e+01 -1.181685e+01
6.300807e+13 2.696268e-26 1.698866e-12 1.379940e+01 -1.176984e+01
6.274433e+13 2.549358e-26 1.599577e-12 1.379757e+01 -1.179599e+01
6.248278e+13 2.421078e-26 1.512757e-12 1.379576e+01 -1.182023e+01
6.222341e+13 2.441051e-26 1.518905e-12 1.379395e+01 -1.181847e+01
6.196618e+13 2.254711e-26 1.397158e-12 1.379215e+01 -1.185475e+01
6.171107e+13 2.353074e-26 1.452107e-12 1.379036e+01 -1.183800e+01
6.145806e+13 2.287209e-26 1.405674e-12 1.378858e+01 -1.185212e+01
6.120710e+13 2.231556e-26 1.365871e-12 1.378680e+01 -1.186459e+01
6.095819e+13 2.212290e-26 1.348572e-12 1.378503e+01 -1.187013e+01
6.071130e+13 2.387249e-26 1.449330e-12 1.378327e+01 -1.183883e+01
6.046640e+13 2.246006e-26 1.358079e-12 1.378151e+01 -1.186708e+01
6.022346e+13 2.142317e-26 1.290177e-12 1.377977e+01 -1.188935e+01
5.998247e+13 2.286486e-26 1.371491e-12 1.377802e+01 -1.186281e+01
5.974340e+13 2.310050e-26 1.380102e-12 1.377629e+01 -1.186009e+01
5.950623e+13 2.211743e-26 1.316125e-12 1.377456e+01 -1.188070e+01
5.927094e+13 2.111931e-26 1.251761e-12 1.377284e+01 -1.190248e+01
5.903750e+13 2.379710e-26 1.404921e-12 1.377113e+01 -1.185235e+01
5.880588e+13 2.068792e-26 1.216571e-12 1.376942e+01 -1.191486e+01
5.857608e+13 2.054431e-26 1.203405e-12 1.376772e+01 -1.191959e+01
5.834807e+13 2.066769e-26 1.205920e-12 1.376603e+01 -1.191868e+01
5.812183e+13 2.059053e-26 1.196759e-12 1.376434e+01 -1.192199e+01
5.789733e+13 2.037846e-26 1.179858e-12 1.376266e+01 -1.192817e+01
5.767457e+13 1.891832e-26 1.091106e-12 1.376098e+01 -1.196213e+01
5.745351e+13 1.924864e-26 1.105902e-12 1.375932e+01 -1.195628e+01
5.723414e+13 1.860803e-26 1.065014e-12 1.375766e+01 -1.197264e+01
5.701643e+13 2.178031e-26 1.241836e-12 1.375600e+01 -1.190594e+01
5.680038e+13 1.969690e-26 1.118791e-12 1.375435e+01 -1.195125e+01
5.658596e+13 1.696042e-26 9.597217e-13 1.375271e+01 -1.201785e+01
5.637315e+13 2.073204e-26 1.168730e-12 1.375107e+01 -1.193229e+01
5.616193e+13 2.035898e-26 1.143400e-12 1.374944e+01 -1.194180e+01
5.595230e+13 1.840387e-26 1.029739e-12 1.374782e+01 -1.198727e+01
5.574422e+13 1.882595e-26 1.049438e-12 1.374620e+01 -1.197904e+01
5.553768e+13 1.909040e-26 1.060236e-12 1.374459e+01 -1.197460e+01
5.533267e+13 1.905892e-26 1.054581e-12 1.374298e+01 -1.197692e+01
5.512917e+13 1.880245e-26 1.036563e-12 1.374138e+01 -1.198440e+01
5.492715e+13 2.036996e-26 1.118864e-12 1.373979e+01 -1.195122e+01
5.472662e+13 1.949650e-26 1.066977e-12 1.373820e+01 -1.197184e+01
5.452754e+13 2.050118e-26 1.117879e-12 1.373662e+01 -1.195161e+01
5.432990e+13 2.019813e-26 1.097363e-12 1.373504e+01 -1.195965e+01
5.413369e+13 1.883010e-26 1.019343e-12 1.373347e+01 -1.199168e+01
5.393890e+13 1.835203e-26 9.898881e-13 1.373190e+01 -1.200441e+01
5.374550e+13 1.771940e-26 9.523381e-13 1.373034e+01 -1.202121e+01
5.355348e+13 1.978477e-26 1.059543e-12 1.372879e+01 -1.197488e+01
5.336283e+13 1.839863e-26 9.818031e-13 1.372724e+01 -1.200798e+01
5.317354e+13 1.887719e-26 1.003767e-12 1.372570e+01 -1.199837e+01
5.298558e+13 1.725538e-26 9.142865e-13 1.372416e+01 -1.203892e+01
5.279894e+13 1.820895e-26 9.614134e-13 1.372263e+01 -1.201709e+01
5.261362e+13 1.954363e-26 1.028261e-12 1.372110e+01 -1.198790e+01
5.242959e+13 1.754112e-26 9.196739e-13 1.371958e+01 -1.203637e+01
5.224685e+13 1.772161e-26 9.258981e-13 1.371806e+01 -1.203344e+01
5.206537e+13 1.756279e-26 9.144132e-13 1.371655e+01 -1.203886e+01
5.188515e+13 1.784916e-26 9.261066e-13 1.371504e+01 -1.203334e+01
5.170617e+13 1.670569e-26 8.637875e-13 1.371354e+01 -1.206359e+01
5.152843e+13 1.655854e-26 8.532357e-13 1.371205e+01 -1.206893e+01
5.135190e+13 1.889212e-26 9.701462e-13 1.371056e+01 -1.201316e+01
5.117658e+13 1.746569e-26 8.938344e-13 1.370907e+01 -1.204874e+01
5.100245e+13 1.621474e-26 8.269914e-13 1.370759e+01 -1.208250e+01
5.082950e+13 1.623784e-26 8.253616e-13 1.370612e+01 -1.208336e+01
5.065772e+13 1.570908e-26 7.957861e-13 1.370465e+01 -1.209920e+01
5.048710e+13 1.807313e-26 9.124600e-13 1.370318e+01 -1.203979e+01
5.031762e+13 1.768697e-26 8.899663e-13 1.370172e+01 -1.205063e+01
5.014928e+13 1.726705e-26 8.659302e-13 1.370026e+01 -1.206252e+01
4.998206e+13 1.652976e-26 8.261914e-13 1.369881e+01 -1.208292e+01
4.981595e+13 1.632756e-26 8.133728e-13 1.369737e+01 -1.208971e+01
4.965094e+13 1.519737e-26 7.545637e-13 1.369593e+01 -1.212230e+01
4.948703e+13 1.765209e-26 8.735495e-13 1.369449e+01 -1.205871e+01
4.932419e+13 1.740555e-26 8.585146e-13 1.369306e+01 -1.206625e+01
4.916241e+13 1.737401e-26 8.541484e-13 1.369163e+01 -1.206847e+01
4.900170e+13 1.700147e-26 8.331011e-13 1.369021e+01 -1.207930e+01
4.884203e+13 1.661470e-26 8.114958e-13 1.368879e+01 -1.209071e+01
4.868340e+13 1.550082e-26 7.546327e-13 1.368738e+01 -1.212226e+01
4.852580e+13 1.674021e-26 8.123319e-13 1.368597e+01 -1.209027e+01
4.836922e+13 1.658852e-26 8.023738e-13 1.368457e+01 -1.209562e+01
4.821364e+13 1.634511e-26 7.880571e-13 1.368317e+01 -1.210344e+01
4.805906e+13 1.698616e-26 8.163387e-13 1.368178e+01 -1.208813e+01
4.790547e+13 1.694120e-26 8.115762e-13 1.368039e+01 -1.209067e+01
4.775285e+13 1.644674e-26 7.853788e-13 1.367900e+01 -1.210492e+01
4.760121e+13 1.538151e-26 7.321784e-13 1.367762e+01 -1.213538e+01
4.745052e+13 1.564510e-26 7.423680e-13 1.367624e+01 -1.212938e+01
4.730079e+13 1.634563e-26 7.731614e-13 1.367487e+01 -1.211173e+01
4.715200e+13 1.569365e-26 7.399868e-13 1.367350e+01 -1.213078e+01
4.700414e+13 1.536583e-26 7.222576e-13 1.367214e+01 -1.214131e+01
4.685721e+13 1.547129e-26 7.249416e-13 1.367078e+01 -1.213970e+01
4.671119e+13 1.602725e-26 7.486519e-13 1.366942e+01 -1.212572e+01
4.656608e+13 1.605483e-26 7.476106e-13 1.366807e+01 -1.212632e+01
4.642186e+13 1.481952e-26 6.879499e-13 1.366672e+01 -1.216244e+01
4.627854e+13 1.564052e-26 7.238205e-13 1.366538e+01 -1.214037e+01
4.613610e+13 1.558961e-26 7.192438e-13 1.366404e+01 -1.214312e+01
4.599454e+13 1.569965e-26 7.220981e-13 1.366271e+01 -1.214140e+01
4.585384e+13 1.531039e-26 7.020404e-13 1.366138e+01 -1.215364e+01
4.571400e+13 1.479330e-26 6.762610e-13 1.366005e+01 -1.216989e+01
4.557501e+13 1.444870e-26 6.584995e-13 1.365873e+01 -1.218144e+01
4.543686e+13 1.492199e-26 6.780084e-13 1.365741e+01 -1.216876e+01
4.529955e+13 1.476852e-26 6.690074e-13 1.365609e+01 -1.217457e+01
4.516306e+13 1.447757e-26 6.538512e-13 1.365478e+01 -1.218452e+01
4.502740e+13 1.500571e-26 6.756681e-13 1.365348e+01 -1.217027e+01
4.489254e+13 1.495469e-26 6.713539e-13 1.365217e+01 -1.217305e+01
4.475850e+13 1.468165e-26 6.571283e-13 1.365088e+01 -1.218235e+01
4.462525e+13 1.498150e-26 6.685532e-13 1.364958e+01 -1.217486e+01
4.449279e+13 1.464917e-26 6.517825e-13 1.364829e+01 -1.218590e+01
4.436111e+13 1.486601e-26 6.594728e-13 1.364700e+01 -1.218080e+01
4.423022e+13 1.424131e-26 6.298964e-13 1.364572e+01 -1.220073e+01
4.410009e+13 1.408816e-26 6.212889e-13 1.364444e+01 -1.220671e+01
4.397072e+13 1.422705e-26 6.255735e-13 1.364316e+01 -1.220372e+01
4.384212e+13 1.313043e-26 5.756658e-13 1.364189e+01 -1.223983e+01
4.371426e+13 1.320735e-26 5.773496e-13 1.364062e+01 -1.223856e+01
4.358715e+13 1.301054e-26 5.670921e-13 1.363936e+01 -1.224635e+01
4.346077e+13 1.421973e-26 6.180004e-13 1.363810e+01 -1.220901e+01
4.333513e+13 1.265506e-26 5.484085e-13 1.363684e+01 -1.226090e+01
4.321020e+13 1.374870e-26 5.940843e-13 1.363559e+01 -1.222615e+01
4.308600e+13 1.403969e-26 6.049139e-13 1.363434e+01 -1.221831e+01
4.296251e+13 1.276379e-26 5.483646e-13 1.363309e+01 -1.226093e+01
4.283973e+13 1.308856e-26 5.607104e-13 1.363185e+01 -1.225126e+01
4.271764e+13 1.264685e-26 5.402434e-13 1.363061e+01 -1.226741e+01
4.259625e+13 1.381233e-26 5.883533e-13 1.362937e+01 -1.223036e+01
4.247555e+13 1.256825e-26 5.338433e-13 1.362814e+01 -1.227259e+01
4.235552e+13 1.197722e-26 5.073015e-13 1.362691e+01 -1.229473e+01
4.223618e+13 1.224318e-26 5.171053e-13 1.362568e+01 -1.228642e+01
4.211750e+13 1.254479e-26 5.283554e-13 1.362446e+01 -1.227707e+01
4.199950e+13 1.247621e-26 5.239944e-13 1.362324e+01 -1.228067e+01
4.188215e+13 1.278695e-26 5.355451e-13 1.362203e+01 -1.227120e+01
4.176545e+13 1.329764e-26 5.553817e-13 1.362082e+01 -1.225541e+01
4.164940e+13 1.324163e-26 5.515061e-13 1.361961e+01 -1.225845e+01
4.153400e+13 1.190921e-26 4.946372e-13 1.361840e+01 -1.230571e+01
4.141923e+13 1.264505e-26 5.237482e-13 1.361720e+01 -1.228088e+01
4.130510e+13 1.258839e-26 5.199648e-13 1.361600e+01 -1.228403e+01
4.119159e+13 1.163343e-26 4.791995e-13 1.361481e+01 -1.231948e+01
4.107871e+13 1.215721e-26 4.994023e-13 1.361362e+01 -1.230155e+01
4.096644e+13 1.152759e-26 4.722444e-13 1.361243e+01 -1.232583e+01
4.085478e+13 1.204373e-26 4.920438e-13 1.361124e+01 -1.230800e+01
4.074373e+13 1.194974e-26 4.868771e-13 1.361006e+01 -1.231258e+01
4.063329e+13 1.204453e-26 4.894090e-13 1.360888e+01 -1.231033e+01
4.052344e+13 1.193051e-26 4.834655e-13 1.360771e+01 -1.231563e+01
4.041418e+13 1.205523e-26 4.872024e-13 1.360653e+01 -1.231229e+01
4.030551e+13 1.192689e-26 4.807192e-13 1.360536e+01 -1.231811e+01
4.019743e+13 1.209443e-26 4.861650e-13 1.360420e+01 -1.231322e+01
4.008992e+13 1.218383e-26 4.884486e-13 1.360304e+01 -1.231118e+01
3.998298e+13 1.179450e-26 4.715795e-13 1.360188e+01 -1.232645e+01
3.987662e+13 1.102378e-26 4.395910e-13 1.360072e+01 -1.235695e+01
3.977081e+13 1.143020e-26 4.545882e-13 1.359956e+01 -1.234238e+01
3.966557e+13 1.185295e-26 4.701539e-13 1.359841e+01 -1.232776e+01
3.956089e+13 1.133221e-26 4.483122e-13 1.359727e+01 -1.234842e+01
3.945675e+13 1.125333e-26 4.440198e-13 1.359612e+01 -1.235260e+01
3.935316e+13 1.133167e-26 4.459372e-13 1.359498e+01 -1.235073e+01
3.925012e+13 1.154424e-26 4.531128e-13 1.359384e+01 -1.234379e+01
3.914761e+13 1.102806e-26 4.317223e-13 1.359271e+01 -1.236480e+01
3.904564e+13 1.138849e-26 4.446708e-13 1.359157e+01 -1.235196e+01
3.894419e+13 1.102054e-26 4.291861e-13 1.359044e+01 -1.236735e+01
3.884328e+13 1.128616e-26 4.383915e-13 1.358932e+01 -1.235814e+01
3.874288e+13 1.121388e-26 4.344580e-13 1.358819e+01 -1.236205e+01
3.864300e+13 1.054852e-26 4.076265e-13 1.358707e+01 -1.238974e+01
3.854364e+13 1.064264e-26 4.102060e-13 1.358595e+01 -1.238700e+01
3.844478e+13 1.103631e-26 4.242883e-13 1.358484e+01 -1.237234e+01
3.834643e+13 1.039842e-26 3.987425e-13 1.358372e+01 -1.239931e+01
3.824858e+13 1.038457e-26 3.971950e-13 1.358262e+01 -1.240100e+01
3.815123e+13 1.057932e-26 4.036141e-13 1.358151e+01 -1.239403e+01
3.805438e+13 1.070784e-26 4.074800e-13 1.358040e+01 -1.238989e+01
3.795801e+13 1.055098e-26 4.004943e-13 1.357930e+01 -1.239740e+01
3.786214e+13 1.019346e-26 3.859461e-13 1.357821e+01 -1.241347e+01
3.776674e+13 1.025190e-26 3.871810e-13 1.357711e+01 -1.241209e+01
3.767183e+13 1.003375e-26 3.779899e-13 1.357602e+01 -1.242252e+01
3.757739e+13 1.013293e-26 3.807692e-13 1.357493e+01 -1.241934e+01
3.748342e+13 1.016982e-26 3.811998e-13 1.357384e+01 -1.241885e+01
3.738992e+13 1.001704e-26 3.745362e-13 1.357275e+01 -1.242651e+01
3.729689e+13 1.006707e-26 3.754704e-13 1.357167e+01 -1.242542e+01
3.720432e+13 1.039393e-26 3.866991e-13 1.357059e+01 -1.241263e+01
3.711221e+13 9.803880e-27 3.638436e-13 1.356952e+01 -1.243909e+01
3.702055e+13 1.028958e-26 3.809258e-13 1.356844e+01 -1.241916e+01
3.692934e+13 9.785999e-27 3.613905e-13 1.356737e+01 -1.244202e+01
3.683858e+13 9.986242e-27 3.678790e-13 1.356630e+01 -1.243429e+01
3.674827e+13 1.001357e-26 3.679814e-13 1.356524e+01 -1.243417e+01
3.665840e+13 9.346572e-27 3.426304e-13 1.356417e+01 -1.246517e+01
3.656897e+13 9.693428e-27 3.544786e-13 1.356311e+01 -1.245041e+01
3.647997e+13 9.541539e-27 3.480750e-13 1.356205e+01 -1.245833e+01
3.639141e+13 9.639945e-27 3.508111e-13 1.356100e+01 -1.245493e+01
3.630327e+13 9.858191e-27 3.578846e-13 1.355995e+01 -1.244626e+01
3.621556e+13 9.262072e-27 3.354311e-13 1.355890e+01 -1.247440e+01
3.612827e+13 9.780878e-27 3.533662e-13 1.355785e+01 -1.245177e+01
3.604140e+13 9.268638e-27 3.340547e-13 1.355680e+01 -1.247618e+01
3.595495e+13 9.495578e-27 3.414131e-13 1.355576e+01 -1.246672e+01
3.586892e+13 9.434325e-27 3.383990e-13 1.355472e+01 -1.247057e+01
3.578329e+13 9.134401e-27 3.268589e-13 1.355368e+01 -1.248564e+01
3.569807e+13 9.178065e-27 3.276392e-13 1.355264e+01 -1.248460e+01
3.561326e+13 9.090202e-27 3.237317e-13 1.355161e+01 -1.248981e+01
3.552885e+13 9.413519e-27 3.344515e-13 1.355058e+01 -1.247567e+01
3.544483e+13 9.215879e-27 3.266553e-13 1.354955e+01 -1.248591e+01
3.536122e+13 8.678341e-27 3.068767e-13 1.354853e+01 -1.251304e+01
3.527799e+13 9.461070e-27 3.337676e-13 1.354750e+01 -1.247656e+01
3.519516e+13 9.029976e-27 3.178115e-13 1.354648e+01 -1.249783e+01
3.511272e+13 9.096326e-27 3.193967e-13 1.354546e+01 -1.249567e+01
3.503066e+13 9.098979e-27 3.187432e-13 1.354445e+01 -1.249656e+01
3.494899e+13 8.779754e-27 3.068435e-13 1.354343e+01 -1.251308e+01
3.486769e+13 8.449172e-27 2.946031e-13 1.354242e+01 -1.253076e+01
3.478677e+13 8.813135e-27 3.065805e-13 1.354141e+01 -1.251346e+01
3.470623e+13 8.674723e-27 3.010669e-13 1.354041e+01 -1.252134e+01
3.462606e+13 8.977043e-27 3.108396e-13 1.353940e+01 -1.250746e+01
3.454625e+13 8.664735e-27 2.993341e-13 1.353840e+01 -1.252384e+01
3.446682e+13 8.186404e-27 2.821593e-13 1.353740e+01 -1.254951e+01
3.438775e+13 8.894280e-27 3.058543e-13 1.353640e+01 -1.251449e+01
3.430904e+13 8.501310e-27 2.916718e-13 1.353541e+01 -1.253511e+01
3.423069e+13 8.733035e-27 2.989378e-13 1.353442e+01 -1.252442e+01
3.415270e+13 8.427773e-27 2.878312e-13 1.353343e+01 -1.254086e+01
3.407506e+13 8.736869e-27 2.977094e-13 1.353244e+01 -1.252621e+01
3.399778e+13 8.412997e-27 2.860232e-13 1.353145e+01 -1.254360e+01
3.392084e+13 8.149069e-27 2.764233e-13 1.353047e+01 -1.255843e+01
3.384425e+13 7.985373e-27 2.702590e-13 1.352948e+01 -1.256822e+01
3.376801e+13 8.234196e-27 2.780524e-13 1.352851e+01 -1.255587e+01
3.369211e+13 8.694377e-27 2.929319e-13 1.352753e+01 -1.253323e+01
3.361655e+13 8.679627e-27 2.917791e-13 1.352655e+01 -1.253495e+01
3.354133e+13 8.381659e-27 2.811320e-13 1.352558e+01 -1.255109e+01
3.346644e+13 8.235080e-27 2.755988e-13 1.352461e+01 -1.255972e+01
3.339189e+13 8.039378e-27 2.684500e-13 1.352364e+01 -1.257114e+01
3.331767e+13 8.456527e-27 2.817518e-13 1.352267e+01 -1.255013e+01
3.324378e+13 7.851701e-27 2.610202e-13 1.352171e+01 -1.258333e+01
3.317021e+13 8.231091e-27 2.730271e-13 1.352075e+01 -1.256379e+01
3.309698e+13 8.186875e-27 2.709608e-13 1.351979e+01 -1.256709e+01
3.302406e+13 8.191551e-27 2.705183e-13 1.351883e+01 -1.256780e+01
3.295146e+13 7.903896e-27 2.604449e-13 1.351787e+01 -1.258428e+01
3.287918e+13 8.184866e-27 2.691117e-13 1.351692e+01 -1.257007e+01
3.280722e+13 7.865884e-27 2.580578e-13 1.351597e+01 -1.258828e+01
3.273558e+13 7.892106e-27 2.583526e-13 1.351502e+01 -1.258779e+01
3.266424e+13 8.010372e-27 2.616527e-13 1.351407e+01 -1.258227e+01
3.259322e+13 8.103561e-27 2.641211e-13 1.351313e+01 -1.257820e+01
3.252250e+13 7.824093e-27 2.544591e-13 1.351218e+01 -1.259438e+01
3.245209e+13 8.048309e-27 2.611844e-13 1.351124e+01 -1.258305e+01
3.238198e+13 7.555929e-27 2.446760e-13 1.351030e+01 -1.261141e+01
3.231218e+13 7.652570e-27 2.472712e-13 1.350937e+01 -1.260683e+01
3.224268e+13 7.734719e-27 2.493880e-13 1.350843e+01 -1.260312e+01
3.217347e+13 8.051693e-27 2.590509e-13 1.350750e+01 -1.258661e+01
3.210456e+13 7.960527e-27 2.555692e-13 1.350657e+01 -1.259249e+01
3.203595e+13 7.613828e-27 2.439162e-13 1.350564e+01 -1.261276e+01
3.196763e+13 7.834757e-27 2.504586e-13 1.350471e+01 -1.260126e+01
3.189960e+13 7.759157e-27 2.475140e-13 1.350379e+01 -1.260640e+01
3.183185e+13 7.955039e-27 2.532236e-13 1.350286e+01 -1.259650e+01
3.176440e+13 7.811721e-27 2.481346e-13 1.350194e+01 -1.260531e+01
3.169723e+13 7.513514e-27 2.381576e-13 1.350102e+01 -1.262314e+01
3.163034e+13 7.400052e-27 2.340662e-13 1.350010e+01 -1.263066e+01
3.156374e+13 7.620573e-27 2.405338e-13 1.349919e+01 -1.261882e+01
3.149742e+13 7.668538e-27 2.415391e-13 1.349827e+01 -1.261701e+01
3.143137e+13 7.726644e-27 2.428590e-13 1.349736e+01 -1.261465e+01
3.136560e+13 7.467605e-27 2.342259e-13 1.349645e+01 -1.263037e+01
3.130010e+13 7.402660e-27 2.317040e-13 1.349555e+01 -1.263507e+01
3.123488e+13 7.482930e-27 2.337284e-13 1.349464e+01 -1.263129e+01
3.116993e+13 7.288743e-27 2.271896e-13 1.349374e+01 -1.264361e+01
3.110525e+13 7.464231e-27 2.321768e-13 1.349283e+01 -1.263418e+01
3.104084e+13 7.425936e-27 2.305073e-13 1.349193e+01 -1.263732e+01
3.097669e+13 7.436254e-27 2.303505e-13 1.349104e+01 -1.263761e+01
3.091281e+13 7.473187e-27 2.310172e-13 1.349014e+01 -1.263636e+01
3.091281e+12 6.987882e-27 2.160151e-13 1.200000e+01 -2.000000e+01
3.091281e+11 6.987882e-27 2.160151e-13 1.100000e+01 -2.000000e+01
3.091281e+10 6.987882e-27 2.160151e-13 1.000000e+01 -2.000000e+01
3.091281e+09 6.987882e-27 2.160151e-13 9.000000e+00 -2.000000e+01
3.091281e+08 6.987882e-27 2.160151e-13 8.000000e+00 -2.000000e+01
3.091281e+07 6.987882e-27 2.160151e-13 7.000000e+00 -2.000000e+01