1.362693e+16 1.800996e-31 2.454204e-15 1.613440e+01 -1.461009e+01
1.303445e+16 2.218147e-30 2.891233e-14 1.611509e+01 -1.353892e+01
1.249135e+16 2.256326e-30 2.818456e-14 1.609661e+01 -1.354999e+01
1.199170e+16 2.302677e-30 2.761301e-14 1.607888e+01 -1.355889e+01
1.153048e+16 2.387665e-30 2.753092e-14 1.606185e+01 -1.356018e+01
1.110342e+16 2.506340e-30 2.782895e-14 1.604546e+01 -1.355550e+01
1.070687e+16 2.524815e-30 2.703287e-14 1.602966e+01 -1.356811e+01
1.033767e+16 2.650809e-30 2.740319e-14 1.601442e+01 -1.356220e+01
9.993080e+15 2.626202e-30 2.624384e-14 1.599970e+01 -1.358097e+01
9.670723e+15 2.706013e-30 2.616910e-14 1.598546e+01 -1.358221e+01
9.368512e+15 2.743216e-30 2.569985e-14 1.597167e+01 -1.359007e+01
9.084618e+15 2.780491e-30 2.525970e-14 1.595831e+01 -1.359757e+01
8.817424e+15 2.767308e-30 2.440052e-14 1.594534e+01 -1.361260e+01
8.565497e+15 2.844873e-30 2.436775e-14 1.593275e+01 -1.361318e+01
8.327567e+15 3.338145e-30 2.779862e-14 1.592052e+01 -1.355598e+01
8.102497e+15 3.829695e-30 3.103010e-14 1.590862e+01 -1.350822e+01
7.889274e+15 3.700173e-30 2.919168e-14 1.589704e+01 -1.353474e+01
7.686985e+15 3.954980e-30 3.040187e-14 1.588576e+01 -1.351710e+01
7.494810e+15 4.742366e-30 3.554313e-14 1.587476e+01 -1.344924e+01
7.312010e+15 5.135305e-30 3.754940e-14 1.586404e+01 -1.342540e+01
7.137914e+15 5.024799e-30 3.586658e-14 1.585357e+01 -1.344531e+01
6.971916e+15 4.975996e-30 3.469223e-14 1.584335e+01 -1.345977e+01
6.813464e+15 5.433646e-30 3.702195e-14 1.583337e+01 -1.343154e+01
6.662053e+15 5.660678e-30 3.771174e-14 1.582361e+01 -1.342352e+01
6.517226e+15 5.435109e-30 3.542184e-14 1.581406e+01 -1.345073e+01
6.378562e+15 5.574681e-30 3.555845e-14 1.580472e+01 -1.344906e+01
6.245675e+15 5.958020e-30 3.721186e-14 1.579558e+01 -1.342932e+01
6.118212e+15 5.764841e-30 3.527052e-14 1.578662e+01 -1.345259e+01
5.995848e+15 6.355032e-30 3.810380e-14 1.577785e+01 -1.341903e+01
5.878282e+15 8.014917e-30 4.711395e-14 1.576925e+01 -1.332685e+01
5.765238e+15 8.981544e-30 5.178074e-14 1.576082e+01 -1.328583e+01
5.656460e+15 8.503755e-30 4.810115e-14 1.575254e+01 -1.331784e+01
5.551711e+15 7.850467e-30 4.358352e-14 1.574443e+01 -1.336068e+01
5.450771e+15 8.029562e-30 4.376730e-14 1.573646e+01 -1.335885e+01
5.353436e+15 9.621853e-30 5.150997e-14 1.572863e+01 -1.328811e+01
5.259516e+15 1.053620e-29 5.541531e-14 1.572095e+01 -1.325637e+01
5.168834e+15 1.062386e-29 5.491297e-14 1.571339e+01 -1.326033e+01
5.081227e+15 1.073017e-29 5.452244e-14 1.570597e+01 -1.326342e+01
4.996540e+15 9.894233e-30 4.943693e-14 1.569867e+01 -1.330595e+01
4.914630e+15 1.004430e-29 4.936403e-14 1.569149e+01 -1.330659e+01
4.835361e+15 1.153492e-29 5.577552e-14 1.568443e+01 -1.325356e+01
4.758610e+15 1.162210e-29 5.530504e-14 1.567748e+01 -1.325724e+01
4.684256e+15 1.226600e-29 5.745711e-14 1.567064e+01 -1.324066e+01
4.612191e+15 1.212567e-29 5.592591e-14 1.566391e+01 -1.325239e+01
4.542309e+15 1.201208e-29 5.456257e-14 1.565728e+01 -1.326311e+01
4.474513e+15 1.312643e-29 5.873438e-14 1.565075e+01 -1.323111e+01
4.408712e+15 1.276528e-29 5.627846e-14 1.564431e+01 -1.324966e+01
4.344817e+15 1.288568e-29 5.598594e-14 1.563797e+01 -1.325192e+01
4.282749e+15 1.279630e-29 5.480332e-14 1.563172e+01 -1.326119e+01
4.222428e+15 1.300485e-29 5.491205e-14 1.562556e+01 -1.326033e+01
4.163783e+15 1.456019e-29 6.062548e-14 1.561949e+01 -1.321734e+01
4.106745e+15 1.481500e-29 6.084142e-14 1.561350e+01 -1.321580e+01
4.051249e+15 1.482643e-29 6.006556e-14 1.560759e+01 -1.322137e+01
3.997232e+15 1.474710e-29 5.894757e-14 1.560176e+01 -1.322953e+01
3.944637e+15 1.434629e-29 5.659089e-14 1.559601e+01 -1.324725e+01
3.893408e+15 1.449611e-29 5.643927e-14 1.559033e+01 -1.324842e+01
3.843492e+15 1.481292e-29 5.693333e-14 1.558473e+01 -1.324463e+01
3.794841e+15 1.491460e-29 5.659855e-14 1.557919e+01 -1.324719e+01
3.747405e+15 1.552344e-29 5.817263e-14 1.557373e+01 -1.323528e+01
3.701141e+15 1.582681e-29 5.857725e-14 1.556834e+01 -1.323227e+01
3.656005e+15 1.613757e-29 5.899902e-14 1.556301e+01 -1.322916e+01
3.611957e+15 1.508362e-29 5.448140e-14 1.555774e+01 -1.326375e+01
3.568957e+15 1.506719e-29 5.377415e-14 1.555254e+01 -1.326943e+01
3.526969e+15 1.633603e-29 5.761669e-14 1.554740e+01 -1.323945e+01
3.485958e+15 1.661688e-29 5.792575e-14 1.554232e+01 -1.323713e+01
3.445890e+15 1.703650e-29 5.870589e-14 1.553730e+01 -1.323132e+01
3.406732e+15 1.724050e-29 5.873377e-14 1.553234e+01 -1.323111e+01
3.368454e+15 1.744842e-29 5.877420e-14 1.552743e+01 -1.323081e+01
3.331027e+15 1.748686e-29 5.824920e-14 1.552258e+01 -1.323471e+01
3.294422e+15 1.694693e-29 5.583034e-14 1.551778e+01 -1.325313e+01
3.258613e+15 8.898532e-29 2.899687e-13 1.551303e+01 -1.253765e+01
3.223574e+15 1.579130e-28 5.090442e-13 1.550834e+01 -1.229324e+01
3.189281e+15 2.470915e-28 7.880443e-13 1.550369e+01 -1.210345e+01
3.155709e+15 3.387768e-28 1.069081e-12 1.549910e+01 -1.197099e+01
3.122838e+15 4.121415e-28 1.287051e-12 1.549455e+01 -1.189040e+01
3.090643e+15 3.046443e-28 9.415469e-13 1.549005e+01 -1.202616e+01
3.059106e+15 2.877024e-28 8.801121e-13 1.548559e+01 -1.205546e+01
3.028206e+15 4.083617e-28 1.236603e-12 1.548119e+01 -1.190777e+01
2.997924e+15 4.450566e-28 1.334246e-12 1.547682e+01 -1.187476e+01
2.968242e+15 4.840189e-28 1.436685e-12 1.547250e+01 -1.184264e+01
2.939141e+15 3.699192e-28 1.087245e-12 1.546822e+01 -1.196367e+01
2.910606e+15 3.378614e-28 9.833814e-13 1.546398e+01 -1.200728e+01
2.882619e+15 5.143046e-28 1.482544e-12 1.545979e+01 -1.182899e+01
2.855166e+15 6.115413e-28 1.746052e-12 1.545563e+01 -1.175794e+01
2.828230e+15 5.614832e-28 1.588004e-12 1.545151e+01 -1.179915e+01
2.801798e+15 5.486151e-28 1.537109e-12 1.544744e+01 -1.181330e+01
2.775856e+15 5.484303e-28 1.522363e-12 1.544340e+01 -1.181748e+01
2.750389e+15 5.569340e-28 1.531785e-12 1.543939e+01 -1.181480e+01
2.725385e+15 5.910598e-28 1.610866e-12 1.543543e+01 -1.179294e+01
2.700832e+15 5.765524e-28 1.557171e-12 1.543150e+01 -1.180766e+01
2.676718e+15 5.445655e-28 1.457648e-12 1.542760e+01 -1.183635e+01
2.653030e+15 5.629438e-28 1.493507e-12 1.542374e+01 -1.182579e+01
2.629758e+15 5.894164e-28 1.550022e-12 1.541992e+01 -1.180966e+01
2.606890e+15 5.768318e-28 1.503737e-12 1.541612e+01 -1.182283e+01
2.584417e+15 5.891070e-28 1.522498e-12 1.541236e+01 -1.181744e+01
2.562328e+15 5.121739e-28 1.312358e-12 1.540863e+01 -1.188195e+01
2.540614e+15 4.993424e-28 1.268636e-12 1.540494e+01 -1.189666e+01
2.519264e+15 5.201399e-28 1.310370e-12 1.540127e+01 -1.188261e+01
2.498270e+15 4.328451e-28 1.081364e-12 1.539764e+01 -1.196603e+01
2.477623e+15 3.289450e-28 8.150018e-13 1.539404e+01 -1.208884e+01
2.457315e+15 2.910643e-28 7.152366e-13 1.539046e+01 -1.214555e+01
2.437337e+15 4.032846e-28 9.829403e-13 1.538692e+01 -1.200747e+01
2.417681e+15 6.510142e-28 1.573944e-12 1.538340e+01 -1.180301e+01
2.398339e+15 7.014673e-28 1.682356e-12 1.537991e+01 -1.177408e+01
2.379305e+15 6.257929e-28 1.488952e-12 1.537645e+01 -1.182712e+01
2.360570e+15 7.038245e-28 1.661427e-12 1.537302e+01 -1.177952e+01
2.342128e+15 7.139476e-28 1.672157e-12 1.536961e+01 -1.177672e+01
2.323972e+15 7.188557e-28 1.670601e-12 1.536623e+01 -1.177713e+01
2.306095e+15 6.074491e-28 1.400836e-12 1.536288e+01 -1.185361e+01
2.288492e+15 6.678530e-28 1.528376e-12 1.535955e+01 -1.181577e+01
2.271155e+15 7.094202e-28 1.611203e-12 1.535625e+01 -1.179285e+01
2.254078e+15 6.491827e-28 1.463309e-12 1.535297e+01 -1.183466e+01
2.237257e+15 6.426538e-28 1.437782e-12 1.534972e+01 -1.184231e+01
2.220684e+15 6.943641e-28 1.541964e-12 1.534649e+01 -1.181193e+01
2.204356e+15 6.481855e-28 1.428831e-12 1.534328e+01 -1.184502e+01
2.188266e+15 6.192079e-28 1.354992e-12 1.534010e+01 -1.186806e+01
2.172409e+15 6.035695e-28 1.311200e-12 1.533694e+01 -1.188233e+01
2.156780e+15 5.168049e-28 1.114634e-12 1.533381e+01 -1.195287e+01
2.141374e+15 5.853454e-28 1.253444e-12 1.533069e+01 -1.190190e+01
2.126187e+15 6.225813e-28 1.323724e-12 1.532760e+01 -1.187820e+01
2.111214e+15 5.986867e-28 1.263956e-12 1.532453e+01 -1.189827e+01
2.096450e+15 6.033879e-28 1.264973e-12 1.532148e+01 -1.189792e+01
2.081892e+15 6.256274e-28 1.302489e-12 1.531846e+01 -1.188523e+01
2.067534e+15 6.197395e-28 1.281332e-12 1.531545e+01 -1.189234e+01
2.053373e+15 6.169921e-28 1.266915e-12 1.531247e+01 -1.189725e+01
2.039404e+15 6.482135e-28 1.321969e-12 1.530950e+01 -1.187878e+01
2.025624e+15 6.626576e-28 1.342295e-12 1.530656e+01 -1.187215e+01
2.012030e+15 6.952330e-28 1.398829e-12 1.530363e+01 -1.185424e+01
1.998616e+15 6.508033e-28 1.300706e-12 1.530073e+01 -1.188582e+01
1.985380e+15 6.574129e-28 1.305215e-12 1.529784e+01 -1.188432e+01
1.972318e+15 6.602478e-28 1.302219e-12 1.529498e+01 -1.188532e+01
1.959427e+15 5.328751e-28 1.044130e-12 1.529213e+01 -1.198125e+01
1.946704e+15 4.325208e-28 8.419899e-13 1.528930e+01 -1.207469e+01
1.934145e+15 6.333014e-28 1.224896e-12 1.528649e+01 -1.191190e+01
1.921746e+15 6.837687e-28 1.314030e-12 1.528370e+01 -1.188139e+01
1.909506e+15 6.429504e-28 1.227717e-12 1.528092e+01 -1.191090e+01
1.897420e+15 6.483613e-28 1.230214e-12 1.527816e+01 -1.191002e+01
1.885487e+15 6.470373e-28 1.219980e-12 1.527542e+01 -1.191365e+01
1.873702e+15 6.162297e-28 1.154631e-12 1.527270e+01 -1.193756e+01
1.862065e+15 5.805233e-28 1.080972e-12 1.526999e+01 -1.196619e+01
1.850570e+15 5.885616e-28 1.089175e-12 1.526731e+01 -1.196290e+01
1.839217e+15 5.912354e-28 1.087410e-12 1.526463e+01 -1.196361e+01
1.828002e+15 6.020845e-28 1.100612e-12 1.526198e+01 -1.195837e+01
1.816924e+15 6.158470e-28 1.118947e-12 1.525934e+01 -1.195119e+01
1.805978e+15 5.796954e-28 1.046917e-12 1.525671e+01 -1.198009e+01
1.795164e+15 5.921147e-28 1.062943e-12 1.525410e+01 -1.197349e+01
1.784479e+15 6.421938e-28 1.145981e-12 1.525151e+01 -1.194082e+01
1.773920e+15 6.297268e-28 1.117085e-12 1.524893e+01 -1.195191e+01
1.763485e+15 6.185990e-28 1.090890e-12 1.524637e+01 -1.196222e+01
1.753172e+15 5.876570e-28 1.030264e-12 1.524382e+01 -1.198705e+01
1.742979e+15 5.749032e-28 1.002044e-12 1.524129e+01 -1.199911e+01
1.732904e+15 6.244178e-28 1.082056e-12 1.523877e+01 -1.196575e+01
1.722945e+15 6.406280e-28 1.103767e-12 1.523627e+01 -1.195712e+01
1.713099e+15 6.405032e-28 1.097246e-12 1.523378e+01 -1.195970e+01
1.703366e+15 6.506925e-28 1.108367e-12 1.523131e+01 -1.195532e+01
1.693742e+15 6.478648e-28 1.097316e-12 1.522885e+01 -1.195967e+01
1.684227e+15 6.509976e-28 1.096428e-12 1.522640e+01 -1.196002e+01
1.674818e+15 5.800923e-28 9.715490e-13 1.522397e+01 -1.201254e+01
1.665513e+15 6.428677e-28 1.070705e-12 1.522155e+01 -1.197033e+01
1.656312e+15 6.306166e-28 1.044498e-12 1.521914e+01 -1.198109e+01
1.647211e+15 6.535102e-28 1.076469e-12 1.521675e+01 -1.196800e+01
1.638210e+15 6.487358e-28 1.062765e-12 1.521437e+01 -1.197356e+01
1.629307e+15 6.250592e-28 1.018413e-12 1.521200e+01 -1.199208e+01
1.620499e+15 6.042470e-28 9.791820e-13 1.520965e+01 -1.200914e+01
1.611787e+15 6.016069e-28 9.696622e-13 1.520731e+01 -1.201338e+01
1.603168e+15 6.259572e-28 1.003515e-12 1.520498e+01 -1.199848e+01
1.594640e+15 6.171420e-28 9.841196e-13 1.520266e+01 -1.200695e+01
1.586203e+15 5.970824e-28 9.470940e-13 1.520036e+01 -1.202361e+01
1.577855e+15 5.964095e-28 9.410476e-13 1.519807e+01 -1.202639e+01
1.569594e+15 5.982313e-28 9.389801e-13 1.519579e+01 -1.202734e+01
1.561419e+15 5.860564e-28 9.150794e-13 1.519352e+01 -1.203854e+01
1.553328e+15 5.910353e-28 9.180720e-13 1.519126e+01 -1.203712e+01
1.545322e+15 6.283229e-28 9.709609e-13 1.518902e+01 -1.201280e+01
1.537397e+15 6.336516e-28 9.741740e-13 1.518679e+01 -1.201136e+01
1.529553e+15 6.236822e-28 9.539551e-13 1.518456e+01 -1.202047e+01
1.521789e+15 6.296661e-28 9.582188e-13 1.518235e+01 -1.201854e+01
1.514103e+15 6.524974e-28 9.879483e-13 1.518016e+01 -1.200527e+01
1.506494e+15 6.497990e-28 9.789186e-13 1.517797e+01 -1.200925e+01
1.498962e+15 6.408161e-28 9.605589e-13 1.517579e+01 -1.201748e+01
1.491504e+15 6.344440e-28 9.462761e-13 1.517362e+01 -1.202398e+01
1.484121e+15 6.612006e-28 9.813016e-13 1.517147e+01 -1.200820e+01
1.476810e+15 6.534482e-28 9.650187e-13 1.516932e+01 -1.201546e+01
1.469571e+15 6.586263e-28 9.678979e-13 1.516719e+01 -1.201417e+01
1.462402e+15 6.487831e-28 9.487817e-13 1.516507e+01 -1.202283e+01
1.455303e+15 6.096030e-28 8.871570e-13 1.516295e+01 -1.205200e+01
1.448272e+15 6.553749e-28 9.491615e-13 1.516085e+01 -1.202266e+01
1.441310e+15 6.864762e-28 9.894247e-13 1.515876e+01 -1.200462e+01
1.434413e+15 6.837206e-28 9.807380e-13 1.515667e+01 -1.200845e+01
1.427583e+15 6.393642e-28 9.127454e-13 1.515460e+01 -1.203965e+01
1.420817e+15 6.850420e-28 9.733194e-13 1.515254e+01 -1.201174e+01
1.414115e+15 6.805300e-28 9.623477e-13 1.515048e+01 -1.201667e+01
1.407476e+15 7.059703e-28 9.936363e-13 1.514844e+01 -1.200277e+01
1.400899e+15 6.555307e-28 9.183323e-13 1.514641e+01 -1.203700e+01
1.394383e+15 6.748954e-28 9.410629e-13 1.514438e+01 -1.202638e+01
1.387928e+15 6.778513e-28 9.408087e-13 1.514237e+01 -1.202650e+01
1.381532e+15 6.355499e-28 8.780323e-13 1.514036e+01 -1.205649e+01
1.375194e+15 6.423921e-28 8.834140e-13 1.513836e+01 -1.205384e+01
1.368915e+15 6.713301e-28 9.189939e-13 1.513638e+01 -1.203669e+01
1.362693e+15 7.130795e-28 9.717083e-13 1.513440e+01 -1.201246e+01
1.356527e+15 6.721706e-28 9.118173e-13 1.513243e+01 -1.204009e+01
1.350416e+15 6.314382e-28 8.527043e-13 1.513047e+01 -1.206920e+01
1.344361e+15 6.437447e-28 8.654250e-13 1.512852e+01 -1.206277e+01
1.338359e+15 6.490185e-28 8.686197e-13 1.512657e+01 -1.206117e+01
1.332411e+15 6.501711e-28 8.662949e-13 1.512464e+01 -1.206233e+01
1.326515e+15 6.679657e-28 8.860666e-13 1.512271e+01 -1.205253e+01
1.320671e+15 6.386161e-28 8.434020e-13 1.512079e+01 -1.207397e+01
1.314879e+15 6.607199e-28 8.687667e-13 1.511889e+01 -1.206110e+01
1.309137e+15 6.718864e-28 8.795914e-13 1.511699e+01 -1.205572e+01
1.303445e+15 6.485811e-28 8.453899e-13 1.511509e+01 -1.207294e+01
1.297803e+15 6.853092e-28 8.893961e-13 1.511321e+01 -1.205090e+01
1.292209e+15 6.786072e-28 8.769021e-13 1.511133e+01 -1.205705e+01
1.286663e+15 6.722670e-28 8.649809e-13 1.510946e+01 -1.206299e+01
1.281164e+15 6.640638e-28 8.507746e-13 1.510760e+01 -1.207019e+01
1.275712e+15 6.550814e-28 8.356955e-13 1.510575e+01 -1.207795e+01
1.270307e+15 6.931044e-28 8.804552e-13 1.510391e+01 -1.205529e+01
1.264947e+15 6.886607e-28 8.711191e-13 1.510207e+01 -1.205992e+01
1.259632e+15 6.701775e-28 8.441769e-13 1.510024e+01 -1.207357e+01
1.254362e+15 6.373027e-28 7.994080e-13 1.509842e+01 -1.209723e+01
1.249135e+15 6.555941e-28 8.189255e-13 1.509661e+01 -1.208676e+01
1.243952e+15 6.408925e-28 7.972394e-13 1.509480e+01 -1.209841e+01
1.238812e+15 6.791316e-28 8.413161e-13 1.509301e+01 -1.207504e+01
1.233714e+15 7.450868e-28 9.192237e-13 1.509121e+01 -1.203658e+01
1.228657e+15 7.153430e-28 8.789114e-13 1.508943e+01 -1.205605e+01
1.223642e+15 7.163122e-28 8.765100e-13 1.508765e+01 -1.205724e+01
1.218668e+15 7.481401e-28 9.117346e-13 1.508589e+01 -1.204013e+01
1.213734e+15 7.112248e-28 8.632380e-13 1.508412e+01 -1.206387e+01
1.208840e+15 7.000288e-28 8.462230e-13 1.508237e+01 -1.207252e+01
1.203986e+15 6.803468e-28 8.191277e-13 1.508062e+01 -1.208665e+01
1.199170e+15 7.266907e-28 8.714254e-13 1.507888e+01 -1.205977e+01
1.194392e+15 7.222169e-28 8.626101e-13 1.507715e+01 -1.206419e+01
1.189652e+15 6.903511e-28 8.212779e-13 1.507542e+01 -1.208551e+01
1.184950e+15 7.108827e-28 8.423606e-13 1.507370e+01 -1.207450e+01
1.180285e+15 7.217867e-28 8.519141e-13 1.507199e+01 -1.206960e+01
1.175656e+15 7.414330e-28 8.716705e-13 1.507028e+01 -1.205965e+01
1.171064e+15 7.673472e-28 8.986127e-13 1.506858e+01 -1.204643e+01
1.166507e+15 8.408366e-28 9.808422e-13 1.506689e+01 -1.200840e+01
1.161986e+15 7.651019e-28 8.890377e-13 1.506520e+01 -1.205108e+01
1.157500e+15 7.977740e-28 9.234230e-13 1.506352e+01 -1.203460e+01
1.153048e+15 7.880607e-28 9.086716e-13 1.506185e+01 -1.204159e+01
1.148630e+15 7.816064e-28 8.977765e-13 1.506018e+01 -1.204683e+01
1.144246e+15 8.367012e-28 9.573918e-13 1.505852e+01 -1.201891e+01
1.139895e+15 8.473406e-28 9.658794e-13 1.505686e+01 -1.201508e+01
1.135577e+15 1.065287e-27 1.209716e-12 1.505522e+01 -1.191732e+01
1.131292e+15 1.074808e-27 1.215922e-12 1.505357e+01 -1.191509e+01
1.127039e+15 1.111129e-27 1.252286e-12 1.505194e+01 -1.190230e+01
1.122818e+15 1.045934e-27 1.174394e-12 1.505031e+01 -1.193019e+01
1.118628e+15 1.075798e-27 1.203419e-12 1.504869e+01 -1.191958e+01
1.114470e+15 1.062401e-27 1.184014e-12 1.504707e+01 -1.192664e+01
1.110342e+15 1.077019e-27 1.195859e-12 1.504546e+01 -1.192232e+01
1.106245e+15 1.109023e-27 1.226851e-12 1.504385e+01 -1.191121e+01
1.102178e+15 1.002325e-27 1.104741e-12 1.504225e+01 -1.195674e+01
1.098141e+15 1.051590e-27 1.154793e-12 1.504066e+01 -1.193750e+01
1.094133e+15 9.634254e-28 1.054115e-12 1.503907e+01 -1.197711e+01
1.090154e+15 9.302919e-28 1.014162e-12 1.503749e+01 -1.199389e+01
1.086204e+15 1.048366e-27 1.138740e-12 1.503591e+01 -1.194358e+01
1.082283e+15 1.114773e-27 1.206500e-12 1.503434e+01 -1.191847e+01
1.078390e+15 1.049402e-27 1.131665e-12 1.503278e+01 -1.194628e+01
1.074525e+15 9.305112e-28 9.998573e-13 1.503122e+01 -1.200006e+01
1.070687e+15 7.969349e-28 8.532679e-13 1.502966e+01 -1.206891e+01
1.066877e+15 9.455132e-28 1.008746e-12 1.502811e+01 -1.199622e+01
1.063094e+15 1.217131e-27 1.293924e-12 1.502657e+01 -1.188809e+01
1.059337e+15 1.193048e-27 1.263839e-12 1.502503e+01 -1.189831e+01
1.055607e+15 1.179244e-27 1.244818e-12 1.502350e+01 -1.190489e+01
1.051903e+15 1.012458e-27 1.065007e-12 1.502198e+01 -1.197265e+01
1.048225e+15 1.154961e-27 1.210660e-12 1.502045e+01 -1.191698e+01
1.044573e+15 1.278347e-27 1.335327e-12 1.501894e+01 -1.187441e+01
1.040946e+15 1.277949e-27 1.330276e-12 1.501743e+01 -1.187606e+01
1.037344e+15 1.344867e-27 1.395089e-12 1.501592e+01 -1.185540e+01
1.033767e+15 1.503701e-27 1.554476e-12 1.501442e+01 -1.180842e+01
1.030214e+15 1.567731e-27 1.615099e-12 1.501293e+01 -1.179180e+01
1.026686e+15 1.528869e-27 1.569668e-12 1.501144e+01 -1.180419e+01
1.023182e+15 1.532341e-27 1.567864e-12 1.500995e+01 -1.180469e+01
1.019702e+15 1.528689e-27 1.558807e-12 1.500847e+01 -1.180721e+01
1.016245e+15 1.543551e-27 1.568627e-12 1.500700e+01 -1.180448e+01
1.012812e+15 1.638181e-27 1.659170e-12 1.500553e+01 -1.178011e+01
1.009402e+15 1.543823e-27 1.558338e-12 1.500406e+01 -1.180734e+01
1.006015e+15 1.588715e-27 1.598271e-12 1.500260e+01 -1.179635e+01
1.002650e+15 1.604876e-27 1.609129e-12 1.500115e+01 -1.179341e+01
9.993080e+14 1.557698e-27 1.556620e-12 1.499970e+01 -1.180782e+01
9.959880e+14 1.600499e-27 1.594078e-12 1.499825e+01 -1.179749e+01
9.926901e+14 1.559900e-27 1.548497e-12 1.499681e+01 -1.181009e+01
9.894139e+14 1.791620e-27 1.772654e-12 1.499538e+01 -1.175138e+01
9.861592e+14 1.848788e-27 1.823200e-12 1.499395e+01 -1.173917e+01
9.829259e+14 1.885683e-27 1.853487e-12 1.499252e+01 -1.173201e+01
9.797137e+14 1.811010e-27 1.774271e-12 1.499110e+01 -1.175098e+01
9.765225e+14 1.889309e-27 1.844953e-12 1.498968e+01 -1.173401e+01
9.733519e+14 1.984023e-27 1.931152e-12 1.498827e+01 -1.171418e+01
9.702019e+14 1.886691e-27 1.830471e-12 1.498686e+01 -1.173744e+01
9.670723e+14 1.870448e-27 1.808859e-12 1.498546e+01 -1.174260e+01
9.639627e+14 2.157257e-27 2.079515e-12 1.498406e+01 -1.168204e+01
9.608731e+14 2.105510e-27 2.023128e-12 1.498267e+01 -1.169398e+01
9.578032e+14 2.167075e-27 2.075631e-12 1.498128e+01 -1.168285e+01
9.547529e+14 2.223253e-27 2.122658e-12 1.497989e+01 -1.167312e+01
9.517219e+14 2.200940e-27 2.094683e-12 1.497851e+01 -1.167888e+01
9.487101e+14 2.083326e-27 1.976473e-12 1.497713e+01 -1.170411e+01
9.457174e+14 2.329595e-27 2.203138e-12 1.497576e+01 -1.165696e+01
9.427434e+14 2.347415e-27 2.213010e-12 1.497439e+01 -1.165502e+01
9.397881e+14 2.215604e-27 2.082198e-12 1.497303e+01 -1.168148e+01
9.368512e+14 2.138495e-27 2.003451e-12 1.497167e+01 -1.169822e+01
9.339327e+14 2.357173e-27 2.201441e-12 1.497032e+01 -1.165729e+01
9.310323e+14 2.312559e-27 2.153067e-12 1.496896e+01 -1.166694e+01
9.281498e+14 2.158527e-27 2.003436e-12 1.496762e+01 -1.169822e+01
9.252852e+14 2.205162e-27 2.040404e-12 1.496628e+01 -1.169028e+01
9.224382e+14 2.551183e-27 2.353308e-12 1.496494e+01 -1.162832e+01
9.196086e+14 2.704807e-27 2.487364e-12 1.496360e+01 -1.160426e+01
9.167963e+14 2.814289e-27 2.580130e-12 1.496227e+01 -1.158836e+01
9.140012e+14 2.746890e-27 2.510661e-12 1.496095e+01 -1.160021e+01
9.112231e+14 2.980423e-27 2.715830e-12 1.495962e+01 -1.156610e+01
9.084618e+14 3.095368e-27 2.812024e-12 1.495831e+01 -1.155098e+01
9.057172e+14 2.852218e-27 2.583303e-12 1.495699e+01 -1.158782e+01
9.029892e+14 2.859343e-27 2.581955e-12 1.495568e+01 -1.158805e+01
9.002775e+14 2.825610e-27 2.543833e-12 1.495438e+01 -1.159451e+01
8.975820e+14 2.930369e-27 2.630247e-12 1.495307e+01 -1.158000e+01
8.949027e+14 3.012153e-27 2.695584e-12 1.495178e+01 -1.156935e+01
8.922393e+14 2.804083e-27 2.501913e-12 1.495048e+01 -1.160173e+01
8.895917e+14 2.709406e-27 2.410265e-12 1.494919e+01 -1.161794e+01
8.869598e+14 2.937947e-27 2.605841e-12 1.494790e+01 -1.158405e+01
8.843434e+14 3.078644e-27 2.722578e-12 1.494662e+01 -1.156502e+01
8.817424e+14 3.183054e-27 2.806633e-12 1.494534e+01 -1.155181e+01
8.791566e+14 3.159035e-27 2.777286e-12 1.494407e+01 -1.155638e+01
8.765860e+14 3.201491e-27 2.806382e-12 1.494279e+01 -1.155185e+01
8.740303e+14 3.247887e-27 2.838752e-12 1.494153e+01 -1.154687e+01
8.714895e+14 2.876330e-27 2.506691e-12 1.494026e+01 -1.160090e+01
8.689635e+14 3.001309e-27 2.608028e-12 1.493900e+01 -1.158369e+01
8.664520e+14 3.243792e-27 2.810591e-12 1.493774e+01 -1.155120e+01
8.639550e+14 3.081726e-27 2.662473e-12 1.493649e+01 -1.157471e+01
8.614724e+14 3.082191e-27 2.655223e-12 1.493524e+01 -1.157590e+01
8.590040e+14 3.116108e-27 2.676749e-12 1.493400e+01 -1.157239e+01
8.565497e+14 3.444386e-27 2.950288e-12 1.493275e+01 -1.153014e+01
8.541094e+14 3.563538e-27 3.043652e-12 1.493151e+01 -1.151661e+01
8.516830e+14 3.353472e-27 2.856095e-12 1.493028e+01 -1.154423e+01
8.492703e+14 3.483316e-27 2.958276e-12 1.492905e+01 -1.152896e+01
8.468712e+14 3.947366e-27 3.342910e-12 1.492782e+01 -1.147588e+01
8.444856e+14 3.871841e-27 3.269714e-12 1.492659e+01 -1.148549e+01
8.421135e+14 3.500043e-27 2.947433e-12 1.492537e+01 -1.153056e+01
8.397546e+14 3.123878e-27 2.623291e-12 1.492415e+01 -1.158115e+01
8.374089e+14 2.794395e-27 2.340051e-12 1.492294e+01 -1.163077e+01
8.350763e+14 3.198481e-27 2.670976e-12 1.492173e+01 -1.157333e+01
8.327567e+14 3.682420e-27 3.066560e-12 1.492052e+01 -1.151335e+01
8.304499e+14 3.516496e-27 2.920274e-12 1.491931e+01 -1.153458e+01
8.281558e+14 3.781022e-27 3.131275e-12 1.491811e+01 -1.150428e+01
8.258744e+14 3.974266e-27 3.282245e-12 1.491691e+01 -1.148383e+01
8.236055e+14 4.015145e-27 3.306896e-12 1.491572e+01 -1.148058e+01
8.213490e+14 4.395225e-27 3.610014e-12 1.491453e+01 -1.144249e+01
8.191049e+14 5.058497e-27 4.143440e-12 1.491334e+01 -1.138264e+01
8.168730e+14 4.867372e-27 3.976025e-12 1.491215e+01 -1.140055e+01
8.146533e+14 4.536954e-27 3.696045e-12 1.491097e+01 -1.143226e+01
8.124455e+14 4.697980e-27 3.816853e-12 1.490979e+01 -1.141829e+01
8.102497e+14 4.881533e-27 3.955261e-12 1.490862e+01 -1.140282e+01
8.080658e+14 4.540913e-27 3.669357e-12 1.490745e+01 -1.143541e+01
8.058935e+14 4.339204e-27 3.496937e-12 1.490628e+01 -1.145631e+01
8.037330e+14 3.766959e-27 3.027629e-12 1.490511e+01 -1.151890e+01
8.015840e+14 3.539945e-27 2.837563e-12 1.490395e+01 -1.154705e+01
7.994464e+14 3.902291e-27 3.119672e-12 1.490279e+01 -1.150589e+01
7.973202e+14 4.318911e-27 3.443555e-12 1.490163e+01 -1.146299e+01
7.952053e+14 4.964884e-27 3.948102e-12 1.490048e+01 -1.140361e+01
7.931016e+14 5.592720e-27 4.435595e-12 1.489933e+01 -1.135305e+01
7.910090e+14 4.923776e-27 3.894751e-12 1.489818e+01 -1.140952e+01
7.889274e+14 4.840617e-27 3.818896e-12 1.489704e+01 -1.141806e+01
7.868567e+14 4.722265e-27 3.715746e-12 1.489590e+01 -1.142995e+01
7.847969e+14 3.955408e-27 3.104192e-12 1.489476e+01 -1.150805e+01
7.827478e+14 3.352671e-27 2.624295e-12 1.489362e+01 -1.158099e+01
7.807094e+14 3.766429e-27 2.940487e-12 1.489249e+01 -1.153158e+01
7.786816e+14 4.341867e-27 3.380932e-12 1.489136e+01 -1.147096e+01
7.766642e+14 4.323349e-27 3.357791e-12 1.489023e+01 -1.147395e+01
7.746574e+14 4.354960e-27 3.373602e-12 1.488911e+01 -1.147191e+01
7.726608e+14 4.320585e-27 3.338347e-12 1.488799e+01 -1.147647e+01
7.706746e+14 4.891736e-27 3.769937e-12 1.488687e+01 -1.142367e+01
7.686985e+14 5.456164e-27 4.194145e-12 1.488576e+01 -1.137736e+01
7.667325e+14 5.954342e-27 4.565387e-12 1.488464e+01 -1.134052e+01
7.647765e+14 5.435338e-27 4.156819e-12 1.488353e+01 -1.138124e+01
7.628305e+14 4.005014e-27 3.055147e-12 1.488243e+01 -1.151497e+01
7.608944e+14 4.371183e-27 3.326009e-12 1.488132e+01 -1.147808e+01
7.589681e+14 5.982740e-27 4.540708e-12 1.488022e+01 -1.134288e+01
7.570515e+14 5.103019e-27 3.863248e-12 1.487913e+01 -1.141305e+01
7.551446e+14 4.539452e-27 3.427943e-12 1.487803e+01 -1.146497e+01
7.532472e+14 7.009413e-27 5.279821e-12 1.487694e+01 -1.127738e+01
7.513594e+14 8.641974e-27 6.493228e-12 1.487585e+01 -1.118754e+01
7.494810e+14 9.295102e-27 6.966503e-12 1.487476e+01 -1.115699e+01
7.476120e+14 9.821368e-27 7.342573e-12 1.487368e+01 -1.113415e+01
7.457522e+14 1.009662e-26 7.529575e-12 1.487259e+01 -1.112323e+01
7.439017e+14 9.839933e-27 7.319943e-12 1.487152e+01 -1.113549e+01
7.420604e+14 9.576987e-27 7.106703e-12 1.487044e+01 -1.114833e+01
7.402281e+14 9.776959e-27 7.237181e-12 1.486937e+01 -1.114043e+01
7.384049e+14 9.360476e-27 6.911822e-12 1.486829e+01 -1.116041e+01
7.365907e+14 9.462495e-27 6.969985e-12 1.486723e+01 -1.115677e+01
7.347853e+14 1.010262e-26 7.423258e-12 1.486616e+01 -1.112941e+01
7.329888e+14 1.070596e-26 7.847350e-12 1.486510e+01 -1.110528e+01
7.312010e+14 9.848107e-27 7.200945e-12 1.486404e+01 -1.114261e+01
7.294219e+14 1.018098e-26 7.426226e-12 1.486298e+01 -1.112923e+01
7.276515e+14 1.053234e-26 7.663876e-12 1.486192e+01 -1.111555e+01
7.258896e+14 1.037615e-26 7.531940e-12 1.486087e+01 -1.112309e+01
7.241362e+14 9.834564e-27 7.121564e-12 1.485982e+01 -1.114742e+01
7.223913e+14 9.834621e-27 7.104445e-12 1.485877e+01 -1.114847e+01
7.206548e+14 1.032411e-26 7.440117e-12 1.485773e+01 -1.112842e+01
7.189266e+14 9.943854e-27 7.148902e-12 1.485668e+01 -1.114576e+01
7.172067e+14 9.995174e-27 7.168606e-12 1.485564e+01 -1.114457e+01
7.154950e+14 1.039104e-26 7.434735e-12 1.485461e+01 -1.112873e+01
7.137914e+14 1.027488e-26 7.334125e-12 1.485357e+01 -1.113465e+01
7.120960e+14 1.100839e-26 7.839028e-12 1.485254e+01 -1.110574e+01
7.104085e+14 1.028746e-26 7.308297e-12 1.485151e+01 -1.113618e+01
7.087291e+14 1.010227e-26 7.159772e-12 1.485048e+01 -1.114510e+01
7.070575e+14 1.136237e-26 8.033850e-12 1.484945e+01 -1.109508e+01
7.053939e+14 1.123333e-26 7.923922e-12 1.484843e+01 -1.110106e+01
7.037380e+14 1.134559e-26 7.984321e-12 1.484741e+01 -1.109776e+01
7.020899e+14 1.108968e-26 7.785952e-12 1.484639e+01 -1.110869e+01
7.004495e+14 1.112109e-26 7.789765e-12 1.484538e+01 -1.110848e+01
6.988168e+14 1.053192e-26 7.359882e-12 1.484436e+01 -1.113313e+01
6.971916e+14 9.632727e-27 6.715857e-12 1.484335e+01 -1.117290e+01
6.955740e+14 1.075371e-26 7.480004e-12 1.484234e+01 -1.112610e+01
6.939639e+14 1.260174e-26 8.745154e-12 1.484134e+01 -1.105823e+01
6.923612e+14 1.266015e-26 8.765397e-12 1.484033e+01 -1.105723e+01
6.907659e+14 1.338263e-26 9.244265e-12 1.483933e+01 -1.103413e+01
6.891779e+14 1.393931e-26 9.606661e-12 1.483833e+01 -1.101743e+01
6.875972e+14 1.471044e-26 1.011486e-11 1.483733e+01 -1.099504e+01
6.860238e+14 1.423948e-26 9.768621e-12 1.483634e+01 -1.101017e+01
6.844575e+14 1.276997e-26 8.740504e-12 1.483535e+01 -1.105846e+01
6.828984e+14 1.304691e-26 8.909717e-12 1.483436e+01 -1.105014e+01
6.813464e+14 1.361082e-26 9.273682e-12 1.483337e+01 -1.103275e+01
6.798014e+14 1.419932e-26 9.652717e-12 1.483238e+01 -1.101535e+01
6.782633e+14 1.539555e-26 1.044224e-11 1.483140e+01 -1.098121e+01
6.767323e+14 1.491189e-26 1.009135e-11 1.483042e+01 -1.099605e+01
6.752081e+14 1.531766e-26 1.034261e-11 1.482944e+01 -1.098537e+01
6.736908e+14 1.556681e-26 1.048721e-11 1.482846e+01 -1.097934e+01
6.721803e+14 1.457800e-26 9.799043e-12 1.482749e+01 -1.100882e+01
6.706765e+14 1.634807e-26 1.096427e-11 1.482651e+01 -1.096002e+01
6.691795e+14 1.735432e-26 1.161316e-11 1.482554e+01 -1.093505e+01
6.676891e+14 1.752458e-26 1.170097e-11 1.482457e+01 -1.093178e+01
6.662053e+14 1.786134e-26 1.189932e-11 1.482361e+01 -1.092448e+01
6.647282e+14 1.842087e-26 1.224487e-11 1.482264e+01 -1.091205e+01
6.632575e+14 1.709784e-26 1.134027e-11 1.482168e+01 -1.094538e+01
6.617934e+14 1.615880e-26 1.069379e-11 1.482072e+01 -1.097087e+01
6.603357e+14 1.745165e-26 1.152394e-11 1.481976e+01 -1.093840e+01
6.588844e+14 1.783320e-26 1.175002e-11 1.481881e+01 -1.092996e+01
6.574395e+14 1.869774e-26 1.229263e-11 1.481786e+01 -1.091036e+01
6.560009e+14 1.839788e-26 1.206902e-11 1.481690e+01 -1.091833e+01
6.545686e+14 1.854064e-26 1.213612e-11 1.481596e+01 -1.091592e+01
6.531425e+14 1.804911e-26 1.178864e-11 1.481501e+01 -1.092854e+01
6.517226e+14 1.855158e-26 1.209048e-11 1.481406e+01 -1.091756e+01
6.503089e+14 1.967457e-26 1.279455e-11 1.481312e+01 -1.089297e+01
6.489013e+14 2.018309e-26 1.309684e-11 1.481218e+01 -1.088283e+01
6.474998e+14 1.966825e-26 1.273519e-11 1.481124e+01 -1.089499e+01
6.461043e+14 1.879863e-26 1.214588e-11 1.481030e+01 -1.091557e+01
6.447148e+14 1.881347e-26 1.212932e-11 1.480937e+01 -1.091616e+01
6.433313e+14 1.932712e-26 1.243374e-11 1.480843e+01 -1.090540e+01
6.419537e+14 1.882859e-26 1.208708e-11 1.480750e+01 -1.091768e+01
6.405821e+14 1.957841e-26 1.254158e-11 1.480657e+01 -1.090165e+01
6.392162e+14 1.964869e-26 1.255976e-11 1.480565e+01 -1.090102e+01
6.378562e+14 1.930374e-26 1.231301e-11 1.480472e+01 -1.090964e+01
6.365019e+14 1.934971e-26 1.231613e-11 1.480380e+01 -1.090953e+01
6.351534e+14 2.041073e-26 1.296394e-11 1.480288e+01 -1.088726e+01
6.338106e+14 2.029844e-26 1.286536e-11 1.480196e+01 -1.089058e+01
6.324734e+14 2.113500e-26 1.336732e-11 1.480104e+01 -1.087396e+01
6.311419e+14 2.151703e-26 1.358030e-11 1.480013e+01 -1.086709e+01
6.298160e+14 2.063545e-26 1.299653e-11 1.479921e+01 -1.088617e+01
6.284956e+14 2.062693e-26 1.296393e-11 1.479830e+01 -1.088726e+01
6.271808e+14 2.135548e-26 1.339374e-11 1.479739e+01 -1.087310e+01
6.258714e+14 2.164184e-26 1.354501e-11 1.479649e+01 -1.086822e+01
6.245675e+14 2.221252e-26 1.387322e-11 1.479558e+01 -1.085782e+01
6.232690e+14 2.183240e-26 1.360746e-11 1.479468e+01 -1.086622e+01
6.219759e+14 2.224372e-26 1.383506e-11 1.479377e+01 -1.085902e+01
6.206882e+14 2.230036e-26 1.384157e-11 1.479287e+01 -1.085881e+01
6.194058e+14 2.193804e-26 1.358855e-11 1.479198e+01 -1.086683e+01
6.181287e+14 2.110592e-26 1.304617e-11 1.479108e+01 -1.088452e+01
6.168568e+14 1.992368e-26 1.229006e-11 1.479018e+01 -1.091045e+01
6.155901e+14 2.098472e-26 1.291799e-11 1.478929e+01 -1.088881e+01
6.143287e+14 2.126807e-26 1.306559e-11 1.478840e+01 -1.088387e+01
6.130724e+14 2.160941e-26 1.324813e-11 1.478751e+01 -1.087785e+01
6.118212e+14 2.293426e-26 1.403166e-11 1.478662e+01 -1.085289e+01
6.105752e+14 2.227916e-26 1.360310e-11 1.478574e+01 -1.086636e+01
6.093341e+14 2.201387e-26 1.341380e-11 1.478486e+01 -1.087245e+01
6.080982e+14 2.274661e-26 1.383217e-11 1.478397e+01 -1.085911e+01
6.068672e+14 2.334263e-26 1.416588e-11 1.478309e+01 -1.084876e+01
6.056412e+14 2.358494e-26 1.428401e-11 1.478222e+01 -1.084515e+01
6.044202e+14 2.226519e-26 1.345753e-11 1.478134e+01 -1.087103e+01
6.032040e+14 2.259481e-26 1.362928e-11 1.478046e+01 -1.086553e+01
6.019928e+14 2.273650e-26 1.368721e-11 1.477959e+01 -1.086369e+01
6.007864e+14 2.190441e-26 1.315987e-11 1.477872e+01 -1.088075e+01
5.995848e+14 2.183648e-26 1.309282e-11 1.477785e+01 -1.088297e+01
5.983880e+14 2.045702e-26 1.224124e-11 1.477698e+01 -1.091217e+01
5.971960e+14 2.135754e-26 1.275464e-11 1.477612e+01 -1.089433e+01
5.960087e+14 2.254134e-26 1.343484e-11 1.477525e+01 -1.087177e+01
5.948262e+14 2.209124e-26 1.314045e-11 1.477439e+01 -1.088139e+01
5.936483e+14 2.258025e-26 1.340473e-11 1.477353e+01 -1.087274e+01
5.924751e+14 2.414254e-26 1.430386e-11 1.477267e+01 -1.084455e+01
5.913065e+14 2.279885e-26 1.348111e-11 1.477181e+01 -1.087027e+01
5.901425e+14 2.210315e-26 1.304401e-11 1.477096e+01 -1.088459e+01
5.889831e+14 2.245232e-26 1.322404e-11 1.477010e+01 -1.087864e+01
5.878282e+14 2.224299e-26 1.307506e-11 1.476925e+01 -1.088356e+01
5.866779e+14 2.309332e-26 1.354834e-11 1.476840e+01 -1.086811e+01
5.855320e+14 2.291328e-26 1.341646e-11 1.476755e+01 -1.087236e+01
5.843906e+14 2.234411e-26 1.305769e-11 1.476670e+01 -1.088413e+01
5.832537e+14 2.255818e-26 1.315714e-11 1.476586e+01 -1.088084e+01
5.821212e+14 2.193335e-26 1.276787e-11 1.476501e+01 -1.089388e+01
5.809930e+14 2.141741e-26 1.244337e-11 1.476417e+01 -1.090506e+01
5.798692e+14 2.004766e-26 1.162502e-11 1.476333e+01 -1.093461e+01
5.787498e+14 1.988678e-26 1.150947e-11 1.476249e+01 -1.093894e+01
5.776347e+14 2.158461e-26 1.246802e-11 1.476165e+01 -1.090420e+01
5.765238e+14 2.250497e-26 1.297465e-11 1.476082e+01 -1.088690e+01
5.754173e+14 2.277188e-26 1.310333e-11 1.475998e+01 -1.088262e+01
5.743149e+14 2.415672e-26 1.387356e-11 1.475915e+01 -1.085781e+01
5.732168e+14 2.437233e-26 1.397063e-11 1.475832e+01 -1.085478e+01
5.721229e+14 2.582622e-26 1.477577e-11 1.475749e+01 -1.083045e+01
5.710331e+14 2.495334e-26 1.424918e-11 1.475666e+01 -1.084621e+01
5.699475e+14 2.465556e-26 1.405238e-11 1.475583e+01 -1.085225e+01
5.688660e+14 2.279430e-26 1.296691e-11 1.475501e+01 -1.088716e+01
5.677886e+14 2.630747e-26 1.493708e-11 1.475419e+01 -1.082573e+01
5.667153e+14 2.695332e-26 1.527486e-11 1.475336e+01 -1.081602e+01
5.656460e+14 2.775272e-26 1.569822e-11 1.475254e+01 -1.080415e+01
5.645808e+14 2.867858e-26 1.619138e-11 1.475173e+01 -1.079072e+01
5.635195e+14 2.680590e-26 1.510565e-11 1.475091e+01 -1.082086e+01
5.624623e+14 2.569930e-26 1.445489e-11 1.475009e+01 -1.083999e+01
5.614090e+14 2.699034e-26 1.515262e-11 1.474928e+01 -1.081951e+01
5.603596e+14 2.788988e-26 1.562836e-11 1.474847e+01 -1.080609e+01
5.593142e+14 2.921534e-26 1.634055e-11 1.474766e+01 -1.078673e+01
5.582726e+14 2.733276e-26 1.525913e-11 1.474685e+01 -1.081647e+01
5.572349e+14 2.850519e-26 1.588409e-11 1.474604e+01 -1.079904e+01
5.562011e+14 2.791074e-26 1.552398e-11 1.474523e+01 -1.080900e+01
5.551711e+14 2.666179e-26 1.480186e-11 1.474443e+01 -1.082968e+01
5.541449e+14 2.728394e-26 1.511926e-11 1.474362e+01 -1.082047e+01
5.531225e+14 2.864850e-26 1.584613e-11 1.474282e+01 -1.080008e+01
5.521039e+14 2.838377e-26 1.567079e-11 1.474202e+01 -1.080491e+01
5.510890e+14 2.920198e-26 1.609289e-11 1.474122e+01 -1.079337e+01
5.500778e+14 2.860538e-26 1.573519e-11 1.474042e+01 -1.080313e+01
5.490703e+14 2.853379e-26 1.566706e-11 1.473963e+01 -1.080501e+01
5.480665e+14 2.843970e-26 1.558685e-11 1.473883e+01 -1.080724e+01
5.470664e+14 2.808354e-26 1.536356e-11 1.473804e+01 -1.081351e+01
5.460699e+14 2.917771e-26 1.593307e-11 1.473725e+01 -1.079770e+01
5.450771e+14 2.940155e-26 1.602611e-11 1.473646e+01 -1.079517e+01
5.440878e+14 2.859660e-26 1.555906e-11 1.473567e+01 -1.080802e+01
5.431022e+14 3.008897e-26 1.634139e-11 1.473488e+01 -1.078671e+01
5.421201e+14 3.003562e-26 1.628291e-11 1.473410e+01 -1.078827e+01
5.411415e+14 3.086557e-26 1.670264e-11 1.473331e+01 -1.077721e+01
5.401665e+14 3.086695e-26 1.667329e-11 1.473253e+01 -1.077798e+01
5.391950e+14 3.083931e-26 1.662840e-11 1.473175e+01 -1.077915e+01
5.382269e+14 3.003743e-26 1.616695e-11 1.473097e+01 -1.079137e+01
5.372624e+14 3.035852e-26 1.631049e-11 1.473019e+01 -1.078753e+01
5.363013e+14 2.924784e-26 1.568565e-11 1.472941e+01 -1.080450e+01
5.353436e+14 2.958007e-26 1.583550e-11 1.472863e+01 -1.080037e+01
5.343893e+14 3.059902e-26 1.635179e-11 1.472786e+01 -1.078643e+01
5.334384e+14 3.098895e-26 1.653070e-11 1.472708e+01 -1.078171e+01
5.324909e+14 3.065890e-26 1.632558e-11 1.472631e+01 -1.078713e+01
5.315468e+14 3.109616e-26 1.652906e-11 1.472554e+01 -1.078175e+01
5.306060e+14 3.199908e-26 1.697891e-11 1.472477e+01 -1.077009e+01
5.296686e+14 3.146765e-26 1.666743e-11 1.472400e+01 -1.077813e+01
5.287344e+14 3.146398e-26 1.663609e-11 1.472324e+01 -1.077895e+01
5.278035e+14 3.243869e-26 1.712125e-11 1.472247e+01 -1.076646e+01
5.268759e+14 3.297311e-26 1.737274e-11 1.472171e+01 -1.076013e+01
5.259516e+14 3.260778e-26 1.715011e-11 1.472095e+01 -1.076573e+01
5.250305e+14 3.193946e-26 1.676919e-11 1.472018e+01 -1.077549e+01
5.241126e+14 3.305095e-26 1.732242e-11 1.471942e+01 -1.076139e+01
5.231979e+14 3.401532e-26 1.779674e-11 1.471867e+01 -1.074966e+01
5.222864e+14 3.426880e-26 1.789813e-11 1.471791e+01 -1.074719e+01
5.213781e+14 3.432075e-26 1.789409e-11 1.471715e+01 -1.074729e+01
5.204729e+14 3.389786e-26 1.764292e-11 1.471640e+01 -1.075343e+01
5.195709e+14 3.384899e-26 1.758695e-11 1.471564e+01 -1.075481e+01
5.186720e+14 3.345100e-26 1.735010e-11 1.471489e+01 -1.076070e+01
5.177762e+14 3.406692e-26 1.763904e-11 1.471414e+01 -1.075353e+01
5.168834e+14 3.492023e-26 1.804969e-11 1.471339e+01 -1.074353e+01
5.159938e+14 3.459239e-26 1.784946e-11 1.471264e+01 -1.074837e+01
5.151072e+14 3.543833e-26 1.825454e-11 1.471190e+01 -1.073863e+01
5.142237e+14 3.573385e-26 1.837519e-11 1.471115e+01 -1.073577e+01
5.133432e+14 3.533385e-26 1.813839e-11 1.471041e+01 -1.074140e+01
5.124656e+14 3.552489e-26 1.820529e-11 1.470966e+01 -1.073980e+01
5.115911e+14 3.430269e-26 1.754895e-11 1.470892e+01 -1.075575e+01
5.107196e+14 3.362423e-26 1.717255e-11 1.470818e+01 -1.076517e+01
5.098510e+14 3.261909e-26 1.663088e-11 1.470744e+01 -1.077908e+01
5.089854e+14 3.297471e-26 1.678364e-11 1.470671e+01 -1.077511e+01
5.081227e+14 3.252839e-26 1.652841e-11 1.470597e+01 -1.078177e+01
5.072629e+14 3.324185e-26 1.686236e-11 1.470523e+01 -1.077308e+01
5.064061e+14 3.462559e-26 1.753461e-11 1.470450e+01 -1.075610e+01
5.055521e+14 3.453429e-26 1.745888e-11 1.470377e+01 -1.075798e+01
5.047010e+14 3.550163e-26 1.791771e-11 1.470303e+01 -1.074672e+01
5.038528e+14 3.512934e-26 1.770001e-11 1.470230e+01 -1.075203e+01
5.030074e+14 3.564311e-26 1.792875e-11 1.470157e+01 -1.074645e+01
5.021648e+14 3.567542e-26 1.791494e-11 1.470085e+01 -1.074678e+01
5.013251e+14 3.625905e-26 1.817757e-11 1.470012e+01 -1.074046e+01
5.004881e+14 3.622279e-26 1.812908e-11 1.469939e+01 -1.074162e+01
4.996540e+14 3.598338e-26 1.797924e-11 1.469867e+01 -1.074523e+01
4.988226e+14 3.593735e-26 1.792636e-11 1.469795e+01 -1.074651e+01
4.979940e+14 3.682721e-26 1.833973e-11 1.469722e+01 -1.073661e+01
4.971682e+14 3.699424e-26 1.839236e-11 1.469650e+01 -1.073536e+01
4.963450e+14 3.727359e-26 1.850056e-11 1.469578e+01 -1.073282e+01
4.955246e+14 3.777109e-26 1.871650e-11 1.469507e+01 -1.072778e+01
4.947069e+14 3.770845e-26 1.865463e-11 1.469435e+01 -1.072921e+01
4.938919e+14 3.832238e-26 1.892712e-11 1.469363e+01 -1.072292e+01
4.930796e+14 3.829768e-26 1.888380e-11 1.469292e+01 -1.072391e+01
4.922700e+14 3.800694e-26 1.870967e-11 1.469220e+01 -1.072793e+01
4.914630e+14 3.788094e-26 1.861708e-11 1.469149e+01 -1.073009e+01
4.906586e+14 3.821884e-26 1.875240e-11 1.469078e+01 -1.072694e+01
4.898569e+14 3.788101e-26 1.855627e-11 1.469007e+01 -1.073151e+01
4.890577e+14 3.792428e-26 1.854716e-11 1.468936e+01 -1.073172e+01
4.882612e+14 3.785552e-26 1.848338e-11 1.468865e+01 -1.073322e+01
4.874673e+14 3.769683e-26 1.837597e-11 1.468795e+01 -1.073575e+01
4.866760e+14 3.661379e-26 1.781905e-11 1.468724e+01 -1.074912e+01
4.858872e+14 3.632826e-26 1.765143e-11 1.468654e+01 -1.075322e+01
4.851010e+14 3.638367e-26 1.764976e-11 1.468583e+01 -1.075326e+01
4.843173e+14 3.647803e-26 1.766694e-11 1.468513e+01 -1.075284e+01
4.835361e+14 3.729507e-26 1.803351e-11 1.468443e+01 -1.074392e+01
4.827575e+14 3.702540e-26 1.787429e-11 1.468373e+01 -1.074777e+01
4.819814e+14 3.610119e-26 1.740010e-11 1.468303e+01 -1.075945e+01
4.812077e+14 3.603495e-26 1.734030e-11 1.468233e+01 -1.076094e+01
4.804365e+14 3.615073e-26 1.736813e-11 1.468164e+01 -1.076025e+01
4.796678e+14 3.636247e-26 1.744191e-11 1.468094e+01 -1.075841e+01
4.789016e+14 3.611858e-26 1.729725e-11 1.468025e+01 -1.076202e+01
4.781378e+14 3.716191e-26 1.776851e-11 1.467955e+01 -1.075035e+01
4.773764e+14 3.774796e-26 1.801999e-11 1.467886e+01 -1.074425e+01
4.766175e+14 3.814315e-26 1.817969e-11 1.467817e+01 -1.074041e+01
4.758610e+14 3.866599e-26 1.839964e-11 1.467748e+01 -1.073519e+01
4.751068e+14 3.903292e-26 1.854481e-11 1.467679e+01 -1.073178e+01
4.743551e+14 3.899758e-26 1.849870e-11 1.467610e+01 -1.073286e+01
4.736057e+14 3.924390e-26 1.858614e-11 1.467542e+01 -1.073081e+01
4.728587e+14 3.942960e-26 1.864463e-11 1.467473e+01 -1.072945e+01
4.721140e+14 3.983010e-26 1.880435e-11 1.467405e+01 -1.072574e+01
4.713717e+14 4.031520e-26 1.900345e-11 1.467336e+01 -1.072117e+01
4.706317e+14 4.062035e-26 1.911722e-11 1.467268e+01 -1.071858e+01
4.698940e+14 4.128031e-26 1.939737e-11 1.467200e+01 -1.071226e+01
4.691587e+14 4.072146e-26 1.910483e-11 1.467132e+01 -1.071886e+01
4.684256e+14 4.112941e-26 1.926607e-11 1.467064e+01 -1.071521e+01
4.676949e+14 4.137558e-26 1.935115e-11 1.466996e+01 -1.071329e+01
4.669664e+14 4.126896e-26 1.927121e-11 1.466929e+01 -1.071509e+01
4.662401e+14 4.163840e-26 1.941349e-11 1.466861e+01 -1.071190e+01
4.655161e+14 4.221718e-26 1.965278e-11 1.466793e+01 -1.070658e+01
4.647944e+14 4.216987e-26 1.960032e-11 1.466726e+01 -1.070774e+01
4.640749e+14 4.234336e-26 1.965049e-11 1.466659e+01 -1.070663e+01
4.633577e+14 4.259431e-26 1.973640e-11 1.466592e+01 -1.070473e+01
4.626426e+14 4.271750e-26 1.976294e-11 1.466525e+01 -1.070415e+01
4.619297e+14 4.210495e-26 1.944953e-11 1.466458e+01 -1.071109e+01
4.612191e+14 4.241179e-26 1.956113e-11 1.466391e+01 -1.070861e+01
4.605106e+14 4.360324e-26 2.007976e-11 1.466324e+01 -1.069724e+01
4.598043e+14 4.386760e-26 2.017051e-11 1.466257e+01 -1.069528e+01
4.591002e+14 4.443794e-26 2.040146e-11 1.466191e+01 -1.069034e+01
4.583982e+14 4.431194e-26 2.031251e-11 1.466124e+01 -1.069224e+01
4.576983e+14 4.353143e-26 1.992426e-11 1.466058e+01 -1.070062e+01
4.570006e+14 4.211239e-26 1.924539e-11 1.465992e+01 -1.071567e+01
4.563050e+14 4.285389e-26 1.955445e-11 1.465926e+01 -1.070875e+01
4.556116e+14 4.341354e-26 1.977971e-11 1.465859e+01 -1.070378e+01
4.549202e+14 4.325718e-26 1.967857e-11 1.465794e+01 -1.070601e+01
4.542309e+14 4.393153e-26 1.995506e-11 1.465728e+01 -1.069995e+01
4.535437e+14 4.426118e-26 2.007438e-11 1.465662e+01 -1.069736e+01
4.528586e+14 4.379073e-26 1.983101e-11 1.465596e+01 -1.070266e+01
4.521756e+14 4.306532e-26 1.947309e-11 1.465531e+01 -1.071057e+01
4.514946e+14 4.408726e-26 1.990516e-11 1.465465e+01 -1.070103e+01
4.508156e+14 4.341590e-26 1.957257e-11 1.465400e+01 -1.070835e+01
4.501387e+14 4.331998e-26 1.950000e-11 1.465335e+01 -1.070997e+01
4.494639e+14 4.320926e-26 1.942100e-11 1.465269e+01 -1.071173e+01
4.487910e+14 4.292404e-26 1.926392e-11 1.465204e+01 -1.071526e+01
4.481202e+14 4.361968e-26 1.954686e-11 1.465139e+01 -1.070892e+01
4.474513e+14 4.327318e-26 1.936264e-11 1.465075e+01 -1.071304e+01
4.467845e+14 4.335645e-26 1.937099e-11 1.465010e+01 -1.071285e+01
4.461196e+14 4.310283e-26 1.922902e-11 1.464945e+01 -1.071604e+01
4.454568e+14 4.361992e-26 1.943079e-11 1.464881e+01 -1.071151e+01
4.447958e+14 4.364754e-26 1.941424e-11 1.464816e+01 -1.071188e+01
4.441369e+14 4.383301e-26 1.946786e-11 1.464752e+01 -1.071068e+01
4.434799e+14 4.392563e-26 1.948014e-11 1.464687e+01 -1.071041e+01
4.428248e+14 4.485645e-26 1.986355e-11 1.464623e+01 -1.070194e+01
4.421717e+14 4.478241e-26 1.980151e-11 1.464559e+01 -1.070330e+01
4.415205e+14 4.434464e-26 1.957906e-11 1.464495e+01 -1.070821e+01
4.408712e+14 4.447535e-26 1.960790e-11 1.464431e+01 -1.070757e+01
4.402238e+14 4.499479e-26 1.980778e-11 1.464367e+01 -1.070316e+01
4.395783e+14 4.564978e-26 2.006665e-11 1.464304e+01 -1.069753e+01
4.389347e+14 4.545965e-26 1.995382e-11 1.464240e+01 -1.069997e+01
4.382930e+14 4.627642e-26 2.028263e-11 1.464176e+01 -1.069288e+01
4.376531e+14 4.573586e-26 2.001644e-11 1.464113e+01 -1.069861e+01
4.370152e+14 4.459053e-26 1.948674e-11 1.464050e+01 -1.071026e+01
4.363790e+14 4.528000e-26 1.975924e-11 1.463986e+01 -1.070423e+01
4.357448e+14 4.562471e-26 1.988073e-11 1.463923e+01 -1.070157e+01
4.351123e+14 4.567983e-26 1.987586e-11 1.463860e+01 -1.070167e+01
4.344817e+14 4.687295e-26 2.036544e-11 1.463797e+01 -1.069111e+01
4.338530e+14 4.620885e-26 2.004785e-11 1.463734e+01 -1.069793e+01
4.332260e+14 4.636715e-26 2.008746e-11 1.463671e+01 -1.069708e+01
4.326009e+14 4.689870e-26 2.028842e-11 1.463609e+01 -1.069275e+01
4.319775e+14 4.732941e-26 2.044524e-11 1.463546e+01 -1.068941e+01
4.313560e+14 4.727837e-26 2.039381e-11 1.463484e+01 -1.069050e+01
4.307362e+14 4.786491e-26 2.061715e-11 1.463421e+01 -1.068577e+01
4.301182e+14 4.769977e-26 2.051654e-11 1.463359e+01 -1.068790e+01
4.295020e+14 4.693576e-26 2.015900e-11 1.463297e+01 -1.069553e+01
4.288876e+14 4.695053e-26 2.013650e-11 1.463234e+01 -1.069602e+01
4.282749e+14 4.814131e-26 2.061771e-11 1.463172e+01 -1.068576e+01
4.276639e+14 4.823377e-26 2.062784e-11 1.463110e+01 -1.068555e+01
4.270547e+14 4.789819e-26 2.045515e-11 1.463048e+01 -1.068920e+01
4.264472e+14 4.944352e-26 2.108505e-11 1.462987e+01 -1.067603e+01
4.258415e+14 4.960960e-26 2.112583e-11 1.462925e+01 -1.067519e+01
4.252374e+14 5.015182e-26 2.132643e-11 1.462863e+01 -1.067108e+01
4.246351e+14 4.795161e-26 2.036194e-11 1.462802e+01 -1.069118e+01
4.240345e+14 4.783730e-26 2.028467e-11 1.462740e+01 -1.069283e+01
4.234356e+14 4.889459e-26 2.070371e-11 1.462679e+01 -1.068395e+01
4.228384e+14 4.736362e-26 2.002716e-11 1.462617e+01 -1.069838e+01
4.222428e+14 4.720890e-26 1.993362e-11 1.462556e+01 -1.070041e+01
4.216489e+14 4.779649e-26 2.015334e-11 1.462495e+01 -1.069565e+01
4.210567e+14 4.769278e-26 2.008137e-11 1.462434e+01 -1.069721e+01
4.204662e+14 4.600892e-26 1.934520e-11 1.462373e+01 -1.071343e+01
4.198773e+14 4.510676e-26 1.893931e-11 1.462312e+01 -1.072264e+01
4.192901e+14 4.610548e-26 1.933157e-11 1.462251e+01 -1.071373e+01
4.187045e+14 4.807826e-26 2.013058e-11 1.462191e+01 -1.069614e+01
4.181205e+14 4.751407e-26 1.986661e-11 1.462130e+01 -1.070188e+01
4.175382e+14 4.756242e-26 1.985913e-11 1.462070e+01 -1.070204e+01
4.169574e+14 4.687104e-26 1.954323e-11 1.462009e+01 -1.070900e+01
4.163783e+14 4.687439e-26 1.951748e-11 1.461949e+01 -1.070958e+01
4.158008e+14 4.690377e-26 1.950263e-11 1.461889e+01 -1.070991e+01
4.152249e+14 4.830688e-26 2.005822e-11 1.461828e+01 -1.069771e+01
4.146506e+14 4.854227e-26 2.012808e-11 1.461768e+01 -1.069620e+01
4.140779e+14 4.900333e-26 2.029119e-11 1.461708e+01 -1.069269e+01
4.135068e+14 4.772638e-26 1.973518e-11 1.461648e+01 -1.070476e+01
4.129372e+14 4.856898e-26 2.005594e-11 1.461588e+01 -1.069776e+01
4.123692e+14 4.958307e-26 2.044653e-11 1.461529e+01 -1.068938e+01
4.118027e+14 4.896149e-26 2.016248e-11 1.461469e+01 -1.069546e+01
4.112379e+14 4.989427e-26 2.051841e-11 1.461409e+01 -1.068786e+01
4.106745e+14 4.998769e-26 2.052867e-11 1.461350e+01 -1.068764e+01
4.101127e+14 5.129855e-26 2.103819e-11 1.461290e+01 -1.067699e+01
4.095525e+14 5.096819e-26 2.087415e-11 1.461231e+01 -1.068039e+01
4.089937e+14 5.185412e-26 2.120801e-11 1.461172e+01 -1.067350e+01
4.084365e+14 5.183056e-26 2.116949e-11 1.461112e+01 -1.067429e+01
4.078808e+14 5.108324e-26 2.083587e-11 1.461053e+01 -1.068119e+01
4.073266e+14 5.138837e-26 2.093185e-11 1.460994e+01 -1.067919e+01
4.067739e+14 5.196098e-26 2.113637e-11 1.460935e+01 -1.067497e+01
4.062228e+14 5.330962e-26 2.165558e-11 1.460876e+01 -1.066443e+01
4.056731e+14 5.305244e-26 2.152195e-11 1.460818e+01 -1.066712e+01
4.051249e+14 5.354300e-26 2.169160e-11 1.460759e+01 -1.066371e+01
4.045781e+14 5.404685e-26 2.186617e-11 1.460700e+01 -1.066023e+01
4.040329e+14 5.605475e-26 2.264796e-11 1.460642e+01 -1.064497e+01
4.034891e+14 5.520197e-26 2.227339e-11 1.460583e+01 -1.065221e+01
4.029468e+14 5.456454e-26 2.198661e-11 1.460525e+01 -1.065784e+01
4.024059e+14 5.517632e-26 2.220328e-11 1.460466e+01 -1.065358e+01
4.018665e+14 5.428401e-26 2.181492e-11 1.460408e+01 -1.066125e+01
4.013285e+14 5.604879e-26 2.249398e-11 1.460350e+01 -1.064793e+01
4.007920e+14 5.700498e-26 2.284714e-11 1.460292e+01 -1.064117e+01
4.002569e+14 5.610285e-26 2.245555e-11 1.460234e+01 -1.064868e+01
3.997232e+14 5.618379e-26 2.245797e-11 1.460176e+01 -1.064863e+01
3.991909e+14 5.791263e-26 2.311820e-11 1.460118e+01 -1.063605e+01
3.986601e+14 5.783585e-26 2.305684e-11 1.460060e+01 -1.063720e+01
3.981307e+14 5.675003e-26 2.259393e-11 1.460003e+01 -1.064601e+01
3.976027e+14 5.843432e-26 2.323364e-11 1.459945e+01 -1.063388e+01
3.970760e+14 5.888062e-26 2.338008e-11 1.459887e+01 -1.063115e+01
3.965508e+14 5.921189e-26 2.348052e-11 1.459830e+01 -1.062929e+01
3.960269e+14 5.850796e-26 2.317073e-11 1.459772e+01 -1.063506e+01
3.955045e+14 5.582138e-26 2.207761e-11 1.459715e+01 -1.065605e+01
3.949834e+14 5.337898e-26 2.108381e-11 1.459658e+01 -1.067605e+01
3.944637e+14 5.076378e-26 2.002447e-11 1.459601e+01 -1.069844e+01
3.939453e+14 5.245953e-26 2.066619e-11 1.459544e+01 -1.068474e+01
3.934283e+14 5.636462e-26 2.217544e-11 1.459487e+01 -1.065413e+01
3.929127e+14 5.467470e-26 2.148239e-11 1.459430e+01 -1.066792e+01
3.923984e+14 5.488968e-26 2.153862e-11 1.459373e+01 -1.066678e+01
3.918855e+14 5.594829e-26 2.192532e-11 1.459316e+01 -1.065905e+01
3.913739e+14 5.439210e-26 2.128765e-11 1.459259e+01 -1.067187e+01
3.908636e+14 5.458229e-26 2.133423e-11 1.459203e+01 -1.067092e+01
3.903547e+14 5.365806e-26 2.094567e-11 1.459146e+01 -1.067891e+01
3.898471e+14 5.369517e-26 2.093290e-11 1.459089e+01 -1.067917e+01
3.893408e+14 5.411356e-26 2.106862e-11 1.459033e+01 -1.067636e+01
3.888358e+14 5.474616e-26 2.128727e-11 1.458977e+01 -1.067188e+01
3.883321e+14 5.547892e-26 2.154425e-11 1.458920e+01 -1.066667e+01
3.878298e+14 5.630040e-26 2.183497e-11 1.458864e+01 -1.066085e+01
3.873287e+14 5.729083e-26 2.219038e-11 1.458808e+01 -1.065384e+01
3.868289e+14 5.602754e-26 2.167307e-11 1.458752e+01 -1.066408e+01
3.863304e+14 5.689821e-26 2.198151e-11 1.458696e+01 -1.065794e+01
3.858332e+14 5.772347e-26 2.227163e-11 1.458640e+01 -1.065225e+01
3.853373e+14 5.623950e-26 2.167118e-11 1.458584e+01 -1.066412e+01
3.848426e+14 5.802721e-26 2.233134e-11 1.458528e+01 -1.065109e+01
3.843492e+14 5.818872e-26 2.236479e-11 1.458473e+01 -1.065044e+01
3.838571e+14 5.840657e-26 2.241978e-11 1.458417e+01 -1.064937e+01
3.833662e+14 5.754406e-26 2.206045e-11 1.458361e+01 -1.065639e+01
3.828766e+14 5.672667e-26 2.171932e-11 1.458306e+01 -1.066315e+01
3.823883e+14 5.618714e-26 2.148530e-11 1.458250e+01 -1.066786e+01
3.819011e+14 5.667055e-26 2.164255e-11 1.458195e+01 -1.066469e+01
3.814153e+14 5.636687e-26 2.149918e-11 1.458140e+01 -1.066758e+01
3.809306e+14 5.835821e-26 2.223043e-11 1.458085e+01 -1.065305e+01
3.804472e+14 5.687613e-26 2.163837e-11 1.458029e+01 -1.066478e+01
3.799650e+14 5.765026e-26 2.190508e-11 1.457974e+01 -1.065946e+01
3.794841e+14 5.507372e-26 2.089960e-11 1.457919e+01 -1.067986e+01
3.790043e+14 5.562237e-26 2.108112e-11 1.457864e+01 -1.067611e+01
3.785258e+14 5.575028e-26 2.110292e-11 1.457810e+01 -1.067566e+01
3.780484e+14 5.753595e-26 2.175138e-11 1.457755e+01 -1.066251e+01
3.775723e+14 5.527858e-26 2.087166e-11 1.457700e+01 -1.068044e+01
3.770974e+14 5.607657e-26 2.114633e-11 1.457645e+01 -1.067477e+01
3.766236e+14 5.775200e-26 2.175077e-11 1.457591e+01 -1.066253e+01
3.761511e+14 5.894857e-26 2.217357e-11 1.457536e+01 -1.065416e+01
3.756797e+14 5.810764e-26 2.182986e-11 1.457482e+01 -1.066095e+01
3.752095e+14 5.756197e-26 2.159780e-11 1.457427e+01 -1.066559e+01
3.747405e+14 5.870660e-26 2.199974e-11 1.457373e+01 -1.065758e+01
3.742727e+14 5.952210e-26 2.227749e-11 1.457319e+01 -1.065213e+01
3.738060e+14 5.934223e-26 2.218248e-11 1.457265e+01 -1.065399e+01
3.733405e+14 5.908184e-26 2.205764e-11 1.457211e+01 -1.065644e+01
3.728761e+14 5.943383e-26 2.216145e-11 1.457156e+01 -1.065440e+01
3.724129e+14 5.782060e-26 2.153314e-11 1.457102e+01 -1.066689e+01
3.719509e+14 6.055292e-26 2.252271e-11 1.457049e+01 -1.064738e+01
3.714900e+14 6.005784e-26 2.231089e-11 1.456995e+01 -1.065148e+01
3.710302e+14 6.011339e-26 2.230388e-11 1.456941e+01 -1.065162e+01
3.705716e+14 6.057657e-26 2.244795e-11 1.456887e+01 -1.064882e+01
3.701141e+14 5.960024e-26 2.205889e-11 1.456834e+01 -1.065642e+01
3.696577e+14 6.062781e-26 2.241154e-11 1.456780e+01 -1.064953e+01
3.692025e+14 6.097278e-26 2.251130e-11 1.456726e+01 -1.064760e+01
3.687483e+14 6.148097e-26 2.267100e-11 1.456673e+01 -1.064453e+01
3.682953e+14 6.310812e-26 2.324243e-11 1.456620e+01 -1.063372e+01
3.678434e+14 6.172275e-26 2.270431e-11 1.456566e+01 -1.064389e+01
3.673926e+14 6.284035e-26 2.308708e-11 1.456513e+01 -1.063663e+01
3.669430e+14 6.200560e-26 2.275252e-11 1.456460e+01 -1.064297e+01
3.664944e+14 6.236257e-26 2.285553e-11 1.456407e+01 -1.064101e+01
3.660469e+14 6.527699e-26 2.389444e-11 1.456354e+01 -1.062170e+01
3.656005e+14 6.424112e-26 2.348658e-11 1.456301e+01 -1.062918e+01
3.651552e+14 6.286905e-26 2.295696e-11 1.456248e+01 -1.063909e+01
3.647109e+14 6.367813e-26 2.322411e-11 1.456195e+01 -1.063406e+01
3.642678e+14 6.298887e-26 2.294482e-11 1.456142e+01 -1.063932e+01
3.638257e+14 6.421730e-26 2.336391e-11 1.456089e+01 -1.063145e+01
3.633847e+14 6.463751e-26 2.348828e-11 1.456037e+01 -1.062915e+01
3.629448e+14 6.466186e-26 2.346868e-11 1.455984e+01 -1.062951e+01
3.625059e+14 6.534260e-26 2.368708e-11 1.455932e+01 -1.062549e+01
3.620681e+14 6.677557e-26 2.417731e-11 1.455879e+01 -1.061659e+01
3.616314e+14 6.248526e-26 2.259663e-11 1.455827e+01 -1.064596e+01
3.611957e+14 6.307953e-26 2.278405e-11 1.455774e+01 -1.064237e+01
3.607610e+14 6.164413e-26 2.223880e-11 1.455722e+01 -1.065289e+01
3.603274e+14 6.177136e-26 2.225791e-11 1.455670e+01 -1.065252e+01
3.598948e+14 6.528747e-26 2.349662e-11 1.455618e+01 -1.062899e+01
3.594633e+14 6.154281e-26 2.212238e-11 1.455565e+01 -1.065517e+01
3.590328e+14 6.383469e-26 2.291875e-11 1.455513e+01 -1.063981e+01
3.586033e+14 6.311652e-26 2.263379e-11 1.455461e+01 -1.064524e+01
3.581749e+14 6.594461e-26 2.361971e-11 1.455410e+01 -1.062673e+01
3.577475e+14 6.244309e-26 2.233886e-11 1.455358e+01 -1.065094e+01
3.573211e+14 6.144148e-26 2.195434e-11 1.455306e+01 -1.065848e+01
3.568957e+14 6.388055e-26 2.279869e-11 1.455254e+01 -1.064209e+01
3.564713e+14 6.466143e-26 2.304995e-11 1.455202e+01 -1.063733e+01
3.560480e+14 6.362011e-26 2.265181e-11 1.455151e+01 -1.064490e+01
3.556256e+14 6.462809e-26 2.298340e-11 1.455099e+01 -1.063859e+01
3.552043e+14 6.430844e-26 2.284263e-11 1.455048e+01 -1.064125e+01
3.547839e+14 6.371680e-26 2.260569e-11 1.454996e+01 -1.064578e+01
3.543645e+14 6.250025e-26 2.214787e-11 1.454945e+01 -1.065467e+01
3.539462e+14 6.217166e-26 2.200542e-11 1.454894e+01 -1.065747e+01
3.535288e+14 6.447861e-26 2.279504e-11 1.454842e+01 -1.064216e+01
3.531124e+14 6.276755e-26 2.216400e-11 1.454791e+01 -1.065435e+01
3.526969e+14 5.937222e-26 2.094040e-11 1.454740e+01 -1.067902e+01
3.522825e+14 6.121382e-26 2.156456e-11 1.454689e+01 -1.066626e+01
3.518690e+14 6.224776e-26 2.190306e-11 1.454638e+01 -1.065950e+01
3.514565e+14 6.290692e-26 2.210905e-11 1.454587e+01 -1.065543e+01
3.510450e+14 5.867303e-26 2.059687e-11 1.454536e+01 -1.068620e+01
3.506344e+14 6.393421e-26 2.241753e-11 1.454485e+01 -1.064941e+01
3.502248e+14 6.388172e-26 2.237296e-11 1.454435e+01 -1.065028e+01
3.498161e+14 6.607964e-26 2.311572e-11 1.454384e+01 -1.063609e+01
3.494084e+14 6.549684e-26 2.288515e-11 1.454333e+01 -1.064045e+01
3.490016e+14 6.678045e-26 2.330649e-11 1.454283e+01 -1.063252e+01
3.485958e+14 6.517535e-26 2.271985e-11 1.454232e+01 -1.064359e+01
3.481909e+14 6.525884e-26 2.272254e-11 1.454182e+01 -1.064354e+01
3.477870e+14 6.723253e-26 2.338260e-11 1.454131e+01 -1.063111e+01
3.473840e+14 6.542540e-26 2.272774e-11 1.454081e+01 -1.064344e+01
3.469819e+14 6.601185e-26 2.290492e-11 1.454031e+01 -1.064007e+01
3.465808e+14 6.556846e-26 2.272477e-11 1.453980e+01 -1.064350e+01
3.461806e+14 6.175870e-26 2.137966e-11 1.453930e+01 -1.067000e+01
3.457813e+14 6.524993e-26 2.256221e-11 1.453880e+01 -1.064662e+01
3.453829e+14 6.684002e-26 2.308540e-11 1.453830e+01 -1.063666e+01
3.449855e+14 6.557446e-26 2.262224e-11 1.453780e+01 -1.064546e+01
3.445890e+14 6.911266e-26 2.381546e-11 1.453730e+01 -1.062314e+01
3.441933e+14 6.983746e-26 2.403759e-11 1.453680e+01 -1.061911e+01
3.437986e+14 7.048736e-26 2.423346e-11 1.453630e+01 -1.061558e+01
3.434048e+14 7.127206e-26 2.447517e-11 1.453581e+01 -1.061127e+01
3.430119e+14 7.133397e-26 2.446840e-11 1.453531e+01 -1.061139e+01
3.426199e+14 7.026135e-26 2.407294e-11 1.453481e+01 -1.061847e+01
3.422288e+14 6.988106e-26 2.391531e-11 1.453432e+01 -1.062132e+01
3.418385e+14 7.011142e-26 2.396678e-11 1.453382e+01 -1.062039e+01
3.414492e+14 7.024777e-26 2.398604e-11 1.453333e+01 -1.062004e+01
3.338445e+14 7.201801e-26 2.404282e-11 1.452354e+01 -1.061901e+01
3.265712e+14 7.570079e-26 2.472170e-11 1.451398e+01 -1.060692e+01
3.196081e+14 7.651818e-26 2.445583e-11 1.450462e+01 -1.061162e+01
3.129357e+14 8.009731e-26 2.506531e-11 1.449546e+01 -1.060093e+01
3.065362e+14 8.224524e-26 2.521114e-11 1.448648e+01 -1.059841e+01
3.003932e+14 8.432054e-26 2.532931e-11 1.447769e+01 -1.059638e+01
2.944916e+14 8.732104e-26 2.571531e-11 1.446907e+01 -1.058981e+01
2.888173e+14 8.926667e-26 2.578176e-11 1.446062e+01 -1.058869e+01
2.833577e+14 9.119582e-26 2.584103e-11 1.445233e+01 -1.058769e+01
2.781006e+14 9.378578e-26 2.608188e-11 1.444420e+01 -1.058366e+01
2.730350e+14 9.415702e-26 2.570816e-11 1.443622e+01 -1.058993e+01
2.681506e+14 9.517920e-26 2.552236e-11 1.442838e+01 -1.059308e+01
2.634380e+14 9.670965e-26 2.547699e-11 1.442068e+01 -1.059385e+01
2.588881e+14 9.805629e-26 2.538561e-11 1.441311e+01 -1.059541e+01
2.544927e+14 9.928921e-26 2.526838e-11 1.440568e+01 -1.059742e+01
2.502441e+14 1.000645e-25 2.504055e-11 1.439836e+01 -1.060136e+01
2.461350e+14 1.025392e-25 2.523847e-11 1.439117e+01 -1.059794e+01
2.421586e+14 1.033818e-25 2.503480e-11 1.438410e+01 -1.060146e+01
2.383087e+14 1.032242e-25 2.459923e-11 1.437714e+01 -1.060908e+01
2.345793e+14 1.042296e-25 2.445011e-11 1.437029e+01 -1.061172e+01
2.309649e+14 1.064846e-25 2.459419e-11 1.436355e+01 -1.060917e+01
2.274601e+14 1.091701e-25 2.483185e-11 1.435691e+01 -1.060499e+01
2.240601e+14 1.101124e-25 2.467178e-11 1.435036e+01 -1.060780e+01
2.207602e+14 1.090763e-25 2.407971e-11 1.434392e+01 -1.061835e+01
2.175562e+14 1.113040e-25 2.421486e-11 1.433757e+01 -1.061592e+01
2.144438e+14 1.106844e-25 2.373559e-11 1.433131e+01 -1.062460e+01
2.114192e+14 1.096420e-25 2.318043e-11 1.432514e+01 -1.063488e+01
2.084787e+14 1.118482e-25 2.331797e-11 1.431906e+01 -1.063231e+01
2.056189e+14 1.129177e-25 2.321803e-11 1.431306e+01 -1.063417e+01
2.028365e+14 1.166841e-25 2.366780e-11 1.430715e+01 -1.062584e+01
2.001284e+14 1.186253e-25 2.374030e-11 1.430131e+01 -1.062451e+01
1.974917e+14 1.241448e-25 2.451757e-11 1.429555e+01 -1.061052e+01
1.949235e+14 1.246583e-25 2.429885e-11 1.428986e+01 -1.061441e+01
1.924213e+14 1.266815e-25 2.437622e-11 1.428425e+01 -1.061303e+01
1.899825e+14 1.302855e-25 2.475197e-11 1.427871e+01 -1.060639e+01
1.876048e+14 1.351222e-25 2.534957e-11 1.427324e+01 -1.059603e+01
1.852858e+14 1.351287e-25 2.503743e-11 1.426784e+01 -1.060141e+01
1.830234e+14 1.338024e-25 2.448898e-11 1.426251e+01 -1.061103e+01
1.808157e+14 1.370056e-25 2.477275e-11 1.425724e+01 -1.060603e+01
1.786605e+14 1.397267e-25 2.496365e-11 1.425203e+01 -1.060269e+01
1.765562e+14 1.381873e-25 2.439782e-11 1.424688e+01 -1.061265e+01
1.745008e+14 1.373002e-25 2.395900e-11 1.424180e+01 -1.062053e+01
1.724928e+14 1.352073e-25 2.332228e-11 1.423677e+01 -1.063223e+01
1.705304e+14 1.328742e-25 2.265910e-11 1.423180e+01 -1.064476e+01
1.686121e+14 1.307469e-25 2.204551e-11 1.422689e+01 -1.065668e+01
1.667366e+14 1.260750e-25 2.102131e-11 1.422203e+01 -1.067734e+01
1.649023e+14 1.275784e-25 2.103797e-11 1.421723e+01 -1.067700e+01
1.631079e+14 1.234631e-25 2.013782e-11 1.421248e+01 -1.069599e+01
1.613522e+14 1.219321e-25 1.967402e-11 1.420777e+01 -1.070611e+01
1.596339e+14 1.210039e-25 1.931631e-11 1.420313e+01 -1.071408e+01
1.579517e+14 1.199879e-25 1.895229e-11 1.419852e+01 -1.072234e+01
1.563047e+14 1.167793e-25 1.825315e-11 1.419397e+01 -1.073866e+01
1.546916e+14 1.148528e-25 1.776677e-11 1.418947e+01 -1.075039e+01
1.531115e+14 1.136711e-25 1.740436e-11 1.418501e+01 -1.075934e+01
1.515634e+14 1.116080e-25 1.691569e-11 1.418059e+01 -1.077171e+01
1.500462e+14 1.100017e-25 1.650534e-11 1.417623e+01 -1.078238e+01
1.485592e+14 1.104258e-25 1.640477e-11 1.417190e+01 -1.078503e+01
1.471013e+14 1.081697e-25 1.591190e-11 1.416762e+01 -1.079828e+01
1.456717e+14 1.080097e-25 1.573396e-11 1.416338e+01 -1.080316e+01
1.442697e+14 1.050456e-25 1.515489e-11 1.415918e+01 -1.081945e+01
1.428944e+14 1.059981e-25 1.514653e-11 1.415502e+01 -1.081969e+01
1.415450e+14 1.052328e-25 1.489518e-11 1.415089e+01 -1.082695e+01
1.402210e+14 1.037269e-25 1.454468e-11 1.414681e+01 -1.083730e+01
1.389214e+14 1.025363e-25 1.424448e-11 1.414277e+01 -1.084635e+01
1.376457e+14 1.020708e-25 1.404961e-11 1.413876e+01 -1.085234e+01
1.363933e+14 1.009430e-25 1.376794e-11 1.413479e+01 -1.086113e+01
1.351634e+14 9.997357e-26 1.351277e-11 1.413086e+01 -1.086926e+01
1.339555e+14 9.830483e-26 1.316847e-11 1.412696e+01 -1.088046e+01
1.327690e+14 9.782972e-26 1.298875e-11 1.412310e+01 -1.088643e+01
1.316033e+14 9.691946e-26 1.275492e-11 1.411927e+01 -1.089432e+01
1.304580e+14 8.821555e-26 1.150842e-11 1.411547e+01 -1.093898e+01
1.293324e+14 8.487186e-26 1.097668e-11 1.411171e+01 -1.095953e+01
1.282260e+14 8.276840e-26 1.061306e-11 1.410798e+01 -1.097416e+01
1.271384e+14 7.771432e-26 9.880476e-12 1.410428e+01 -1.100522e+01
1.260691e+14 7.632272e-26 9.621940e-12 1.410061e+01 -1.101674e+01
1.250177e+14 7.684815e-26 9.607378e-12 1.409697e+01 -1.101740e+01
1.239836e+14 7.168383e-26 8.887621e-12 1.409336e+01 -1.105121e+01
1.229665e+14 7.147781e-26 8.789378e-12 1.408979e+01 -1.105604e+01
1.219660e+14 6.956888e-26 8.485037e-12 1.408624e+01 -1.107135e+01
1.209816e+14 6.945085e-26 8.402275e-12 1.408272e+01 -1.107560e+01
1.200130e+14 6.751623e-26 8.102823e-12 1.407923e+01 -1.109136e+01
1.190597e+14 7.151677e-26 8.514767e-12 1.407576e+01 -1.106983e+01
1.181215e+14 6.976160e-26 8.240346e-12 1.407233e+01 -1.108405e+01
1.171980e+14 6.765641e-26 7.929193e-12 1.406892e+01 -1.110077e+01
1.162888e+14 6.516035e-26 7.577416e-12 1.406554e+01 -1.112048e+01
1.153935e+14 6.769244e-26 7.811270e-12 1.406218e+01 -1.110728e+01
1.145120e+14 6.794037e-26 7.779987e-12 1.405885e+01 -1.110902e+01
1.136438e+14 6.877619e-26 7.815989e-12 1.405555e+01 -1.110702e+01
1.127887e+14 6.673355e-26 7.526791e-12 1.405227e+01 -1.112339e+01
1.119464e+14 6.579984e-26 7.366054e-12 1.404901e+01 -1.113277e+01
1.111165e+14 6.471878e-26 7.191326e-12 1.404578e+01 -1.114319e+01
1.102989e+14 6.350805e-26 7.004867e-12 1.404257e+01 -1.115460e+01
1.094932e+14 6.377209e-26 6.982610e-12 1.403939e+01 -1.115598e+01
1.086992e+14 6.561644e-26 7.132455e-12 1.403623e+01 -1.114676e+01
1.079166e+14 6.348069e-26 6.850622e-12 1.403309e+01 -1.116427e+01
1.071452e+14 6.112654e-26 6.549418e-12 1.402997e+01 -1.118380e+01
1.063848e+14 6.141935e-26 6.534086e-12 1.402688e+01 -1.118482e+01
1.056351e+14 5.902731e-26 6.235355e-12 1.402381e+01 -1.120514e+01
1.048959e+14 5.942823e-26 6.233776e-12 1.402076e+01 -1.120525e+01
1.041669e+14 6.307250e-26 6.570068e-12 1.401773e+01 -1.118243e+01
1.034480e+14 6.189279e-26 6.402687e-12 1.401472e+01 -1.119364e+01
1.027390e+14 6.126239e-26 6.294037e-12 1.401174e+01 -1.120107e+01
1.020396e+14 6.098501e-26 6.222887e-12 1.400877e+01 -1.120601e+01
1.013497e+14 5.856407e-26 5.935451e-12 1.400582e+01 -1.122655e+01
1.006690e+14 5.663133e-26 5.701021e-12 1.400290e+01 -1.124405e+01
9.999746e+13 5.786288e-26 5.786142e-12 1.399999e+01 -1.123761e+01
9.933479e+13 5.708337e-26 5.670364e-12 1.399710e+01 -1.124639e+01
9.868084e+13 5.659771e-26 5.585110e-12 1.399423e+01 -1.125297e+01
9.803545e+13 5.653324e-26 5.542261e-12 1.399138e+01 -1.125631e+01
9.739844e+13 5.263853e-26 5.126911e-12 1.398855e+01 -1.129014e+01
9.676966e+13 5.219713e-26 5.051099e-12 1.398574e+01 -1.129661e+01
9.614894e+13 5.459166e-26 5.248930e-12 1.398294e+01 -1.127993e+01
9.553614e+13 5.410707e-26 5.169181e-12 1.398017e+01 -1.128658e+01
9.493110e+13 5.522693e-26 5.242753e-12 1.397741e+01 -1.128044e+01
9.433367e+13 5.312191e-26 5.011184e-12 1.397467e+01 -1.130006e+01
9.374371e+13 5.327017e-26 4.993744e-12 1.397194e+01 -1.130157e+01
9.316109e+13 5.319792e-26 4.955977e-12 1.396923e+01 -1.130487e+01
9.258567e+13 5.134385e-26 4.753705e-12 1.396654e+01 -1.132297e+01
9.201731e+13 5.010389e-26 4.610426e-12 1.396387e+01 -1.133626e+01
9.145589e+13 5.190662e-26 4.747166e-12 1.396121e+01 -1.132357e+01
9.090127e+13 5.125284e-26 4.658949e-12 1.395857e+01 -1.133171e+01
9.035335e+13 4.841193e-26 4.374180e-12 1.395594e+01 -1.135910e+01
8.981198e+13 5.020403e-26 4.508924e-12 1.395333e+01 -1.134593e+01
8.927707e+13 5.036964e-26 4.496854e-12 1.395074e+01 -1.134709e+01
8.874849e+13 4.993381e-26 4.431550e-12 1.394816e+01 -1.135344e+01
8.822613e+13 5.078638e-26 4.480686e-12 1.394560e+01 -1.134866e+01
8.770989e+13 4.834221e-26 4.240090e-12 1.394305e+01 -1.137262e+01
8.719965e+13 4.819709e-26 4.202769e-12 1.394051e+01 -1.137646e+01
8.669532e+13 4.830744e-26 4.188028e-12 1.393800e+01 -1.137799e+01
8.619678e+13 4.794091e-26 4.132352e-12 1.393549e+01 -1.138380e+01
8.570395e+13 4.726870e-26 4.051114e-12 1.393300e+01 -1.139243e+01
8.521671e+13 4.687503e-26 3.994536e-12 1.393052e+01 -1.139853e+01
8.473499e+13 4.757578e-26 4.031334e-12 1.392806e+01 -1.139455e+01
8.425868e+13 4.701578e-26 3.961488e-12 1.392561e+01 -1.140214e+01
8.378770e+13 4.647327e-26 3.893888e-12 1.392318e+01 -1.140962e+01
8.332196e+13 4.602872e-26 3.835203e-12 1.392076e+01 -1.141621e+01
8.286136e+13 4.535156e-26 3.757892e-12 1.391835e+01 -1.142506e+01
8.240583e+13 4.550277e-26 3.749693e-12 1.391596e+01 -1.142600e+01
8.195528e+13 4.462363e-26 3.657142e-12 1.391358e+01 -1.143686e+01
8.150962e+13 4.496089e-26 3.664745e-12 1.391121e+01 -1.143596e+01
8.106879e+13 4.374659e-26 3.546483e-12 1.390885e+01 -1.145020e+01
8.063271e+13 4.410807e-26 3.556553e-12 1.390651e+01 -1.144897e+01
8.020128e+13 4.389864e-26 3.520727e-12 1.390418e+01 -1.145337e+01
7.977445e+13 4.226299e-26 3.371507e-12 1.390186e+01 -1.147218e+01
7.935214e+13 4.202863e-26 3.335062e-12 1.389956e+01 -1.147690e+01
7.893428e+13 4.251900e-26 3.356207e-12 1.389727e+01 -1.147415e+01
7.852080e+13 4.197012e-26 3.295527e-12 1.389498e+01 -1.148208e+01
7.811162e+13 4.201968e-26 3.282225e-12 1.389272e+01 -1.148383e+01
7.770669e+13 4.107489e-26 3.191793e-12 1.389046e+01 -1.149597e+01
7.730593e+13 4.128674e-26 3.191710e-12 1.388821e+01 -1.149598e+01
7.690929e+13 3.988183e-26 3.067283e-12 1.388598e+01 -1.151325e+01
7.651669e+13 4.030782e-26 3.084221e-12 1.388376e+01 -1.151085e+01
7.612809e+13 3.961127e-26 3.015530e-12 1.388154e+01 -1.152064e+01
7.574341e+13 3.932639e-26 2.978715e-12 1.387934e+01 -1.152597e+01
7.536259e+13 3.922362e-26 2.955994e-12 1.387716e+01 -1.152930e+01
7.498559e+13 3.620584e-26 2.714916e-12 1.387498e+01 -1.156624e+01
7.461234e+13 3.216487e-26 2.399896e-12 1.387281e+01 -1.161981e+01
7.424279e+13 3.461828e-26 2.570158e-12 1.387065e+01 -1.159004e+01
7.387689e+13 3.102504e-26 2.292033e-12 1.386851e+01 -1.163978e+01
7.351457e+13 3.629301e-26 2.668065e-12 1.386637e+01 -1.157380e+01
7.315578e+13 3.347561e-26 2.448935e-12 1.386425e+01 -1.161102e+01
7.280049e+13 3.350862e-26 2.439444e-12 1.386213e+01 -1.161271e+01
7.244862e+13 3.254028e-26 2.357498e-12 1.386003e+01 -1.162755e+01
7.210014e+13 3.008229e-26 2.168938e-12 1.385794e+01 -1.166375e+01
7.175500e+13 3.372529e-26 2.419959e-12 1.385585e+01 -1.161619e+01
7.141315e+13 3.341875e-26 2.386538e-12 1.385378e+01 -1.162223e+01
7.107454e+13 3.181109e-26 2.260958e-12 1.385171e+01 -1.164571e+01
7.073912e+13 3.185657e-26 2.253506e-12 1.384966e+01 -1.164714e+01
7.040686e+13 3.089831e-26 2.175453e-12 1.384761e+01 -1.166245e+01
7.007770e+13 2.907631e-26 2.037601e-12 1.384558e+01 -1.169088e+01
6.975161e+13 2.914120e-26 2.032646e-12 1.384355e+01 -1.169194e+01
6.942853e+13 3.097513e-26 2.150558e-12 1.384154e+01 -1.166745e+01
6.910844e+13 2.822491e-26 1.950579e-12 1.383953e+01 -1.170984e+01
6.879128e+13 3.005752e-26 2.067696e-12 1.383753e+01 -1.168451e+01
6.847702e+13 2.647619e-26 1.813011e-12 1.383554e+01 -1.174160e+01
6.816562e+13 2.744985e-26 1.871136e-12 1.383357e+01 -1.172789e+01
6.785704e+13 2.668301e-26 1.810630e-12 1.383159e+01 -1.174217e+01
6.755124e+13 2.760934e-26 1.865045e-12 1.382963e+01 -1.172931e+01
6.724818e+13 2.635616e-26 1.772404e-12 1.382768e+01 -1.175144e+01
6.694783e+13 2.640879e-26 1.768011e-12 1.382574e+01 -1.175252e+01
6.665016e+13 2.457809e-26 1.638133e-12 1.382380e+01 -1.178565e+01
6.635511e+13 2.496399e-26 1.656488e-12 1.382187e+01 -1.178081e+01
6.606267e+13 2.245023e-26 1.483122e-12 1.381996e+01 -1.182882e+01
6.577280e+13 2.761552e-26 1.816350e-12 1.381805e+01 -1.174080e+01
6.548545e+13 2.353296e-26 1.541067e-12 1.381614e+01 -1.181218e+01
6.520061e+13 2.589909e-26 1.688636e-12 1.381425e+01 -1.177246e+01
6.491823e+13 2.464324e-26 1.599796e-12 1.381237e+01 -1.179594e+01
6.463829e+13 2.391210e-26 1.545637e-12 1.381049e+01 -1.181089e+01
6.436076e+13 2.225666e-26 1.432456e-12 1.380862e+01 -1.184392e+01
6.408559e+13 2.271650e-26 1.455801e-12 1.380676e+01 -1.183690e+01
6.381277e+13 2.426418e-26 1.548365e-12 1.380491e+01 -1.181013e+01
6.354226e+13 2.117806e-26 1.345702e-12 1.380306e+01 -1.187105e+01
6.327404e+13 2.253002e-26 1.425565e-12 1.380123e+01 -1.184601e+01
6.300807e+13 2.521173e-26 1.588543e-12 1.379940e+01 -1.179900e+01
6.274433e+13 2.383804e-26 1.495702e-12 1.379757e+01 -1.182515e+01
6.248278e+13 2.263855e-26 1.414520e-12 1.379576e+01 -1.184939e+01
6.222341e+13 2.282530e-26 1.420268e-12 1.379395e+01 -1.184763e+01
6.196618e+13 2.108291e-26 1.306428e-12 1.379215e+01 -1.188391e+01
6.171107e+13 2.200266e-26 1.357808e-12 1.379036e+01 -1.186716e+01
6.145806e+13 2.138679e-26 1.314390e-12 1.378858e+01 -1.188128e+01
6.120710e+13 2.086640e-26 1.277172e-12 1.378680e+01 -1.189375e+01
6.095819e+13 2.068625e-26 1.260996e-12 1.378503e+01 -1.189929e+01
6.071130e+13 2.232223e-26 1.355211e-12 1.378327e+01 -1.186799e+01
6.046640e+13 2.100151e-26 1.269886e-12 1.378151e+01 -1.189624e+01
6.022346e+13 2.003196e-26 1.206394e-12 1.377977e+01 -1.191851e+01
5.998247e+13 2.138003e-26 1.282427e-12 1.377802e+01 -1.189197e+01
5.974340e+13 2.160036e-26 1.290479e-12 1.377629e+01 -1.188925e+01
5.950623e+13 2.068113e-26 1.230656e-12 1.377456e+01 -1.190986e+01
5.927094e+13 1.974783e-26 1.170473e-12 1.377284e+01 -1.193164e+01
5.903750e+13 2.225173e-26 1.313686e-12 1.377113e+01 -1.188151e+01
5.880588e+13 1.934446e-26 1.137568e-12 1.376942e+01 -1.194402e+01
5.857608e+13 1.921018e-26 1.125257e-12 1.376772e+01 -1.194875e+01
5.834807e+13 1.932554e-26 1.127608e-12 1.376603e+01 -1.194784e+01
5.812183e+13 1.925339e-26 1.119042e-12 1.376434e+01 -1.195115e+01
5.789733e+13 1.905509e-26 1.103239e-12 1.376266e+01 -1.195733e+01
5.767457e+13 1.768978e-26 1.020250e-12 1.376098e+01 -1.199129e+01
5.745351e+13 1.799864e-26 1.034085e-12 1.375932e+01 -1.198544e+01
5.723414e+13 1.739963e-26 9.958529e-13 1.375766e+01 -1.200180e+01
5.701643e+13 2.036591e-26 1.161191e-12 1.375600e+01 -1.193510e+01
5.680038e+13 1.841779e-26 1.046137e-12 1.375435e+01 -1.198041e+01
5.658596e+13 1.585902e-26 8.973979e-13 1.375271e+01 -1.204701e+01
5.637315e+13 1.938571e-26 1.092834e-12 1.375107e+01 -1.196145e+01
5.616193e+13 1.903688e-26 1.069148e-12 1.374944e+01 -1.197096e+01
5.595230e+13 1.720873e-26 9.628680e-13 1.374782e+01 -1.201643e+01
5.574422e+13 1.760340e-26 9.812877e-13 1.374620e+01 -1.200820e+01
5.553768e+13 1.785068e-26 9.913853e-13 1.374459e+01 -1.200376e+01
5.533267e+13 1.782124e-26 9.860969e-13 1.374298e+01 -1.200608e+01
5.512917e+13 1.758143e-26 9.692494e-13 1.374138e+01 -1.201356e+01
5.492715e+13 1.904715e-26 1.046206e-12 1.373979e+01 -1.198038e+01
5.472662e+13 1.823040e-26 9.976883e-13 1.373820e+01 -1.200101e+01
5.452754e+13 1.916984e-26 1.045284e-12 1.373662e+01 -1.198077e+01
5.432990e+13 1.888648e-26 1.026100e-12 1.373504e+01 -1.198881e+01
5.413369e+13 1.760728e-26 9.531471e-13 1.373347e+01 -1.202084e+01
5.393890e+13 1.716026e-26 9.256053e-13 1.373190e+01 -1.203357e+01
5.374550e+13 1.656871e-26 8.904938e-13 1.373034e+01 -1.205037e+01
5.355348e+13 1.849995e-26 9.907370e-13 1.372879e+01 -1.200404e+01
5.336283e+13 1.720383e-26 9.180453e-13 1.372724e+01 -1.203714e+01
5.317354e+13 1.765131e-26 9.385828e-13 1.372570e+01 -1.202753e+01
5.298558e+13 1.613483e-26 8.549132e-13 1.372416e+01 -1.206808e+01
5.279894e+13 1.702647e-26 8.989797e-13 1.372263e+01 -1.204625e+01
5.261362e+13 1.827448e-26 9.614865e-13 1.372110e+01 -1.201706e+01
5.242959e+13 1.640201e-26 8.599508e-13 1.371958e+01 -1.206553e+01
5.224685e+13 1.657078e-26 8.657708e-13 1.371806e+01 -1.206260e+01
5.206537e+13 1.642227e-26 8.550317e-13 1.371655e+01 -1.206802e+01
5.188515e+13 1.669005e-26 8.659657e-13 1.371504e+01 -1.206250e+01
5.170617e+13 1.562083e-26 8.076936e-13 1.371354e+01 -1.209275e+01
5.152843e+13 1.548324e-26 7.978271e-13 1.371205e+01 -1.209809e+01
5.135190e+13 1.766527e-26 9.071454e-13 1.371056e+01 -1.204232e+01
5.117658e+13 1.633148e-26 8.357893e-13 1.370907e+01 -1.207790e+01
5.100245e+13 1.516176e-26 7.732870e-13 1.370759e+01 -1.211166e+01
5.082950e+13 1.518337e-26 7.717630e-13 1.370612e+01 -1.211252e+01
5.065772e+13 1.468894e-26 7.441082e-13 1.370465e+01 -1.212836e+01
5.048710e+13 1.689947e-26 8.532054e-13 1.370318e+01 -1.206895e+01
5.031762e+13 1.653839e-26 8.321724e-13 1.370172e+01 -1.207979e+01
5.014928e+13 1.614574e-26 8.096971e-13 1.370026e+01 -1.209168e+01
4.998206e+13 1.545633e-26 7.725390e-13 1.369881e+01 -1.211208e+01
4.981595e+13 1.526725e-26 7.605528e-13 1.369737e+01 -1.211887e+01
4.965094e+13 1.421046e-26 7.055627e-13 1.369593e+01 -1.215146e+01
4.948703e+13 1.650577e-26 8.168217e-13 1.369449e+01 -1.208787e+01
4.932419e+13 1.627524e-26 8.027631e-13 1.369306e+01 -1.209541e+01
4.916241e+13 1.624575e-26 7.986805e-13 1.369163e+01 -1.209763e+01
4.900170e+13 1.589741e-26 7.790000e-13 1.369021e+01 -1.210846e+01
4.884203e+13 1.553575e-26 7.587977e-13 1.368879e+01 -1.211987e+01
4.868340e+13 1.449421e-26 7.056273e-13 1.368738e+01 -1.215142e+01
4.852580e+13 1.565311e-26 7.595795e-13 1.368597e+01 -1.211943e+01
4.836922e+13 1.551127e-26 7.502681e-13 1.368457e+01 -1.212478e+01
4.821364e+13 1.528366e-26 7.368811e-13 1.368317e+01 -1.213260e+01
4.805906e+13 1.588309e-26 7.633261e-13 1.368178e+01 -1.211729e+01
4.790547e+13 1.584105e-26 7.588729e-13 1.368039e+01 -1.211983e+01
4.775285e+13 1.537870e-26 7.343768e-13 1.367900e+01 -1.213408e+01
4.760121e+13 1.438264e-26 6.846311e-13 1.367762e+01 -1.216454e+01
4.745052e+13 1.462911e-26 6.941590e-13 1.367624e+01 -1.215854e+01
4.730079e+13 1.528416e-26 7.229527e-13 1.367487e+01 -1.214089e+01
4.715200e+13 1.467451e-26 6.919324e-13 1.367350e+01 -1.215994e+01
4.700414e+13 1.436798e-26 6.753546e-13 1.367214e+01 -1.217047e+01
4.685721e+13 1.446660e-26 6.778643e-13 1.367078e+01 -1.216886e+01
4.671119e+13 1.498645e-26 7.000348e-13 1.366942e+01 -1.215488e+01
4.656608e+13 1.501224e-26 6.990612e-13 1.366807e+01 -1.215548e+01
4.642186e+13 1.385715e-26 6.432748e-13 1.366672e+01 -1.219160e+01
4.627854e+13 1.462483e-26 6.768160e-13 1.366538e+01 -1.216953e+01
4.613610e+13 1.457723e-26 6.725365e-13 1.366404e+01 -1.217228e+01
4.599454e+13 1.468012e-26 6.752054e-13 1.366271e+01 -1.217056e+01
4.585384e+13 1.431615e-26 6.564503e-13 1.366138e+01 -1.218280e+01
4.571400e+13 1.383263e-26 6.323450e-13 1.366005e+01 -1.219905e+01
4.557501e+13 1.351041e-26 6.157369e-13 1.365873e+01 -1.221060e+01
4.543686e+13 1.395296e-26 6.339789e-13 1.365741e+01 -1.219793e+01
4.529955e+13 1.380946e-26 6.255624e-13 1.365609e+01 -1.220373e+01
4.516306e+13 1.353740e-26 6.113904e-13 1.365478e+01 -1.221368e+01
4.502740e+13 1.403125e-26 6.317906e-13 1.365348e+01 -1.219943e+01
4.489254e+13 1.398354e-26 6.277566e-13 1.365217e+01 -1.220221e+01
4.475850e+13 1.372823e-26 6.144548e-13 1.365088e+01 -1.221151e+01
4.462525e+13 1.400861e-26 6.251378e-13 1.364958e+01 -1.220402e+01
4.449279e+13 1.369786e-26 6.094561e-13 1.364829e+01 -1.221506e+01
4.436111e+13 1.390062e-26 6.166470e-13 1.364700e+01 -1.220996e+01
4.423022e+13 1.331649e-26 5.889913e-13 1.364572e+01 -1.222989e+01
4.410009e+13 1.317328e-26 5.809427e-13 1.364444e+01 -1.223587e+01
4.397072e+13 1.330315e-26 5.849491e-13 1.364316e+01 -1.223288e+01
4.384212e+13 1.227775e-26 5.382824e-13 1.364189e+01 -1.226899e+01
4.371426e+13 1.234967e-26 5.398568e-13 1.364062e+01 -1.226772e+01
4.358715e+13 1.216564e-26 5.302655e-13 1.363936e+01 -1.227551e+01
4.346077e+13 1.329631e-26 5.778678e-13 1.363810e+01 -1.223817e+01
4.333513e+13 1.183324e-26 5.127951e-13 1.363684e+01 -1.229006e+01
4.321020e+13 1.285587e-26 5.555048e-13 1.363559e+01 -1.225531e+01
4.308600e+13 1.312796e-26 5.656311e-13 1.363434e+01 -1.224747e+01
4.296251e+13 1.193492e-26 5.127541e-13 1.363309e+01 -1.229009e+01
4.283973e+13 1.223860e-26 5.242982e-13 1.363185e+01 -1.228042e+01
4.271764e+13 1.182557e-26 5.051603e-13 1.363061e+01 -1.229657e+01
4.259625e+13 1.291536e-26 5.501459e-13 1.362937e+01 -1.225952e+01
4.247555e+13 1.175208e-26 4.991758e-13 1.362814e+01 -1.230175e+01
4.235552e+13 1.119943e-26 4.743576e-13 1.362691e+01 -1.232389e+01
4.223618e+13 1.144812e-26 4.835248e-13 1.362568e+01 -1.231558e+01
4.211750e+13 1.173014e-26 4.940443e-13 1.362446e+01 -1.230623e+01
4.199950e+13 1.166601e-26 4.899665e-13 1.362324e+01 -1.230983e+01
4.188215e+13 1.195658e-26 5.007671e-13 1.362203e+01 -1.230036e+01
4.176545e+13 1.243409e-26 5.193155e-13 1.362082e+01 -1.228457e+01
4.164940e+13 1.238173e-26 5.156916e-13 1.361961e+01 -1.228761e+01
4.153400e+13 1.113583e-26 4.625157e-13 1.361840e+01 -1.233487e+01
4.141923e+13 1.182389e-26 4.897363e-13 1.361720e+01 -1.231004e+01
4.130510e+13 1.177091e-26 4.861986e-13 1.361600e+01 -1.231319e+01
4.119159e+13 1.087796e-26 4.480805e-13 1.361481e+01 -1.234864e+01
4.107871e+13 1.136772e-26 4.669714e-13 1.361362e+01 -1.233071e+01
4.096644e+13 1.077900e-26 4.415772e-13 1.361243e+01 -1.235499e+01
4.085478e+13 1.126161e-26 4.600908e-13 1.361124e+01 -1.233716e+01
4.074373e+13 1.117373e-26 4.552596e-13 1.361006e+01 -1.234174e+01
4.063329e+13 1.126237e-26 4.576270e-13 1.360888e+01 -1.233949e+01
4.052344e+13 1.115575e-26 4.520695e-13 1.360771e+01 -1.234479e+01
4.041418e+13 1.127237e-26 4.555638e-13 1.360653e+01 -1.234145e+01
4.030551e+13 1.115236e-26 4.495016e-13 1.360536e+01 -1.234727e+01
4.019743e+13 1.130903e-26 4.545937e-13 1.360420e+01 -1.234238e+01
4.008992e+13 1.139261e-26 4.567290e-13 1.360304e+01 -1.234034e+01
3.998298e+13 1.102858e-26 4.409554e-13 1.360188e+01 -1.235561e+01
3.987662e+13 1.030790e-26 4.110442e-13 1.360072e+01 -1.238611e+01
3.977081e+13 1.068792e-26 4.250675e-13 1.359956e+01 -1.237154e+01
3.966557e+13 1.108322e-26 4.396224e-13 1.359841e+01 -1.235692e+01
3.956089e+13 1.059630e-26 4.191991e-13 1.359727e+01 -1.237758e+01
3.945675e+13 1.052254e-26 4.151854e-13 1.359612e+01 -1.238176e+01
3.935316e+13 1.059580e-26 4.169783e-13 1.359498e+01 -1.237989e+01
3.925012e+13 1.079456e-26 4.236879e-13 1.359384e+01 -1.237295e+01
3.914761e+13 1.031191e-26 4.036865e-13 1.359271e+01 -1.239396e+01
3.904564e+13 1.064893e-26 4.157941e-13 1.359157e+01 -1.238112e+01
3.894419e+13 1.030487e-26 4.013150e-13 1.359044e+01 -1.239651e+01
3.884328e+13 1.055324e-26 4.099226e-13 1.358932e+01 -1.238730e+01
3.874288e+13 1.048566e-26 4.062445e-13 1.358819e+01 -1.239121e+01
3.864300e+13 9.863505e-27 3.811554e-13 1.358707e+01 -1.241890e+01
3.854364e+13 9.951513e-27 3.835675e-13 1.358595e+01 -1.241616e+01
3.844478e+13 1.031961e-26 3.967353e-13 1.358484e+01 -1.240150e+01
3.834643e+13 9.723157e-27 3.728484e-13 1.358372e+01 -1.242847e+01
3.824858e+13 9.710200e-27 3.714014e-13 1.358262e+01 -1.243016e+01
3.815123e+13 9.892304e-27 3.774036e-13 1.358151e+01 -1.242319e+01
3.805438e+13 1.001247e-26 3.810185e-13 1.358040e+01 -1.241905e+01
3.795801e+13 9.865806e-27 3.744864e-13 1.357930e+01 -1.242656e+01
3.786214e+13 9.531500e-27 3.608830e-13 1.357821e+01 -1.244263e+01
3.776674e+13 9.586150e-27 3.620377e-13 1.357711e+01 -1.244125e+01
3.767183e+13 9.382168e-27 3.534434e-13 1.357602e+01 -1.245168e+01
3.757739e+13 9.474907e-27 3.560423e-13 1.357493e+01 -1.244850e+01
3.748342e+13 9.509400e-27 3.564449e-13 1.357384e+01 -1.244801e+01
3.738992e+13 9.366535e-27 3.502140e-13 1.357275e+01 -1.245567e+01
3.729689e+13 9.413321e-27 3.510876e-13 1.357167e+01 -1.245458e+01
3.720432e+13 9.718953e-27 3.615870e-13 1.357059e+01 -1.244179e+01
3.711221e+13 9.167222e-27 3.402158e-13 1.356952e+01 -1.246825e+01
3.702055e+13 9.621379e-27 3.561887e-13 1.356844e+01 -1.244832e+01
3.692934e+13 9.150501e-27 3.379220e-13 1.356737e+01 -1.247118e+01
3.683858e+13 9.337740e-27 3.439891e-13 1.356630e+01 -1.246346e+01
3.674827e+13 9.363295e-27 3.440849e-13 1.356524e+01 -1.246333e+01
3.665840e+13 8.739611e-27 3.203802e-13 1.356417e+01 -1.249433e+01
3.656897e+13 9.063942e-27 3.314590e-13 1.356311e+01 -1.247957e+01
3.647997e+13 8.921916e-27 3.254712e-13 1.356205e+01 -1.248749e+01
3.639141e+13 9.013932e-27 3.280297e-13 1.356100e+01 -1.248409e+01
3.630327e+13 9.218005e-27 3.346437e-13 1.355995e+01 -1.247542e+01
3.621556e+13 8.660598e-27 3.136484e-13 1.355890e+01 -1.250356e+01
3.612827e+13 9.145713e-27 3.304188e-13 1.355785e+01 -1.248094e+01
3.604140e+13 8.666738e-27 3.123614e-13 1.355680e+01 -1.250534e+01
3.595495e+13 8.878940e-27 3.192419e-13 1.355576e+01 -1.249588e+01
3.586892e+13 8.821665e-27 3.164236e-13 1.355472e+01 -1.249973e+01
3.578329e+13 8.541218e-27 3.056329e-13 1.355368e+01 -1.251480e+01
3.569807e+13 8.582046e-27 3.063625e-13 1.355264e+01 -1.251376e+01
3.561326e+13 8.499890e-27 3.027088e-13 1.355161e+01 -1.251898e+01
3.552885e+13 8.802211e-27 3.127324e-13 1.355058e+01 -1.250483e+01
3.544483e+13 8.617405e-27 3.054425e-13 1.354955e+01 -1.251507e+01
3.536122e+13 8.114774e-27 2.869483e-13 1.354853e+01 -1.254220e+01
3.527799e+13 8.846673e-27 3.120929e-13 1.354750e+01 -1.250572e+01
3.519516e+13 8.443574e-27 2.971730e-13 1.354648e+01 -1.252699e+01
3.511272e+13 8.505616e-27 2.986553e-13 1.354546e+01 -1.252483e+01
3.503066e+13 8.508096e-27 2.980442e-13 1.354445e+01 -1.252572e+01
3.494899e+13 8.209601e-27 2.869172e-13 1.354343e+01 -1.254224e+01
3.486769e+13 7.900488e-27 2.754718e-13 1.354242e+01 -1.255992e+01
3.478677e+13 8.240815e-27 2.866713e-13 1.354141e+01 -1.254262e+01
3.470623e+13 8.111392e-27 2.815158e-13 1.354041e+01 -1.255050e+01
3.462606e+13 8.394079e-27 2.906539e-13 1.353940e+01 -1.253662e+01
3.454625e+13 8.102052e-27 2.798955e-13 1.353840e+01 -1.255300e+01
3.446682e+13 7.654784e-27 2.638361e-13 1.353740e+01 -1.257867e+01
3.438775e+13 8.316691e-27 2.859923e-13 1.353640e+01 -1.254365e+01
3.430904e+13 7.949240e-27 2.727308e-13 1.353541e+01 -1.256427e+01
3.423069e+13 8.165917e-27 2.795250e-13 1.353442e+01 -1.255358e+01
3.415270e+13 7.880478e-27 2.691396e-13 1.353343e+01 -1.257002e+01
3.407506e+13 8.169502e-27 2.783763e-13 1.353244e+01 -1.255537e+01
3.399778e+13 7.866661e-27 2.674490e-13 1.353145e+01 -1.257276e+01
3.392084e+13 7.619873e-27 2.584725e-13 1.353047e+01 -1.258759e+01
3.384425e+13 7.466807e-27 2.527085e-13 1.352948e+01 -1.259738e+01
3.376801e+13 7.699472e-27 2.599959e-13 1.352851e+01 -1.258503e+01
3.369211e+13 8.129769e-27 2.739091e-13 1.352753e+01 -1.256239e+01
3.361655e+13 8.115977e-27 2.728312e-13 1.352655e+01 -1.256411e+01
3.354133e+13 7.837359e-27 2.628754e-13 1.352558e+01 -1.258025e+01
3.346644e+13 7.700298e-27 2.577016e-13 1.352461e+01 -1.258888e+01
3.339189e+13 7.517305e-27 2.510170e-13 1.352364e+01 -1.260030e+01
3.331767e+13 7.907365e-27 2.634550e-13 1.352267e+01 -1.257929e+01
3.324378e+13 7.341816e-27 2.440697e-13 1.352171e+01 -1.261249e+01
3.317021e+13 7.696568e-27 2.552968e-13 1.352075e+01 -1.259295e+01
3.309698e+13 7.655224e-27 2.533647e-13 1.351979e+01 -1.259625e+01
3.302406e+13 7.659597e-27 2.529510e-13 1.351883e+01 -1.259696e+01
3.295146e+13 7.390621e-27 2.435318e-13 1.351787e+01 -1.261344e+01
3.287918e+13 7.653345e-27 2.516357e-13 1.351692e+01 -1.259923e+01
3.280722e+13 7.355078e-27 2.412997e-13 1.351597e+01 -1.261744e+01
3.273558e+13 7.379597e-27 2.415754e-13 1.351502e+01 -1.261695e+01
3.266424e+13 7.490183e-27 2.446611e-13 1.351407e+01 -1.261144e+01
3.259322e+13 7.577320e-27 2.469692e-13 1.351313e+01 -1.260736e+01
3.252250e+13 7.316001e-27 2.379346e-13 1.351218e+01 -1.262354e+01
3.245209e+13 7.525656e-27 2.442233e-13 1.351124e+01 -1.261221e+01
3.238198e+13 7.065251e-27 2.287868e-13 1.351030e+01 -1.264057e+01
3.231218e+13 7.155616e-27 2.312135e-13 1.350937e+01 -1.263599e+01
3.224268e+13 7.232430e-27 2.331929e-13 1.350843e+01 -1.263228e+01
3.217347e+13 7.528821e-27 2.422283e-13 1.350750e+01 -1.261578e+01
3.210456e+13 7.443574e-27 2.389727e-13 1.350657e+01 -1.262165e+01
3.203595e+13 7.119390e-27 2.280764e-13 1.350564e+01 -1.264192e+01
3.196763e+13 7.325972e-27 2.341939e-13 1.350471e+01 -1.263042e+01
3.189960e+13 7.255282e-27 2.314405e-13 1.350379e+01 -1.263556e+01
3.183185e+13 7.438443e-27 2.367794e-13 1.350286e+01 -1.262566e+01
3.176440e+13 7.304432e-27 2.320209e-13 1.350194e+01 -1.263447e+01
3.169723e+13 7.025591e-27 2.226918e-13 1.350102e+01 -1.265230e+01
3.163034e+13 6.919497e-27 2.188661e-13 1.350010e+01 -1.265982e+01
3.156374e+13 7.125697e-27 2.249136e-13 1.349919e+01 -1.264798e+01
3.149742e+13 7.170547e-27 2.258537e-13 1.349827e+01 -1.264617e+01
3.143137e+13 7.224880e-27 2.270879e-13 1.349736e+01 -1.264381e+01
3.136560e+13 6.982662e-27 2.190154e-13 1.349645e+01 -1.265953e+01
3.130010e+13 6.921935e-27 2.166573e-13 1.349555e+01 -1.266423e+01
3.123488e+13 6.996992e-27 2.185502e-13 1.349464e+01 -1.266045e+01
3.116993e+13 6.815416e-27 2.124361e-13 1.349374e+01 -1.267277e+01
3.110525e+13 6.979508e-27 2.170993e-13 1.349283e+01 -1.266334e+01
3.104084e+13 6.943699e-27 2.155382e-13 1.349193e+01 -1.266648e+01
3.097669e+13 6.953348e-27 2.153917e-13 1.349104e+01 -1.266677e+01
3.091281e+13 6.987882e-27 2.160151e-13 1.349014e+01 -1.266552e+01