1.170778e+16 1.306843e+08
1.266318e+16 1.352075e+08
1.369654e+16 1.398789e+08
1.481423e+16 1.44703e+08
1.602312e+16 1.496844e+08
1.733067e+16 1.54828e+08
1.874491e+16 1.601387e+08
2.027456e+16 1.656216e+08
2.192904e+16 1.712819e+08
2.371853e+16 1.77125e+08
2.565405e+16 1.831563e+08
2.774751e+16 1.893816e+08
3.001181e+16 1.958067e+08
3.246089e+16 2.024375e+08
3.510981e+16 2.092803e+08
3.79749e+16 2.163414e+08
4.107379e+16 2.236273e+08
4.442556e+16 2.311447e+08
4.805085e+16 2.389004e+08
5.197197e+16 2.469017e+08
5.621307e+16 2.551557e+08
6.080026e+16 2.6367e+08
6.576178e+16 2.724521e+08
7.112818e+16 2.815101e+08
7.69325e+16 2.908519e+08
8.321047e+16 3.00486e+08
9.000075e+16 3.104209e+08
9.734514e+16 3.206655e+08
1.052889e+17 3.312286e+08
1.138808e+17 3.421197e+08
1.231739e+17 3.533484e+08
1.332253e+17 3.649244e+08
1.44097e+17 3.768578e+08
1.558558e+17 3.891592e+08
1.685742e+17 4.018391e+08
1.823305e+17 4.149087e+08
1.972093e+17 4.283793e+08
2.133023e+17 4.422627e+08
2.307086e+17 4.565707e+08
2.495352e+17 4.71316e+08
2.698982e+17 4.865112e+08
2.919229e+17 5.021696e+08
3.157449e+17 5.183046e+08
3.415108e+17 5.349304e+08
3.693793e+17 5.520613e+08
3.99522e+17 5.697121e+08
4.321245e+17 5.878983e+08
4.673874e+17 6.066354e+08
5.055279e+17 6.2594e+08
5.467808e+17 6.458286e+08
5.914001e+17 6.663188e+08
6.396605e+17 6.874285e+08
6.918591e+17 7.091761e+08
7.483173e+17 7.315808e+08
8.093827e+17 7.546625e+08
8.754313e+17 7.784417e+08
9.468697e+17 8.029396e+08
1.024138e+18 8.281782e+08
1.107711e+18 8.541803e+08
1.198104e+18 8.809696e+08
1.295874e+18 9.085705e+08
1.401622e+18 9.370085e+08
1.515999e+18 9.663098e+08
1.63971e+18 9.965019e+08
1.773517e+18 1.027613e+09
1.918242e+18 1.059672e+09
2.074778e+18 1.092711e+09
2.244087e+18 1.12676e+09
2.427213e+18 1.161852e+09
2.625282e+18 1.198022e+09
2.839515e+18 1.235305e+09
3.071229e+18 1.273738e+09
3.321853e+18 1.31336e+09
3.592928e+18 1.35421e+09
3.886124e+18 1.396329e+09
4.203246e+18 1.439763e+09
4.546246e+18 1.484555e+09
4.917236e+18 1.530753e+09
5.318501e+18 1.578407e+09
5.75251e+18 1.627569e+09
6.221935e+18 1.678291e+09
6.729668e+18 1.730632e+09
7.278833e+18 1.78465e+09
7.872812e+18 1.840408e+09
8.515262e+18 1.897969e+09
9.210139e+18 1.957403e+09
9.961719e+18 2.018779e+09
1.077463e+19 2.082172e+09
1.165388e+19 2.147661e+09
1.260488e+19 2.215327e+09
1.363348e+19 2.285255e+09
1.474603e+19 2.357535e+09
1.594935e+19 2.432261e+09
1.725088e+19 2.50953e+09
1.865861e+19 2.589447e+09
2.018123e+19 2.672119e+09
2.182809e+19 2.757661e+09
2.360934e+19 2.84619e+09
2.553595e+19 2.937833e+09
2.761977e+19 3.032721e+09
2.987364e+19 3.130992e+09
3.231144e+19 3.232792e+09
3.494817e+19 3.338273e+09
3.780007e+19 3.447597e+09
4.088469e+19 3.560932e+09
4.422103e+19 3.678456e+09
4.782963e+19 3.800356e+09
5.17327e+19 3.926828e+09
5.595428e+19 4.058078e+09
6.052035e+19 4.194322e+09
6.545903e+19 4.335789e+09
7.080073e+19 4.482717e+09
7.657832e+19 4.635357e+09
8.282739e+19 4.793973e+09
8.958641e+19 4.95884e+09
9.689698e+19 5.130248e+09
1.048041e+20 5.308503e+09
1.133565e+20 5.493922e+09
1.226068e+20 5.686841e+09
1.32612e+20 5.887612e+09
1.434336e+20 6.096603e+09
1.551383e+20 6.3142e+09
1.677982e+20 6.54081e+09
1.814911e+20 6.776858e+09
1.963014e+20 7.022788e+09
2.123203e+20 7.279069e+09
2.296465e+20 7.546188e+09
2.483864e+20 7.824658e+09
2.686557e+20 8.115014e+09
2.90579e+20 8.417816e+09
3.142913e+20 8.733649e+09
3.399386e+20 9.063125e+09
3.676788e+20 9.406881e+09
3.976827e+20 9.765584e+09
4.301351e+20 1.013993e+10
4.652356e+20 1.053064e+10
5.032006e+20 1.093848e+10
5.442636e+20 1.136423e+10
5.886774e+20 1.180871e+10
6.367157e+20 1.227278e+10
6.88674e+20 1.275733e+10
7.448723e+20 1.326329e+10
8.056565e+20 1.379162e+10
8.71401e+20 1.434332e+10
9.425105e+20 1.491945e+10
1.019423e+21 1.552108e+10
1.102611e+21 1.614934e+10
1.192589e+21 1.68054e+10
1.289908e+21 1.749048e+10
1.395169e+21 1.820583e+10
1.50902e+21 1.895276e+10
1.632162e+21 1.973262e+10
1.765352e+21 2.05468e+10
1.909411e+21 2.139675e+10
2.065226e+21 2.228395e+10
2.233756e+21 2.320996e+10
2.416038e+21 2.417634e+10
2.613196e+21 2.518475e+10
2.826442e+21 2.623686e+10
3.05709e+21 2.73344e+10
3.30656e+21 2.847916e+10
3.576387e+21 2.967295e+10
3.868233e+21 3.091766e+10
4.183895e+21 3.221521e+10
4.525316e+21 3.356756e+10
4.894598e+21 3.497672e+10
5.294015e+21 3.644475e+10
5.726026e+21 3.797373e+10
6.193291e+21 3.956578e+10
6.698686e+21 4.122307e+10
7.245323e+21 4.294777e+10
7.836568e+21 4.47421e+10
8.47606e+21 4.660827e+10
9.167737e+21 4.854851e+10
9.915858e+21 5.056506e+10
1.072503e+22 5.266013e+10
1.160023e+22 5.483592e+10
1.254685e+22 5.709461e+10
1.357072e+22 5.943832e+10
1.467814e+22 6.186911e+10
1.587593e+22 6.438898e+10
1.717146e+22 6.699982e+10
1.857271e+22 6.970342e+10
2.008832e+22 7.250142e+10
2.17276e+22 7.539532e+10
2.350065e+22 7.838641e+10
2.541838e+22 8.14758e+10
2.749262e+22 8.466432e+10
2.973611e+22 8.795255e+10
3.216269e+22 9.134075e+10
3.478728e+22 9.482883e+10
3.762605e+22 9.841631e+10
4.069647e+22 1.021023e+11
4.401745e+22 1.058854e+11
4.760943e+22 1.097637e+11
5.149454e+22 1.137349e+11
5.569668e+22 1.177957e+11
6.024173e+22 1.219426e+11
6.515767e+22 1.261713e+11
7.047478e+22 1.304765e+11
7.622577e+22 1.348524e+11
8.244607e+22 1.392926e+11
8.917397e+22 1.437894e+11
9.645089e+22 1.483349e+11
1.043216e+23 1.5292e+11
1.128347e+23 1.575348e+11
1.220424e+23 1.621691e+11
1.320015e+23 1.668115e+11
1.427733e+23 1.714504e+11
1.544241e+23 1.760734e+11
1.670257e+23 1.80668e+11
1.806556e+23 1.852211e+11
1.953977e+23 1.8972e+11
2.113429e+23 1.941516e+11
2.285892e+23 1.985036e+11
2.472429e+23 2.02764e+11
2.674189e+23 2.069215e+11
2.892412e+23 2.109661e+11
3.128443e+23 2.148875e+11
3.383736e+23 2.186805e+11
3.659861e+23 2.223381e+11
3.958519e+23 2.258561e+11
4.281548e+23 2.292325e+11
4.630938e+23 2.324666e+11
5.008839e+23 2.355598e+11
5.417579e+23 2.385148e+11
5.859673e+23 2.413364e+11
6.337844e+23 2.440305e+11
6.855035e+23 2.466037e+11
7.41443e+23 2.490633e+11
8.019475e+23 2.514163e+11
8.673893e+23 2.536707e+11
9.381714e+23 2.558335e+11
1.01473e+24 2.579114e+11
1.097535e+24 2.599096e+11
1.187098e+24 2.618322e+11
1.28397e+24 2.636831e+11
1.388746e+24 2.654651e+11
1.502073e+24 2.6718e+11
1.624648e+24 2.688286e+11
1.757225e+24 2.704102e+11
1.900621e+24 2.719245e+11
2.055718e+24 2.733718e+11
2.223472e+24 2.747511e+11
2.404916e+24 2.760611e+11
2.601165e+24 2.773e+11
2.81343e+24 2.784645e+11
3.043016e+24 2.795559e+11
3.291337e+24 2.805725e+11
3.559922e+24 2.815127e+11
3.850425e+24 2.823742e+11
4.164634e+24 2.831515e+11
4.504483e+24 2.838474e+11
4.872065e+24 2.844604e+11
5.269643e+24 2.849879e+11
5.699665e+24 2.854289e+11
6.164778e+24 2.85773e+11
6.667847e+24 2.860256e+11
7.211967e+24 2.861849e+11
7.80049e+24 2.862491e+11
8.437038e+24 2.862158e+11
9.125531e+24 2.860729e+11
9.870208e+24 2.858248e+11
1.067565e+25 2.854711e+11
1.154682e+25 2.85011e+11
1.248909e+25 2.844416e+11
1.350824e+25 2.837455e+11
1.461056e+25 2.829296e+11
1.580284e+25 2.819934e+11
1.709241e+25 2.809378e+11
1.848721e+25 2.797576e+11
1.999583e+25 2.784368e+11
2.162757e+25 2.769725e+11
2.339245e+25 2.753748e+11
2.530136e+25 2.736429e+11
2.736605e+25 2.717705e+11
2.959922e+25 2.697465e+11
3.201462e+25 2.675428e+11
3.462713e+25 2.651956e+11
3.745283e+25 2.626986e+11
4.050911e+25 2.600505e+11
4.38148e+25 2.572378e+11
4.739025e+25 2.542077e+11
5.125747e+25 2.510279e+11
5.544026e+25 2.476786e+11
5.996439e+25 2.441694e+11
6.48577e+25 2.405004e+11
7.015033e+25 2.365725e+11
7.587485e+25 2.324747e+11
8.206651e+25 2.282103e+11
8.876344e+25 2.237866e+11
9.600685e+25 2.191983e+11
1.038414e+26 2.143428e+11
1.123152e+26 2.092997e+11
1.214805e+26 2.040999e+11
1.313938e+26 1.987485e+11
1.42116e+26 1.932621e+11
1.537132e+26 1.874977e+11
1.662567e+26 1.815624e+11
1.798239e+26 1.754861e+11
1.944981e+26 1.693116e+11
2.103699e+26 1.630406e+11
2.275368e+26 1.565371e+11
2.461047e+26 1.498649e+11
2.661877e+26 1.431344e+11
2.879096e+26 1.363758e+11
3.114041e+26 1.295796e+11
3.368158e+26 1.227109e+11
3.643012e+26 1.156398e+11
3.940295e+26 1.086764e+11
4.261837e+26 1.017372e+11
4.609618e+26 9.492904e+10
4.98578e+26 8.819129e+10
5.392638e+26 8.135645e+10
5.832696e+26 7.47008e+10
6.308666e+26 6.826576e+10
6.823476e+26 6.208545e+10
7.380296e+26 5.618145e+10
7.982555e+26 5.026954e+10
8.63396e+26 4.469221e+10
9.338523e+26 3.947179e+10
1.010058e+27 3.463162e+10
1.092482e+27 3.015998e+10
1.181633e+27 2.588079e+10
1.278059e+27 2.19763e+10
1.382353e+27 1.848839e+10
1.495158e+27 1.540784e+10
1.617168e+27 1.271142e+10
1.749135e+27 1.027537e+10
1.891871e+27 8.17241e+09
2.046254e+27 6.412001e+09
2.213236e+27 4.968708e+09
2.393844e+27 3.797833e+09
2.58919e+27 2.832624e+09
2.800478e+27 2.052348e+09
3.029007e+27 1.469246e+09
3.276185e+27 1.032139e+09
3.543533e+27 7.162033e+08
3.832698e+27 4.860393e+08
4.145461e+27 3.204328e+08
4.483745e+27 2.129893e+08
4.849635e+27 1.432886e+08
5.245383e+27 1.001932e+08
5.673425e+27 73906510
6.136397e+27 56755650
6.637149e+27 46888660
7.178765e+27 41314250
7.764578e+27 38247500
8.398196e+27 36665910
9.083519e+27 34026450
9.824767e+27 31960860
1.06265e+28 30399150
1.149367e+28 29287810
1.243159e+28 28502980
1.344605e+28 26644400
1.45433e+28 24851350
1.573009e+28 23447690
1.701372e+28 22428510
1.84021e+28 21744470
1.990378e+28 20300910
2.1528e+28 18818150
2.328476e+28 17731920
2.518488e+28 16815640
2.724006e+28 16288970
2.946295e+28 15429940
3.186723e+28 14228690
3.446771e+28 13402840
3.72804e+28 12723130
4.032262e+28 12310440
4.361309e+28 11786100
4.717208e+28 10929200
5.102149e+28 10289110
5.518503e+28 9779851
5.968833e+28 9490063
6.455911e+28 9156985
6.982737e+28 8539381
7.552554e+28 8064419
8.16887e+28 7662635
8.835479e+28 7408045
9.556486e+28 7275244
1.033633e+29 6796529
1.117981e+29 6412586
1.209213e+29 6131765
1.307889e+29 5944182
1.414617e+29 5819312
1.530055e+29 5507988
1.654913e+29 5209623
1.78996e+29 5011058
1.936027e+29 4831752
2.094014e+29 4740426
2.264893e+29 4514599
2.449717e+29 4277759
2.649623e+29 4107703
2.865841e+29 3970200
3.099704e+29 3895296
3.352652e+29 3760954
3.62624e+29 3555252
3.922154e+29 3414381
4.242216e+29 3299042
4.588397e+29 3235185
4.962827e+29 3147137
5.367811e+29 2982532
5.805844e+29 2859035
6.279622e+29 2759770
6.792062e+29 2709018
7.346319e+29 2646266
7.945805e+29 2512179
8.594212e+29 2408001
9.295531e+29 2318713
1.005408e+30 2273831
1.087453e+30 2240114
1.176193e+30 2122871
1.272175e+30 2027283
1.375989e+30 1966500
1.488274e+30 1920175
1.609723e+30 1883764
1.741082e+30 1801021
1.883161e+30 1719379
2.036834e+30 1665604
2.203047e+30 1622856
2.382823e+30 1592829
2.57727e+30 1536918
2.787585e+30 1457894
3.015062e+30 1407612
3.261102e+30 1372533
3.52722e+30 1348248
3.815054e+30 1309200
4.126376e+30 1248155
4.463103e+30 1197159
4.827308e+30 1164884
5.221234e+30 1140452
5.647306e+30 1112795
6.108147e+30 1059193
6.606594e+30 1018959
7.145716e+30 990836.2
7.728832e+30 970764.4
8.359533e+30 950812.6
9.041701e+30 906347
9.779537e+30 871982.8
1.057758e+31 846298.1
1.144075e+31 828908.7
1.237436e+31 819201.5
1.338415e+31 780249.4
1.447635e+31 749423.9
1.565767e+31 729847.8
1.693539e+31 716189.2
1.831738e+31 706213.6
1.981215e+31 679726.4
2.142889e+31 653563.6
2.317756e+31 637692
2.506894e+31 626050.3
2.711465e+31 619301
2.932731e+31 604080.2
3.172052e+31 577931.8
3.430903e+31 565151.8
3.710877e+31 555581.5
4.013698e+31 551730.9
4.341231e+31 542290.4
4.695491e+31 523829.4
5.07866e+31 509217.7
5.493097e+31 502156.8
5.941354e+31 498249
6.42619e+31 493016.4
6.95059e+31 477964.7
7.517784e+31 465410.9
8.131262e+31 459074.7
8.794802e+31 455937.7
9.51249e+31 455173.1
1.028874e+32 437970.7
1.112834e+32 427176
1.203646e+32 419569.8
1.301867e+32 415149.8
1.408105e+32 413686.6
1.523011e+32 414390.2
1.647294e+32 417518.6
1.781719e+32 422999.3
1.927114e+32 430238.9
2.084374e+32 437708.9
2.254466e+32 448145.3
2.438439e+32 459366.9
2.637424e+32 471631.8
2.852648e+32 484856.1
3.085434e+32 499772.7
3.337217e+32 515248
3.609546e+32 531981.2
3.904098e+32 550019.5
4.222686e+32 568944.2
4.567273e+32 589353.2
4.939979e+32 610061
5.343099e+32 631656.6
5.779115e+32 653306.4
6.250712e+32 676334
6.760793e+32 699640.5
7.312498e+32 723911.9
7.909225e+32 747452.9
8.554646e+32 771186
9.252736e+32 795332.2
1.000779e+33 818447.5
1.082447e+33 842500.7
1.170778e+33 864321.3

