1.151504e+02 4.786814e-51
1.271768e+02 4.786814e-51
1.404592e+02 4.786814e-51
1.551288e+02 4.786814e-51
1.713306e+02 4.786814e-51
1.892244e+02 4.786814e-51
2.089872e+02 4.786814e-51
2.308139e+02 4.786814e-51
2.549202e+02 4.786814e-51
2.815443e+02 4.786814e-51
3.109489e+02 4.786814e-51
3.434246e+02 4.786814e-51
3.792921e+02 4.786814e-51
4.189055e+02 4.786814e-51
4.626563e+02 4.786814e-51
5.109764e+02 4.786814e-51
5.643431e+02 4.786814e-51
6.232834e+02 4.786814e-51
6.883795e+02 4.786814e-51
7.602742e+02 4.786814e-51
8.396777e+02 4.786814e-51
9.273741e+02 4.786814e-51
1.024230e+03 4.786814e-51
1.131201e+03 4.786814e-51
1.249344e+03 4.786814e-51
1.379826e+03 4.786814e-51
1.523936e+03 4.786814e-51
1.683097e+03 4.786814e-51
1.858881e+03 4.786814e-51
2.053023e+03 4.786814e-51
2.267442e+03 4.786814e-51
2.504255e+03 4.786814e-51
2.765801e+03 4.786814e-51
3.054663e+03 4.786814e-51
3.373694e+03 4.786814e-51
3.726044e+03 4.786814e-51
4.115194e+03 4.786814e-51
4.544988e+03 4.786814e-51
5.019669e+03 4.786814e-51
5.543926e+03 4.786814e-51
6.122937e+03 4.786814e-51
6.762420e+03 4.786814e-51
7.468691e+03 4.786814e-51
8.248726e+03 4.786814e-51
9.110227e+03 4.786814e-51
1.006170e+04 4.786814e-51
1.111256e+04 4.786814e-51
1.227316e+04 4.786814e-51
1.355497e+04 4.786814e-51
1.497066e+04 4.786814e-51
1.653421e+04 4.786814e-51
1.826105e+04 4.786814e-51
2.016824e+04 4.786814e-51
2.227463e+04 4.786814e-51
2.460100e+04 4.786814e-51
2.717035e+04 4.786814e-51
3.000803e+04 4.786814e-51
3.314209e+04 4.786814e-51
3.660347e+04 4.786814e-51
4.042636e+04 4.786814e-51
4.464851e+04 4.786814e-51
4.931162e+04 4.786814e-51
5.446176e+04 4.786814e-51
6.014978e+04 4.786814e-51
6.643185e+04 4.786814e-51
7.337004e+04 4.786814e-51
8.103285e+04 4.786814e-51
8.949596e+04 4.786814e-51
9.884298e+04 4.786814e-51
1.091662e+05 4.786814e-51
1.205676e+05 4.786814e-51
1.331597e+05 4.786814e-51
1.470670e+05 4.786814e-51
1.624268e+05 4.786814e-51
1.793907e+05 4.786814e-51
1.981264e+05 4.786814e-51
2.188188e+05 4.786814e-51
2.416724e+05 4.786814e-51
2.669128e+05 4.786814e-51
2.947893e+05 4.786814e-51
3.255773e+05 4.786814e-51
3.595808e+05 4.786814e-51
3.971356e+05 4.786814e-51
4.386127e+05 4.786814e-51
4.844217e+05 4.786814e-51
5.350149e+05 4.786814e-51
5.908922e+05 4.786814e-51
6.526053e+05 4.786814e-51
7.207638e+05 4.786814e-51
7.960408e+05 4.786814e-51
8.791798e+05 4.786814e-51
9.710018e+05 4.786814e-51
1.072414e+06 4.786814e-51
1.184417e+06 4.786814e-51
1.308119e+06 4.786814e-51
1.444739e+06 4.786814e-51
1.595629e+06 4.786814e-51
1.762277e+06 4.786814e-51
1.946330e+06 4.786814e-51
2.149606e+06 4.786814e-51
2.374112e+06 4.786814e-51
2.622066e+06 4.786814e-51
2.895916e+06 4.786814e-51
3.198367e+06 4.786814e-51
3.532407e+06 4.786814e-51
3.901333e+06 4.786814e-51
4.308791e+06 4.786814e-51
4.758804e+06 4.786814e-51
5.255816e+06 4.786814e-51
5.804736e+06 4.786814e-51
6.410986e+06 4.786814e-51
7.080554e+06 4.786814e-51
7.820051e+06 4.786814e-51
8.636782e+06 4.786814e-51
9.538812e+06 4.786814e-51
1.053505e+07 4.786814e-51
1.163534e+07 4.786814e-51
1.285054e+07 4.786814e-51
1.419266e+07 4.786814e-51
1.567495e+07 4.786814e-51
1.731205e+07 4.786814e-51
1.912013e+07 4.786814e-51
2.111705e+07 4.786814e-51
2.332252e+07 4.786814e-51
2.575834e+07 4.786814e-51
2.844856e+07 4.786814e-51
3.141974e+07 4.786814e-51
3.470124e+07 4.786814e-51
3.832545e+07 4.786814e-51
4.232819e+07 4.786814e-51
4.674897e+07 4.786814e-51
5.163146e+07 4.786814e-51
5.702388e+07 4.786814e-51
6.297948e+07 4.786814e-51
6.955710e+07 4.786814e-51
7.682168e+07 4.786814e-51
8.484498e+07 4.786814e-51
9.370624e+07 4.786814e-51
1.034930e+08 4.786814e-51
1.143018e+08 4.786814e-51
1.262396e+08 4.786814e-51
1.394241e+08 4.786814e-51
1.539857e+08 4.786814e-51
1.700680e+08 4.786814e-51
1.878300e+08 4.786814e-51
2.074471e+08 4.786814e-51
2.291130e+08 4.786814e-51
2.530417e+08 4.786814e-51
2.794695e+08 4.786814e-51
3.086575e+08 4.786814e-51
3.408939e+08 4.786814e-51
3.764970e+08 4.786814e-51
4.158186e+08 4.786814e-51
4.592469e+08 4.786814e-51
5.072110e+08 4.786814e-51
5.601844e+08 4.786814e-51
6.186903e+08 4.786814e-51
6.833067e+08 4.786814e-51
7.546717e+08 4.786814e-51
8.334900e+08 4.786814e-51
9.205402e+08 4.786814e-51
1.016682e+09 4.786814e-51
1.122865e+09 4.786814e-51
1.240138e+09 4.786814e-51
1.369658e+09 4.786814e-51
1.512706e+09 4.786814e-51
1.670694e+09 4.786814e-51
1.845182e+09 4.786814e-51
2.037894e+09 4.786814e-51
2.250733e+09 4.786814e-51
2.485801e+09 4.786814e-51
2.745419e+09 4.786814e-51
3.032153e+09 4.786814e-51
3.348833e+09 4.786814e-51
3.698587e+09 4.786814e-51
4.084869e+09 4.786814e-51
4.511495e+09 4.786814e-51
4.982678e+09 4.786814e-51
5.503072e+09 4.786814e-51
6.077816e+09 4.786814e-51
6.712587e+09 4.786814e-51
7.413654e+09 4.786814e-51
8.187940e+09 4.786814e-51
9.043093e+09 4.786814e-51
9.987559e+09 6.510598e+08
1.103067e+10 2.781492e+09
1.218272e+10 5.134427e+09
1.345508e+10 7.733105e+09
1.486034e+10 1.001522e+10
1.641236e+10 1.063006e+10
1.812648e+10 1.130911e+10
2.001962e+10 1.205909e+10
2.211048e+10 1.285617e+10
2.441972e+10 1.356829e+10
2.697012e+10 1.435478e+10
2.978690e+10 1.522341e+10
3.289786e+10 1.616519e+10
3.633373e+10 1.699759e+10
4.012845e+10 1.791693e+10
4.431949e+10 1.893228e+10
4.894824e+10 2.005367e+10
5.406043e+10 2.104231e+10
5.970653e+10 2.213421e+10
6.594231e+10 2.334014e+10
7.282937e+10 2.467202e+10
8.043571e+10 2.588110e+10
8.883646e+10 2.719200e+10
9.811459e+10 2.863981e+10
1.083617e+11 3.023883e+10
1.196791e+11 3.172180e+10
1.321785e+11 3.330163e+10
1.459833e+11 3.504646e+10
1.612298e+11 3.697351e+10
1.780688e+11 3.878051e+10
1.966664e+11 4.066674e+10
2.172063e+11 4.274996e+10
2.398915e+11 4.505076e+10
2.649459e+11 4.725286e+10
2.926170e+11 4.951224e+10
3.231781e+11 5.200758e+10
3.569310e+11 5.476355e+10
3.942091e+11 5.742921e+10
4.353805e+11 6.009925e+10
4.808519e+11 6.304815e+10
5.310724e+11 6.630504e+10
5.865379e+11 6.953434e+10
6.477962e+11 7.272992e+10
7.154525e+11 7.625924e+10
7.901747e+11 8.015717e+10
8.727010e+11 8.405706e+10
9.638464e+11 8.779653e+10
1.064511e+12 9.192655e+10
1.175689e+12 9.648791e+10
1.298479e+12 1.011208e+11
1.434093e+12 1.054366e+11
1.583870e+12 1.102032e+11
1.749291e+12 1.154676e+11
1.931988e+12 1.208907e+11
2.133766e+12 1.257419e+11
2.356617e+12 1.310997e+11
2.602744e+12 1.370171e+11
2.874576e+12 1.432507e+11
3.174798e+12 1.487258e+11
3.506376e+12 1.547726e+11
3.872584e+12 1.614510e+11
4.277039e+12 1.686003e+11
4.723736e+12 1.743998e+11
5.217085e+12 1.808051e+11
5.761961e+12 1.878794e+11
6.363743e+12 1.956396e+11
7.028376e+12 2.015459e+11
7.762424e+12 2.080690e+11
8.573136e+12 2.152734e+11
9.468520e+12 2.232302e+11
1.045742e+13 2.289567e+11
1.154960e+13 2.350716e+11
1.275584e+13 2.418251e+11
1.408807e+13 2.492839e+11
1.555944e+13 2.545323e+11
1.718447e+13 2.598054e+11
1.897923e+13 2.656293e+11
2.096143e+13 2.720613e+11
2.315066e+13 2.763517e+11
2.556852e+13 2.802345e+11
2.823892e+13 2.845227e+11
3.118821e+13 2.892589e+11
3.444552e+13 2.923628e+11
3.804303e+13 2.948049e+11
4.201627e+13 2.975021e+11
4.640447e+13 3.004809e+11
5.125098e+13 3.025631e+11
5.660366e+13 3.040589e+11
6.251538e+13 3.057110e+11
6.904453e+13 3.075355e+11
7.625558e+13 3.090552e+11
8.421975e+13 3.102731e+11
9.301572e+13 3.116182e+11
1.027303e+14 3.131037e+11
1.134595e+14 3.144955e+11
1.253093e+14 3.157114e+11
1.383967e+14 3.170543e+11
1.528509e+14 3.185375e+11
1.688148e+14 3.199419e+11
1.864459e+14 3.210700e+11
2.059184e+14 3.223159e+11
2.274247e+14 3.236919e+11
2.511770e+14 3.250703e+11
2.774101e+14 3.262212e+11
3.063830e+14 3.274924e+11
3.383818e+14 3.288962e+11
3.737226e+14 3.303167e+11
4.127544e+14 3.313522e+11
4.558627e+14 3.324959e+11
5.034733e+14 3.337590e+11
5.560563e+14 3.351202e+11
6.141312e+14 3.363684e+11
6.782714e+14 3.377470e+11
7.491104e+14 3.392696e+11
8.273480e+14 3.409252e+11
9.137567e+14 3.421122e+11
1.009190e+15 3.434232e+11
1.114590e+15 3.448711e+11
1.230999e+15 3.464703e+11
1.359565e+15 3.476982e+11
1.501559e+15 3.490302e+11
1.658383e+15 3.505013e+11
1.831585e+15 3.521261e+11
2.022877e+15 3.532322e+11
2.234147e+15 3.543529e+11
2.467483e+15 3.555906e+11
2.725188e+15 3.569576e+11
3.009809e+15 3.583001e+11
3.324155e+15 3.597376e+11
3.671331e+15 3.613253e+11
4.054767e+15 3.630788e+11
4.478250e+15 3.645139e+11
4.945961e+15 3.658882e+11
5.462520e+15 3.674060e+11
6.033029e+15 3.690824e+11
6.663122e+15 3.705263e+11
7.359022e+15 3.718723e+11
8.127602e+15 3.733589e+11
8.976454e+15 3.750008e+11
9.913960e+15 3.763694e+11
1.094938e+16 3.775000e+11
1.209294e+16 3.789010e+11
1.335593e+16 3.802865e+11
1.475083e+16 3.817270e+11
1.629142e+16 3.832113e+11
1.799291e+16 3.848502e+11
1.987210e+16 3.866599e+11
2.194755e+16 3.883729e+11
2.423976e+16 3.897913e+11
2.677138e+16 3.913573e+11
2.956740e+16 3.930863e+11
3.265543e+16 3.947705e+11
3.606599e+16 3.960943e+11
3.983274e+16 3.975557e+11
4.399290e+16 3.991692e+11
4.858754e+16 4.007899e+11
5.366205e+16 4.019960e+11
5.926655e+16 4.033273e+11
6.545638e+16 4.047969e+11
7.229268e+16 4.063469e+11
7.984297e+16 4.076017e+11
8.818182e+16 4.089868e+11
9.739158e+16 4.105158e+11
1.075632e+17 4.121668e+11
1.187972e+17 4.133992e+11
1.312044e+17 4.147594e+11
1.449075e+17 4.162607e+11
1.600417e+17 4.179176e+11
1.767566e+17 4.188725e+11
1.952171e+17 4.199068e+11
2.156057e+17 4.210481e+11
2.381237e+17 4.223072e+11
2.629935e+17 4.230272e+11
2.904607e+17 4.237412e+11
3.207966e+17 4.245283e+11
3.543007e+17 4.253962e+11
3.913041e+17 4.255772e+11
4.321722e+17 4.255921e+11
4.773085e+17 4.256068e+11
5.271588e+17 4.256216e+11
5.822156e+17 4.251867e+11
6.430226e+17 4.245341e+11
7.101802e+17 4.238114e+11
7.843519e+17 4.230114e+11
8.662700e+17 4.214856e+11
9.567438e+17 4.194407e+11
1.056667e+18 4.171802e+11
1.167026e+18 4.146815e+11
1.288910e+18 4.114116e+11
1.423525e+18 4.073971e+11
1.572199e+18 4.029610e+11
1.736400e+18 3.980593e+11
1.917751e+18 3.921590e+11
2.118042e+18 3.851097e+11
2.339251e+18 3.773216e+11
2.583564e+18 3.687174e+11
2.853393e+18 3.594776e+11
3.151403e+18 3.496747e+11
3.480537e+18 3.388450e+11
3.844047e+18 3.268813e+11
4.245521e+18 3.138306e+11
4.688926e+18 2.997727e+11
5.178640e+18 2.842433e+11
5.719500e+18 2.670885e+11
6.316848e+18 2.486402e+11
6.976584e+18 2.298885e+11
7.705222e+18 2.091745e+11
8.509960e+18 1.862932e+11
9.398745e+18 1.627450e+11
1.038036e+19 1.460411e+11
1.146449e+19 1.275881e+11
1.266184e+19 1.072033e+11
1.398425e+19 8.573940e+10
1.544478e+19 7.451110e+10
1.705784e+19 6.210504e+10
1.883937e+19 4.839758e+10
2.080697e+19 3.325257e+10
2.298006e+19 2.835717e+10
2.538011e+19 2.294461e+10
2.803082e+19 1.695989e+10
3.095838e+19 1.034345e+10
3.419169e+19 8.749416e+09
3.776269e+19 7.516175e+09
4.170665e+19 6.145828e+09
4.606251e+19 4.624895e+09
5.087331e+19 4.372335e+09
5.618655e+19 4.379255e+09
6.205470e+19 4.377378e+09
6.853573e+19 4.366601e+09
7.569364e+19 4.501899e+09
8.359913e+19 4.694381e+09
9.233027e+19 4.896133e+09
1.019733e+20 5.108642e+09
1.126235e+20 5.336810e+09
1.243859e+20 5.578351e+09
1.373769e+20 5.832697e+09
1.517246e+20 6.101272e+09
1.675708e+20 6.384992e+09
1.850720e+20 6.682621e+09
2.044010e+20 6.996988e+09
2.257487e+20 7.329304e+09
2.493261e+20 7.680213e+09
2.753658e+20 8.049023e+09
3.041252e+20 8.439114e+09
3.358882e+20 8.851819e+09
3.709686e+20 9.287137e+09
4.097128e+20 9.745830e+09
4.525034e+20 1.023128e+10
4.997631e+20 1.074512e+10
5.519587e+20 1.128637e+10
6.096056e+20 1.185791e+10
6.732731e+20 1.246295e+10
7.435902e+20 1.310352e+10
8.212512e+20 1.377710e+10
9.070231e+20 1.448968e+10
1.001753e+21 1.524403e+10
1.106377e+21 1.604165e+10
1.221928e+21 1.688070e+10
1.349546e+21 1.776868e+10
1.490494e+21 1.870847e+10
1.646162e+21 1.969997e+10
1.818088e+21 2.074436e+10
2.007970e+21 2.184915e+10
2.217684e+21 2.301776e+10
2.449300e+21 2.424752e+10
2.705106e+21 2.554424e+10
2.987629e+21 2.691490e+10
3.299659e+21 2.836355e+10
3.644277e+21 2.988348e+10
4.024887e+21 3.148747e+10
4.445249e+21 3.318111e+10
4.909514e+21 3.496695e+10
5.422266e+21 3.683860e+10
5.988571e+21 3.881262e+10
6.614020e+21 4.089406e+10
7.304793e+21 4.308095e+10
8.067709e+21 4.537317e+10
8.910306e+21 4.778660e+10
9.840903e+21 5.032671e+10
1.086869e+22 5.298419e+10
1.200383e+22 5.576882e+10
1.325751e+22 5.869405e+10
1.464213e+22 6.176534e+10
1.617137e+22 6.496193e+10
1.786032e+22 6.830859e+10
1.972566e+22 7.181352e+10
2.178582e+22 7.547688e+10
2.406114e+22 7.927422e+10
2.657410e+22 8.323864e+10
2.934951e+22 8.737345e+10
3.241479e+22 9.166443e+10
3.580021e+22 9.609854e+10
3.953921e+22 1.007035e+11
4.366871e+22 1.054795e+11
4.822949e+22 1.103896e+11
5.326661e+22 1.154401e+11
5.882981e+22 1.206478e+11
6.497403e+22 1.260073e+11
7.175995e+22 1.314489e+11
7.925460e+22 1.370096e+11
8.753200e+22 1.426877e+11
9.667389e+22 1.484612e+11
1.067706e+23 1.542445e+11
1.179218e+23 1.600929e+11
1.302376e+23 1.659877e+11
1.438397e+23 1.718726e+11
1.588624e+23 1.776915e+11
1.754540e+23 1.834842e+11
1.937786e+23 1.892275e+11
2.140169e+23 1.948288e+11
2.363690e+23 2.002838e+11
2.610555e+23 2.056145e+11
2.883203e+23 2.107995e+11
3.184326e+23 2.157237e+11
3.516899e+23 2.204509e+11
3.884206e+23 2.249879e+11
4.289874e+23 2.293172e+11
4.737911e+23 2.333502e+11
5.232742e+23 2.371867e+11
5.779252e+23 2.408314e+11
6.382841e+23 2.442625e+11
7.049468e+23 2.474665e+11
7.785719e+23 2.505147e+11
8.598864e+23 2.534189e+11
9.496935e+23 2.561521e+11
1.048880e+24 2.587404e+11
1.158426e+24 2.612206e+11
1.279412e+24 2.635984e+11
1.413035e+24 2.658334e+11
1.560613e+24 2.679667e+11
1.723604e+24 2.700068e+11
1.903619e+24 2.719480e+11
2.102434e+24 2.737492e+11
2.322013e+24 2.754539e+11
2.564526e+24 2.770580e+11
2.832366e+24 2.785405e+11
3.128180e+24 2.798876e+11
3.454889e+24 2.811255e+11
3.815720e+24 2.822493e+11
4.214236e+24 2.832267e+11
4.654373e+24 2.840671e+11
5.140478e+24 2.847828e+11
5.677353e+24 2.853681e+11
6.270299e+24 2.857783e+11
6.925173e+24 2.860386e+11
7.648442e+24 2.861488e+11
8.447250e+24 2.860963e+11
9.329485e+24 2.858342e+11
1.030386e+25 2.853885e+11
1.138000e+25 2.847524e+11
1.256854e+25 2.839090e+11
1.388120e+25 2.828179e+11
1.533096e+25 2.814936e+11
1.693214e+25 2.799209e+11
1.870054e+25 2.780760e+11
2.065364e+25 2.759176e+11
2.281072e+25 2.734357e+11
2.519308e+25 2.706140e+11
2.782426e+25 2.674136e+11
3.073024e+25 2.637760e+11
3.393973e+25 2.596411e+11
3.748441e+25 2.549883e+11
4.139931e+25 2.497931e+11
4.572307e+25 2.439712e+11
5.049842e+25 2.374916e+11
5.577250e+25 2.303737e+11
6.159742e+25 2.226456e+11
6.803069e+25 2.142413e+11
7.513585e+25 2.051777e+11
8.298308e+25 1.956430e+11
9.164989e+25 1.857282e+11
1.012219e+26 1.754593e+11
1.117935e+26 1.649407e+11
1.234693e+26 1.543934e+11
1.363645e+26 1.439165e+11
1.506065e+26 1.336167e+11
1.663359e+26 1.235443e+11
1.837082e+26 1.138963e+11
2.028947e+26 1.046857e+11
2.240852e+26 9.588390e+10
2.474888e+26 8.751060e+10
2.733366e+26 7.967153e+10
3.018841e+26 7.236086e+10
3.334130e+26 6.547665e+10
3.682349e+26 5.893028e+10
4.066936e+26 5.280197e+10
4.491689e+26 4.701283e+10
4.960803e+26 4.153944e+10
5.478913e+26 3.632499e+10
6.051133e+26 3.144944e+10
6.683117e+26 2.689559e+10
7.381106e+26 2.269120e+10
8.151993e+26 1.882364e+10
9.003392e+26 1.535408e+10
9.943712e+26 1.230042e+10
1.098224e+27 9.674624e+09
1.212923e+27 7.444413e+09
1.339601e+27 5.606240e+09
1.479510e+27 4.127588e+09
1.634031e+27 2.982202e+09
1.804690e+27 2.099426e+09
1.993173e+27 1.435515e+09
2.201341e+27 9.523450e+08
2.431251e+27 6.188252e+08
2.685172e+27 3.857368e+08
2.965613e+27 2.273338e+08
3.275343e+27 1.253461e+08
3.617422e+27 6.627305e+07
3.995228e+27 3.166959e+07
4.412492e+27 1.346227e+07
4.873335e+27 5.141827e+06
5.382309e+27 1.833123e+06
5.944440e+27 5.806340e+05
6.565281e+27 1.678360e+05
7.250963e+27 4.322135e+04
8.008258e+27 1.022333e+04
8.008258e+27 1.022333e+04