115.1504 4.188886e-51
127.1768 4.188886e-51
140.4592 4.188886e-51
155.1288 4.188886e-51
171.3306 4.188886e-51
189.2244 4.188886e-51
208.9872 4.188886e-51
230.8139 4.188886e-51
254.9202 4.188886e-51
281.5443 4.188886e-51
310.9489 4.188886e-51
343.4246 4.188886e-51
379.2921 4.188886e-51
418.9055 4.188886e-51
462.6563 4.188886e-51
510.9764 4.188886e-51
564.3431 4.188886e-51
623.2834 4.188886e-51
688.3795 4.188886e-51
760.2742 4.188886e-51
839.6777 4.188886e-51
927.3741 4.188886e-51
1024.23 4.188886e-51
1131.201 4.188886e-51
1249.344 4.188886e-51
1379.826 4.188886e-51
1523.936 4.188886e-51
1683.097 4.188886e-51
1858.881 4.188886e-51
2053.023 4.188886e-51
2267.442 4.188886e-51
2504.255 4.188886e-51
2765.801 4.188886e-51
3054.663 4.188886e-51
3373.694 4.188886e-51
3726.044 4.188886e-51
4115.194 4.188886e-51
4544.988 4.188886e-51
5019.669 4.188886e-51
5543.926 4.188886e-51
6122.937 4.188886e-51
6762.42 4.188886e-51
7468.691 4.188886e-51
8248.726 4.188886e-51
9110.227 4.188886e-51
10061.7 4.188886e-51
11112.56 4.188886e-51
12273.16 4.188886e-51
13554.97 4.188886e-51
14970.66 4.188886e-51
16534.21 4.188886e-51
18261.05 4.188886e-51
20168.24 4.188886e-51
22274.63 4.188886e-51
24601 4.188886e-51
27170.35 4.188886e-51
30008.03 4.188886e-51
33142.09 4.188886e-51
36603.47 4.188886e-51
40426.36 4.188886e-51
44648.51 4.188886e-51
49311.62 4.188886e-51
54461.76 4.188886e-51
60149.78 4.188886e-51
66431.85 4.188886e-51
73370.04 4.188886e-51
81032.85 4.188886e-51
89495.96 4.188886e-51
98842.98 4.188886e-51
109166.2 4.188886e-51
120567.6 4.188886e-51
133159.7 4.188886e-51
147067 4.188886e-51
162426.8 4.188886e-51
179390.7 4.188886e-51
198126.4 4.188886e-51
218818.8 4.188886e-51
241672.4 4.188886e-51
266912.8 4.188886e-51
294789.3 4.188886e-51
325577.3 4.188886e-51
359580.8 4.188886e-51
397135.6 4.188886e-51
438612.7 4.188886e-51
484421.7 4.188886e-51
535014.9 4.188886e-51
590892.2 4.188886e-51
652605.3 4.188886e-51
720763.8 4.188886e-51
796040.8 4.188886e-51
879179.8 4.188886e-51
971001.8 4.188886e-51
1072414 4.188886e-51
1184417 4.188886e-51
1308119 4.188886e-51
1444739 4.188886e-51
1595629 4.188886e-51
1762277 4.188886e-51
1946330 4.188886e-51
2149606 4.188886e-51
2374112 4.188886e-51
2622066 4.188886e-51
2895916 4.188886e-51
3198367 4.188886e-51
3532407 4.188886e-51
3901333 4.188886e-51
4308791 4.188886e-51
4758804 4.188886e-51
5255816 4.188886e-51
5804736 4.188886e-51
6410986 4.188886e-51
7080554 4.188886e-51
7820051 4.188886e-51
8636782 4.188886e-51
9538812 4.188886e-51
10535050 4.188886e-51
11635340 4.188886e-51
12850540 4.188886e-51
14192660 4.188886e-51
15674950 4.188886e-51
17312050 4.188886e-51
19120130 4.188886e-51
21117050 4.188886e-51
23322520 4.188886e-51
25758340 4.188886e-51
28448560 4.188886e-51
31419740 4.188886e-51
34701240 4.188886e-51
38325450 4.188886e-51
42328190 4.188886e-51
46748970 4.188886e-51
51631460 4.188886e-51
57023880 4.188886e-51
62979480 4.188886e-51
69557100 4.188886e-51
76821680 4.188886e-51
84844980 4.188886e-51
93706240 4.188886e-51
1.03493e+08 4.188886e-51
1.143018e+08 4.188886e-51
1.262396e+08 4.188886e-51
1.394241e+08 4.188886e-51
1.539857e+08 4.188886e-51
1.70068e+08 4.188886e-51
1.8783e+08 4.188886e-51
2.074471e+08 4.188886e-51
2.29113e+08 4.188886e-51
2.530417e+08 4.188886e-51
2.794695e+08 4.188886e-51
3.086575e+08 4.188886e-51
3.408939e+08 4.188886e-51
3.76497e+08 4.188886e-51
4.158186e+08 4.188886e-51
4.592469e+08 4.188886e-51
5.07211e+08 4.188886e-51
5.601844e+08 4.188886e-51
6.186903e+08 4.188886e-51
6.833067e+08 4.188886e-51
7.546717e+08 4.188886e-51
8.3349e+08 4.188886e-51
9.205402e+08 4.188886e-51
1.016682e+09 4.188886e-51
1.122865e+09 4.188886e-51
1.240138e+09 4.188886e-51
1.369658e+09 4.188886e-51
1.512706e+09 4.188886e-51
1.670694e+09 4.188886e-51
1.845182e+09 4.188886e-51
2.037894e+09 4.188886e-51
2.250733e+09 4.188886e-51
2.485801e+09 4.188886e-51
2.745419e+09 4.188886e-51
3.032153e+09 4.188886e-51
3.348833e+09 4.188886e-51
3.698587e+09 4.188886e-51
4.084869e+09 4.188886e-51
4.511495e+09 4.188886e-51
4.982678e+09 4.188886e-51
5.503072e+09 4.188886e-51
6.077816e+09 4.188886e-51
6.712587e+09 4.188886e-51
7.413654e+09 4.188886e-51
8.18794e+09 4.188886e-51
9.043093e+09 4.188886e-51
9.987559e+09 5.687546e+08
1.103067e+10 2.429863e+09
1.218272e+10 4.485347e+09
1.345508e+10 6.755506e+09
1.486034e+10 8.749228e+09
1.641236e+10 9.286813e+09
1.812648e+10 9.880544e+09
2.001962e+10 1.053628e+10
2.211048e+10 1.123328e+10
2.441972e+10 1.185633e+10
2.697012e+10 1.254446e+10
2.97869e+10 1.330446e+10
3.289786e+10 1.412852e+10
3.633373e+10 1.485753e+10
4.012845e+10 1.566268e+10
4.431949e+10 1.655193e+10
4.894824e+10 1.753404e+10
5.406043e+10 1.840108e+10
5.970653e+10 1.935866e+10
6.594231e+10 2.041626e+10
7.282937e+10 2.158432e+10
8.043571e+10 2.264634e+10
8.883646e+10 2.379798e+10
9.811459e+10 2.50699e+10
1.083617e+11 2.647466e+10
1.196791e+11 2.77801e+10
1.321785e+11 2.917144e+10
1.459833e+11 3.07081e+10
1.612298e+11 3.240524e+10
1.780688e+11 3.400073e+10
1.966664e+11 3.566779e+10
2.172063e+11 3.750897e+10
2.398915e+11 3.954244e+10
2.649459e+11 4.149448e+10
2.92617e+11 4.350071e+10
3.231781e+11 4.571648e+10
3.56931e+11 4.816365e+10
3.942091e+11 5.053999e+10
4.353805e+11 5.292794e+10
4.808519e+11 5.55653e+10
5.310724e+11 5.84781e+10
5.865379e+11 6.137856e+10
6.477962e+11 6.426259e+10
7.154525e+11 6.744784e+10
7.901747e+11 7.096575e+10
8.72701e+11 7.450253e+10
9.638464e+11 7.79203e+10
1.064511e+12 8.169502e+10
1.175689e+12 8.586397e+10
1.298479e+12 9.012262e+10
1.434093e+12 9.414208e+10
1.58387e+12 9.858133e+10
1.749291e+12 1.034842e+11
1.931988e+12 1.085639e+11
2.133766e+12 1.131984e+11
2.356617e+12 1.183168e+11
2.602744e+12 1.239699e+11
2.874576e+12 1.299539e+11
3.174798e+12 1.353507e+11
3.506376e+12 1.413112e+11
3.872584e+12 1.478941e+11
4.277039e+12 1.549688e+11
4.723736e+12 1.609711e+11
5.217085e+12 1.676002e+11
5.761961e+12 1.749217e+11
6.363743e+12 1.829608e+11
7.028376e+12 1.894624e+11
7.762424e+12 1.96643e+11
8.573136e+12 2.045735e+11
9.46852e+12 2.133324e+11
1.045742e+13 2.201787e+11
1.15496e+13 2.275465e+11
1.275584e+13 2.356837e+11
1.408807e+13 2.446707e+11
1.555944e+13 2.517144e+11
1.718447e+13 2.589892e+11
1.897923e+13 2.670237e+11
2.096143e+13 2.758973e+11
2.315066e+13 2.826167e+11
2.556852e+13 2.891007e+11
2.823892e+13 2.96262e+11
3.118821e+13 3.260262e+11
3.444552e+13 3.361527e+11
3.804303e+13 3.52599e+11
4.201627e+13 3.691235e+11
4.640447e+13 3.89814e+11
5.125098e+13 4.200336e+11
5.660366e+13 4.364774e+11
6.251538e+13 4.842441e+11
6.904453e+13 5.328356e+11
7.625558e+13 6.48313e+11
8.421975e+13 7.371512e+11
9.301572e+13 8.378277e+11
1.027303e+14 9.729896e+11
1.134595e+14 1.126117e+12
1.253093e+14 1.307012e+12
1.383967e+14 1.769597e+12
1.528509e+14 2.08595e+12
1.688148e+14 2.611642e+12
1.864459e+14 2.880594e+12
2.059184e+14 2.677329e+12
2.274247e+14 2.828601e+12
2.51177e+14 2.872128e+12
2.774101e+14 2.953344e+12
3.06383e+14 2.866122e+12
3.383818e+14 2.743448e+12
3.737226e+14 2.562898e+12
4.127544e+14 2.349973e+12
4.558627e+14 2.299526e+12
5.034733e+14 2.113752e+12
5.560563e+14 1.895825e+12
6.141312e+14 1.649932e+12
6.782714e+14 1.308585e+12
7.491104e+14 1.039898e+12
8.27348e+14 6.563007e+11
9.137567e+14 5.941125e+11
1.00919e+15 4.987403e+11
1.11459e+15 4.630938e+11
1.230999e+15 4.345035e+11
1.359565e+15 4.396328e+11
1.501559e+15 4.402254e+11
1.658383e+15 4.492621e+11
1.831585e+15 4.507759e+11
2.022877e+15 4.759678e+11
2.234147e+15 4.851708e+11
2.467483e+15 4.225111e+11
2.725188e+15 5.016758e+11
3.009809e+15 4.64127e+11
3.324155e+15 3.462487e+11
3.671331e+15 3.462341e+11
4.054767e+15 3.464082e+11
4.47825e+15 3.456901e+11
4.945961e+15 3.450641e+11
5.46252e+15 3.443535e+11
6.033029e+15 3.433838e+11
6.663122e+15 3.434182e+11
7.359022e+15 3.431223e+11
8.127602e+15 3.421845e+11
8.976454e+15 3.417501e+11
9.91396e+15 3.415822e+11
1.094938e+16 3.413894e+11
1.209294e+16 3.411664e+11
1.335593e+16 3.381703e+11
1.475083e+16 3.376682e+11
1.629142e+16 3.376349e+11
1.799291e+16 3.375977e+11
1.98721e+16 3.375562e+11
2.194755e+16 3.374934e+11
2.423976e+16 3.373963e+11
2.677138e+16 3.372885e+11
2.95674e+16 3.371691e+11
3.265543e+16 3.370273e+11
3.606599e+16 3.368477e+11
3.983274e+16 3.366489e+11
4.39929e+16 3.364287e+11
4.858754e+16 3.361846e+11
5.366205e+16 3.359134e+11
5.926655e+16 3.356131e+11
6.545638e+16 3.35281e+11
7.229268e+16 3.349396e+11
7.984297e+16 3.347273e+11
8.818182e+16 3.344921e+11
9.739158e+16 3.342317e+11
1.075632e+17 3.339501e+11
1.187972e+17 3.337497e+11
1.312044e+17 3.335276e+11
1.449075e+17 3.332814e+11
1.600417e+17 3.330086e+11
1.767566e+17 3.326269e+11
1.952171e+17 3.322027e+11
2.156057e+17 3.317331e+11
2.381237e+17 3.312133e+11
2.629935e+17 3.306793e+11
2.904607e+17 3.300934e+11
3.207966e+17 3.294449e+11
3.543007e+17 3.287275e+11
3.913041e+17 3.278557e+11
4.321722e+17 3.26873e+11
4.773085e+17 3.257861e+11
5.271588e+17 3.245843e+11
5.822156e+17 3.233942e+11
6.430226e+17 3.221308e+11
7.101802e+17 3.207338e+11
7.843519e+17 3.191892e+11
8.6627e+17 3.174042e+11
9.567438e+17 3.153878e+11
1.056667e+18 3.131588e+11
1.167026e+18 3.106951e+11
1.28891e+18 3.079409e+11
1.423525e+18 3.048722e+11
1.572199e+18 3.014808e+11
1.7364e+18 2.977331e+11
1.917751e+18 2.934888e+11
2.118042e+18 2.88686e+11
2.339251e+18 2.833792e+11
2.583564e+18 2.775157e+11
2.853393e+18 2.713495e+11
3.151403e+18 2.650123e+11
3.480537e+18 2.580104e+11
3.844047e+18 2.502744e+11
4.245521e+18 2.419131e+11
4.688926e+18 2.330779e+11
5.17864e+18 2.233167e+11
5.7195e+18 2.125328e+11
6.316848e+18 2.009388e+11
6.976584e+18 1.891676e+11
7.705222e+18 1.761633e+11
8.50996e+18 1.61797e+11
9.398745e+18 1.466345e+11
1.038036e+19 1.33703e+11
1.146449e+19 1.194166e+11
1.266184e+19 1.036335e+11
1.398425e+19 8.691404e+10
1.544478e+19 7.69261e+10
1.705784e+19 6.589004e+10
1.883937e+19 5.369575e+10
2.080697e+19 4.022203e+10
2.298006e+19 3.476184e+10
2.538011e+19 2.872556e+10
2.803082e+19 2.205205e+10
3.095838e+19 1.467493e+10
3.419169e+19 1.239309e+10
3.776269e+19 1.041446e+10
4.170665e+19 8.220899e+09
4.606251e+19 5.790789e+09
5.087331e+19 5.205511e+09
5.618655e+19 4.982596e+09
6.20547e+19 4.726856e+09
6.853573e+19 4.435674e+09
7.569364e+19 4.485837e+09
8.359913e+19 4.660772e+09
9.233027e+19 4.843074e+09
1.019733e+20 5.034027e+09
1.126235e+20 5.255655e+09
1.243859e+20 5.498703e+09
1.373769e+20 5.754598e+09
1.517246e+20 6.024766e+09
1.675708e+20 6.310369e+09
1.85072e+20 6.610101e+09
2.04401e+20 6.926631e+09
2.257487e+20 7.261169e+09
2.493261e+20 7.614351e+09
2.753658e+20 7.985458e+09
3.041252e+20 8.377886e+09
3.358882e+20 8.792964e+09
3.709686e+20 9.230668e+09
4.097128e+20 9.69175e+09
4.525034e+20 1.01796e+10
4.997631e+20 1.069586e+10
5.519587e+20 1.123949e+10
6.096056e+20 1.18134e+10
6.732731e+20 1.24208e+10
7.435902e+20 1.306371e+10
8.212512e+20 1.373957e+10
9.070231e+20 1.44544e+10
1.001753e+21 1.521097e+10
1.106377e+21 1.601075e+10
1.221928e+21 1.685189e+10
1.349546e+21 1.77419e+10
1.490494e+21 1.868366e+10
1.646162e+21 1.967705e+10
1.818088e+21 2.072326e+10
2.00797e+21 2.182978e+10
2.217684e+21 2.300005e+10
2.4493e+21 2.423137e+10
2.705106e+21 2.552956e+10
2.987629e+21 2.690163e+10
3.299659e+21 2.835158e+10
3.644277e+21 2.987273e+10
4.024887e+21 3.147784e+10
4.445249e+21 3.317253e+10
4.909514e+21 3.495935e+10
5.422266e+21 3.683187e+10
5.988571e+21 3.880669e+10
6.61402e+21 4.088888e+10
7.304793e+21 4.307644e+10
8.067709e+21 4.536925e+10
8.910306e+21 4.778323e+10
9.840903e+21 5.032382e+10
1.086869e+22 5.298172e+10
1.200383e+22 5.576672e+10
1.325751e+22 5.869227e+10
1.464213e+22 6.176385e+10
1.617137e+22 6.496069e+10
1.786032e+22 6.830757e+10
1.972566e+22 7.181266e+10
2.178582e+22 7.547619e+10
2.406114e+22 7.927366e+10
2.65741e+22 8.323818e+10
2.934951e+22 8.737308e+10
3.241479e+22 9.166414e+10
3.580021e+22 9.609831e+10
3.953921e+22 1.007033e+11
4.366871e+22 1.054793e+11
4.822949e+22 1.103895e+11
5.326661e+22 1.154401e+11
5.882981e+22 1.206477e+11
6.497403e+22 1.260073e+11
7.175995e+22 1.31449e+11
7.92546e+22 1.370097e+11
8.7532e+22 1.426878e+11
9.667389e+22 1.484614e+11
1.067706e+23 1.542447e+11
1.179218e+23 1.60093e+11
1.302376e+23 1.659879e+11
1.438397e+23 1.718729e+11
1.588624e+23 1.776918e+11
1.75454e+23 1.834845e+11
1.937786e+23 1.892277e+11
2.140169e+23 1.948292e+11
2.36369e+23 2.002842e+11
2.610555e+23 2.056149e+11
2.883203e+23 2.108009e+11
3.184326e+23 2.157242e+11
3.516899e+23 2.204516e+11
3.884206e+23 2.249886e+11
4.289874e+23 2.29318e+11
4.737911e+23 2.333511e+11
5.232742e+23 2.371878e+11
5.779252e+23 2.408327e+11
6.382841e+23 2.442639e+11
7.049468e+23 2.474681e+11
7.785719e+23 2.505165e+11
8.598864e+23 2.534212e+11
9.496935e+23 2.561547e+11
1.04888e+24 2.587434e+11
1.158426e+24 2.612239e+11
1.279412e+24 2.636025e+11
1.413035e+24 2.658381e+11
1.560613e+24 2.67972e+11
1.723604e+24 2.700129e+11
1.903619e+24 2.719551e+11
2.102434e+24 2.737574e+11
2.322013e+24 2.75463e+11
2.564526e+24 2.770681e+11
2.832366e+24 2.785525e+11
3.12818e+24 2.799013e+11
3.454889e+24 2.811406e+11
3.81572e+24 2.822657e+11
4.214236e+24 2.832458e+11
4.654373e+24 2.840886e+11
5.140478e+24 2.848064e+11
5.677353e+24 2.853932e+11
6.270299e+24 2.858072e+11
6.925173e+24 2.860711e+11
7.648442e+24 2.861842e+11
8.44725e+24 2.861338e+11
9.329485e+24 2.858765e+11
1.030386e+25 2.854359e+11
1.138e+25 2.848039e+11
1.256854e+25 2.839633e+11
1.38812e+25 2.828786e+11
1.533096e+25 2.815605e+11
1.693214e+25 2.799932e+11
1.870054e+25 2.781525e+11
2.065364e+25 2.760012e+11
2.281072e+25 2.735274e+11
2.519308e+25 2.70712e+11
2.782426e+25 2.675167e+11
3.073024e+25 2.638869e+11
3.393973e+25 2.597623e+11
3.748441e+25 2.551171e+11
4.139931e+25 2.499263e+11
4.572307e+25 2.441124e+11
5.049842e+25 2.376432e+11
5.57725e+25 2.305328e+11
6.159742e+25 2.228079e+11
6.803069e+25 2.144093e+11
7.513585e+25 2.053555e+11
8.298308e+25 1.958259e+11
9.164989e+25 1.859112e+11
1.012219e+26 1.756448e+11
1.117935e+26 1.65132e+11
1.234693e+26 1.545864e+11
1.363645e+26 1.441061e+11
1.506065e+26 1.338049e+11
1.663359e+26 1.237339e+11
1.837082e+26 1.140844e+11
2.028947e+26 1.048672e+11
2.240852e+26 9.606036e+10
2.474888e+26 8.768572e+10
2.733366e+26 7.984175e+10
3.018841e+26 7.252336e+10
3.33413e+26 6.56307e+10
3.682349e+26 5.908046e+10
4.066936e+26 5.29448e+10
4.491689e+26 4.714626e+10
4.960803e+26 4.166172e+10
5.478913e+26 3.643934e+10
6.051133e+26 3.155429e+10
6.683117e+26 2.698915e+10
7.381106e+26 2.277205e+10
8.151993e+26 1.88946e+10
9.003392e+26 1.541458e+10
9.943712e+26 1.235039e+10
1.098224e+27 9.714688e+09
1.212923e+27 7.476087e+09
1.339601e+27 5.630645e+09
1.47951e+27 4.145789e+09
1.634031e+27 2.995373e+09
1.80469e+27 2.108607e+09
1.993173e+27 1.441669e+09
2.201341e+27 9.563154e+08
2.431251e+27 6.213063e+08
2.685172e+27 3.871467e+08
2.965613e+27 2.280505e+08
3.275343e+27 1.256715e+08
3.617422e+27 66410210
3.995228e+27 31702120
4.412492e+27 13455010
4.873335e+27 5129691
5.382309e+27 1825247
5.94444e+27 576452.8
6.565281e+27 165992.6
7.250963e+27 42613.29
8.008258e+27 10057.77
8.008258e+27 10057.77