1.362693e+16 1.557607e-31 2.122540e-15 1.613440e+01 -1.467314e+01
1.303445e+16 1.918385e-30 2.500510e-14 1.611509e+01 -1.360197e+01
1.249135e+16 1.951405e-30 2.437568e-14 1.609661e+01 -1.361304e+01
1.199170e+16 1.991492e-30 2.388136e-14 1.607888e+01 -1.362194e+01
1.153048e+16 2.064994e-30 2.381037e-14 1.606185e+01 -1.362323e+01
1.110342e+16 2.167631e-30 2.406812e-14 1.604546e+01 -1.361856e+01
1.070687e+16 2.183610e-30 2.337963e-14 1.602966e+01 -1.363116e+01
1.033767e+16 2.292577e-30 2.369990e-14 1.601442e+01 -1.362525e+01
9.993080e+15 2.271294e-30 2.269723e-14 1.599970e+01 -1.364403e+01
9.670723e+15 2.340320e-30 2.263259e-14 1.598546e+01 -1.364527e+01
9.368512e+15 2.372495e-30 2.222675e-14 1.597167e+01 -1.365312e+01
9.084618e+15 2.404733e-30 2.184608e-14 1.595831e+01 -1.366063e+01
8.817424e+15 2.393331e-30 2.110302e-14 1.594534e+01 -1.367566e+01
8.565497e+15 2.460414e-30 2.107467e-14 1.593275e+01 -1.367624e+01
8.327567e+15 2.887025e-30 2.404189e-14 1.592052e+01 -1.361903e+01
8.102497e+15 3.312147e-30 2.683666e-14 1.590862e+01 -1.357127e+01
7.889274e+15 3.200129e-30 2.524669e-14 1.589704e+01 -1.359780e+01
7.686985e+15 3.420501e-30 2.629334e-14 1.588576e+01 -1.358015e+01
7.494810e+15 4.101478e-30 3.073980e-14 1.587476e+01 -1.351230e+01
7.312010e+15 4.441315e-30 3.247494e-14 1.586404e+01 -1.348845e+01
7.137914e+15 4.345743e-30 3.101954e-14 1.585357e+01 -1.350836e+01
6.971916e+15 4.303536e-30 3.000389e-14 1.584335e+01 -1.352282e+01
6.813464e+15 4.699339e-30 3.201877e-14 1.583337e+01 -1.349460e+01
6.662053e+15 4.895689e-30 3.261534e-14 1.582361e+01 -1.348658e+01
6.517226e+15 4.700604e-30 3.063490e-14 1.581406e+01 -1.351378e+01
6.378562e+15 4.821314e-30 3.075305e-14 1.580472e+01 -1.351211e+01
6.245675e+15 5.152848e-30 3.218301e-14 1.579558e+01 -1.349237e+01
6.118212e+15 4.985776e-30 3.050403e-14 1.578662e+01 -1.351564e+01
5.995848e+15 5.496207e-30 3.295442e-14 1.577785e+01 -1.348209e+01
5.878282e+15 6.931774e-30 4.074693e-14 1.576925e+01 -1.338991e+01
5.765238e+15 7.767770e-30 4.478305e-14 1.576082e+01 -1.334889e+01
5.656460e+15 7.354550e-30 4.160072e-14 1.575254e+01 -1.338090e+01
5.551711e+15 6.789548e-30 3.769361e-14 1.574443e+01 -1.342373e+01
5.450771e+15 6.944440e-30 3.785255e-14 1.573646e+01 -1.342190e+01
5.353436e+15 8.321548e-30 4.454887e-14 1.572863e+01 -1.335116e+01
5.259516e+15 9.112328e-30 4.792643e-14 1.572095e+01 -1.331942e+01
5.168834e+15 9.188142e-30 4.749199e-14 1.571339e+01 -1.332338e+01
5.081227e+15 9.280087e-30 4.715423e-14 1.570597e+01 -1.332648e+01
4.996540e+15 8.557118e-30 4.275598e-14 1.569867e+01 -1.336900e+01
4.914630e+15 8.686908e-30 4.269293e-14 1.569149e+01 -1.336964e+01
4.835361e+15 9.976083e-30 4.823796e-14 1.568443e+01 -1.331661e+01
4.758610e+15 1.005148e-29 4.783107e-14 1.567748e+01 -1.332029e+01
4.684256e+15 1.060837e-29 4.969230e-14 1.567064e+01 -1.330371e+01
4.612191e+15 1.048700e-29 4.836803e-14 1.566391e+01 -1.331544e+01
4.542309e+15 1.038875e-29 4.718893e-14 1.565728e+01 -1.332616e+01
4.474513e+15 1.135251e-29 5.079697e-14 1.565075e+01 -1.329416e+01
4.408712e+15 1.104017e-29 4.867294e-14 1.564431e+01 -1.331271e+01
4.344817e+15 1.114430e-29 4.841996e-14 1.563797e+01 -1.331498e+01
4.282749e+15 1.106699e-29 4.739715e-14 1.563172e+01 -1.332425e+01
4.222428e+15 1.124737e-29 4.749119e-14 1.562556e+01 -1.332339e+01
4.163783e+15 1.259251e-29 5.243250e-14 1.561949e+01 -1.328040e+01
4.106745e+15 1.281289e-29 5.261926e-14 1.561350e+01 -1.327886e+01
4.051249e+15 1.282278e-29 5.194825e-14 1.560759e+01 -1.328443e+01
3.997232e+15 1.275416e-29 5.098134e-14 1.560176e+01 -1.329259e+01
3.944637e+15 1.240752e-29 4.894315e-14 1.559601e+01 -1.331031e+01
3.893408e+15 1.253709e-29 4.881202e-14 1.559033e+01 -1.331147e+01
3.843492e+15 1.281109e-29 4.923931e-14 1.558473e+01 -1.330769e+01
3.794841e+15 1.289903e-29 4.894977e-14 1.557919e+01 -1.331025e+01
3.747405e+15 1.342559e-29 5.031113e-14 1.557373e+01 -1.329834e+01
3.701141e+15 1.368796e-29 5.066107e-14 1.556834e+01 -1.329533e+01
3.656005e+15 1.395672e-29 5.102585e-14 1.556301e+01 -1.329221e+01
3.611957e+15 1.304521e-29 4.711873e-14 1.555774e+01 -1.332681e+01
3.568957e+15 1.303099e-29 4.650706e-14 1.555254e+01 -1.333248e+01
3.526969e+15 1.412837e-29 4.983032e-14 1.554740e+01 -1.330251e+01
3.485958e+15 1.437126e-29 5.009761e-14 1.554232e+01 -1.330018e+01
3.445890e+15 1.473417e-29 5.077233e-14 1.553730e+01 -1.329437e+01
3.406732e+15 1.491061e-29 5.079644e-14 1.553234e+01 -1.329417e+01
3.368454e+15 1.509043e-29 5.083140e-14 1.552743e+01 -1.329387e+01
3.331027e+15 1.512367e-29 5.037735e-14 1.552258e+01 -1.329776e+01
3.294422e+15 1.465671e-29 4.828538e-14 1.551778e+01 -1.331618e+01
3.258613e+15 7.695977e-29 2.507821e-13 1.551303e+01 -1.260070e+01
3.223574e+15 1.365725e-28 4.402515e-13 1.550834e+01 -1.235630e+01
3.189281e+15 2.136994e-28 6.815473e-13 1.550369e+01 -1.216650e+01
3.155709e+15 2.929942e-28 9.246047e-13 1.549910e+01 -1.203404e+01
3.122838e+15 3.564443e-28 1.113118e-12 1.549455e+01 -1.195346e+01
3.090643e+15 2.634744e-28 8.143054e-13 1.549005e+01 -1.208921e+01
3.059106e+15 2.488220e-28 7.611730e-13 1.548559e+01 -1.211852e+01
3.028206e+15 3.531753e-28 1.069488e-12 1.548119e+01 -1.197082e+01
2.997924e+15 3.849112e-28 1.153935e-12 1.547682e+01 -1.193782e+01
2.968242e+15 4.186081e-28 1.242530e-12 1.547250e+01 -1.190569e+01
2.939141e+15 3.199280e-28 9.403137e-13 1.546822e+01 -1.202673e+01
2.910606e+15 2.922025e-28 8.504864e-13 1.546398e+01 -1.207033e+01
2.882619e+15 4.448010e-28 1.282192e-12 1.545979e+01 -1.189205e+01
2.855166e+15 5.288971e-28 1.510089e-12 1.545563e+01 -1.182100e+01
2.828230e+15 4.856038e-28 1.373399e-12 1.545151e+01 -1.186220e+01
2.801798e+15 4.744748e-28 1.329383e-12 1.544744e+01 -1.187635e+01
2.775856e+15 4.743150e-28 1.316630e-12 1.544340e+01 -1.188054e+01
2.750389e+15 4.816695e-28 1.324778e-12 1.543939e+01 -1.187786e+01
2.725385e+15 5.111835e-28 1.393172e-12 1.543543e+01 -1.185600e+01
2.700832e+15 4.986366e-28 1.346734e-12 1.543150e+01 -1.187072e+01
2.676718e+15 4.709724e-28 1.260660e-12 1.542760e+01 -1.189940e+01
2.653030e+15 4.868671e-28 1.291673e-12 1.542374e+01 -1.188885e+01
2.629758e+15 5.097621e-28 1.340551e-12 1.541992e+01 -1.187272e+01
2.606890e+15 4.988782e-28 1.300521e-12 1.541612e+01 -1.188588e+01
2.584417e+15 5.094945e-28 1.316746e-12 1.541236e+01 -1.188050e+01
2.562328e+15 4.429582e-28 1.135004e-12 1.540863e+01 -1.194500e+01
2.540614e+15 4.318609e-28 1.097192e-12 1.540494e+01 -1.195972e+01
2.519264e+15 4.498477e-28 1.133285e-12 1.540127e+01 -1.194566e+01
2.498270e+15 3.743500e-28 9.352275e-13 1.539764e+01 -1.202908e+01
2.477623e+15 2.844911e-28 7.048617e-13 1.539404e+01 -1.215190e+01
2.457315e+15 2.517296e-28 6.185789e-13 1.539046e+01 -1.220860e+01
2.437337e+15 3.487844e-28 8.501049e-13 1.538692e+01 -1.207053e+01
2.417681e+15 5.630356e-28 1.361240e-12 1.538340e+01 -1.186607e+01
2.398339e+15 6.066704e-28 1.455001e-12 1.537991e+01 -1.183714e+01
2.379305e+15 5.412227e-28 1.287734e-12 1.537645e+01 -1.189017e+01
2.360570e+15 6.087090e-28 1.436900e-12 1.537302e+01 -1.184257e+01
2.342128e+15 6.174641e-28 1.446180e-12 1.536961e+01 -1.183978e+01
2.323972e+15 6.217089e-28 1.444834e-12 1.536623e+01 -1.184018e+01
2.306095e+15 5.253579e-28 1.211525e-12 1.536288e+01 -1.191667e+01
2.288492e+15 5.775988e-28 1.321830e-12 1.535955e+01 -1.187882e+01
2.271155e+15 6.135485e-28 1.393463e-12 1.535625e+01 -1.185590e+01
2.254078e+15 5.614516e-28 1.265556e-12 1.535297e+01 -1.189772e+01
2.237257e+15 5.558050e-28 1.243478e-12 1.534972e+01 -1.190536e+01
2.220684e+15 6.005271e-28 1.333581e-12 1.534649e+01 -1.187498e+01
2.204356e+15 5.605891e-28 1.235738e-12 1.534328e+01 -1.190807e+01
2.188266e+15 5.355276e-28 1.171877e-12 1.534010e+01 -1.193112e+01
2.172409e+15 5.220026e-28 1.134003e-12 1.533694e+01 -1.194539e+01
2.156780e+15 4.469634e-28 9.640017e-13 1.533381e+01 -1.201592e+01
2.141374e+15 5.062413e-28 1.084052e-12 1.533069e+01 -1.196495e+01
2.126187e+15 5.384451e-28 1.144835e-12 1.532760e+01 -1.194126e+01
2.111214e+15 5.177797e-28 1.093144e-12 1.532453e+01 -1.196132e+01
2.096450e+15 5.218455e-28 1.094023e-12 1.532148e+01 -1.196097e+01
2.081892e+15 5.410796e-28 1.126469e-12 1.531846e+01 -1.194828e+01
2.067534e+15 5.359874e-28 1.108172e-12 1.531545e+01 -1.195539e+01
2.053373e+15 5.336113e-28 1.095703e-12 1.531247e+01 -1.196031e+01
2.039404e+15 5.606134e-28 1.143317e-12 1.530950e+01 -1.194183e+01
2.025624e+15 5.731055e-28 1.160896e-12 1.530656e+01 -1.193521e+01
2.012030e+15 6.012786e-28 1.209790e-12 1.530363e+01 -1.191729e+01
1.998616e+15 5.628532e-28 1.124927e-12 1.530073e+01 -1.194888e+01
1.985380e+15 5.685696e-28 1.128827e-12 1.529784e+01 -1.194737e+01
1.972318e+15 5.710214e-28 1.126236e-12 1.529498e+01 -1.194837e+01
1.959427e+15 4.608619e-28 9.030254e-13 1.529213e+01 -1.204430e+01
1.946704e+15 3.740696e-28 7.282027e-13 1.528930e+01 -1.213775e+01
1.934145e+15 5.477165e-28 1.059363e-12 1.528649e+01 -1.197496e+01
1.921746e+15 5.913636e-28 1.136451e-12 1.528370e+01 -1.194445e+01
1.909506e+15 5.560615e-28 1.061803e-12 1.528092e+01 -1.197396e+01
1.897420e+15 5.607412e-28 1.063962e-12 1.527816e+01 -1.197307e+01
1.885487e+15 5.595961e-28 1.055111e-12 1.527542e+01 -1.197670e+01
1.873702e+15 5.329518e-28 9.985932e-13 1.527270e+01 -1.200061e+01
1.862065e+15 5.020709e-28 9.348884e-13 1.526999e+01 -1.202924e+01
1.850570e+15 5.090228e-28 9.419826e-13 1.526731e+01 -1.202596e+01
1.839217e+15 5.113353e-28 9.404567e-13 1.526463e+01 -1.202666e+01
1.828002e+15 5.207182e-28 9.518742e-13 1.526198e+01 -1.202142e+01
1.816924e+15 5.326209e-28 9.677315e-13 1.525934e+01 -1.201425e+01
1.805978e+15 5.013549e-28 9.054360e-13 1.525671e+01 -1.204314e+01
1.795164e+15 5.120958e-28 9.192960e-13 1.525410e+01 -1.203654e+01
1.784479e+15 5.554072e-28 9.911122e-13 1.525151e+01 -1.200388e+01
1.773920e+15 5.446250e-28 9.661209e-13 1.524893e+01 -1.201497e+01
1.763485e+15 5.350010e-28 9.434661e-13 1.524637e+01 -1.202527e+01
1.753172e+15 5.082405e-28 8.910330e-13 1.524382e+01 -1.205011e+01
1.742979e+15 4.972103e-28 8.666272e-13 1.524129e+01 -1.206217e+01
1.732904e+15 5.400335e-28 9.358262e-13 1.523877e+01 -1.202880e+01
1.722945e+15 5.540530e-28 9.546028e-13 1.523627e+01 -1.202018e+01
1.713099e+15 5.539450e-28 9.489629e-13 1.523378e+01 -1.202275e+01
1.703366e+15 5.627573e-28 9.585817e-13 1.523131e+01 -1.201837e+01
1.693742e+15 5.603118e-28 9.490238e-13 1.522885e+01 -1.202272e+01
1.684227e+15 5.630213e-28 9.482556e-13 1.522640e+01 -1.202307e+01
1.674818e+15 5.016981e-28 8.402530e-13 1.522397e+01 -1.207559e+01
1.665513e+15 5.559900e-28 9.260087e-13 1.522155e+01 -1.203338e+01
1.656312e+15 5.453945e-28 9.033433e-13 1.521914e+01 -1.204415e+01
1.647211e+15 5.651943e-28 9.309943e-13 1.521675e+01 -1.203105e+01
1.638210e+15 5.610651e-28 9.191423e-13 1.521437e+01 -1.203662e+01
1.629307e+15 5.405881e-28 8.807838e-13 1.521200e+01 -1.205513e+01
1.620499e+15 5.225886e-28 8.468545e-13 1.520965e+01 -1.207219e+01
1.611787e+15 5.203052e-28 8.386212e-13 1.520731e+01 -1.207643e+01
1.603168e+15 5.413648e-28 8.678987e-13 1.520498e+01 -1.206153e+01
1.594640e+15 5.337409e-28 8.511248e-13 1.520266e+01 -1.207001e+01
1.586203e+15 5.163921e-28 8.191029e-13 1.520036e+01 -1.208666e+01
1.577855e+15 5.158102e-28 8.138736e-13 1.519807e+01 -1.208944e+01
1.569594e+15 5.173858e-28 8.120855e-13 1.519579e+01 -1.209040e+01
1.561419e+15 5.068562e-28 7.914148e-13 1.519352e+01 -1.210160e+01
1.553328e+15 5.111623e-28 7.940029e-13 1.519126e+01 -1.210018e+01
1.545322e+15 5.434108e-28 8.397444e-13 1.518902e+01 -1.207585e+01
1.537397e+15 5.480194e-28 8.425233e-13 1.518679e+01 -1.207442e+01
1.529553e+15 5.393973e-28 8.250368e-13 1.518456e+01 -1.208353e+01
1.521789e+15 5.445725e-28 8.287243e-13 1.518235e+01 -1.208159e+01
1.514103e+15 5.643184e-28 8.544361e-13 1.518016e+01 -1.206832e+01
1.506494e+15 5.619846e-28 8.466267e-13 1.517797e+01 -1.207231e+01
1.498962e+15 5.542156e-28 8.307482e-13 1.517579e+01 -1.208053e+01
1.491504e+15 5.487047e-28 8.183956e-13 1.517362e+01 -1.208704e+01
1.484121e+15 5.718454e-28 8.486877e-13 1.517147e+01 -1.207125e+01
1.476810e+15 5.651406e-28 8.346052e-13 1.516932e+01 -1.207852e+01
1.469571e+15 5.696190e-28 8.370953e-13 1.516719e+01 -1.207723e+01
1.462402e+15 5.611060e-28 8.205625e-13 1.516507e+01 -1.208589e+01
1.455303e+15 5.272207e-28 7.672659e-13 1.516295e+01 -1.211505e+01
1.448272e+15 5.668070e-28 8.208910e-13 1.516085e+01 -1.208571e+01
1.441310e+15 5.937052e-28 8.557130e-13 1.515876e+01 -1.206767e+01
1.434413e+15 5.913220e-28 8.482002e-13 1.515667e+01 -1.207150e+01
1.427583e+15 5.529600e-28 7.893962e-13 1.515460e+01 -1.210270e+01
1.420817e+15 5.924649e-28 8.417842e-13 1.515254e+01 -1.207480e+01
1.414115e+15 5.885626e-28 8.322952e-13 1.515048e+01 -1.207972e+01
1.407476e+15 6.105649e-28 8.593555e-13 1.514844e+01 -1.206583e+01
1.400899e+15 5.669417e-28 7.942281e-13 1.514641e+01 -1.210005e+01
1.394383e+15 5.836895e-28 8.138868e-13 1.514438e+01 -1.208944e+01
1.387928e+15 5.862459e-28 8.136670e-13 1.514237e+01 -1.208955e+01
1.381532e+15 5.496611e-28 7.593743e-13 1.514036e+01 -1.211954e+01
1.375194e+15 5.555787e-28 7.640287e-13 1.513836e+01 -1.211689e+01
1.368915e+15 5.806060e-28 7.948003e-13 1.513638e+01 -1.209974e+01
1.362693e+15 6.167133e-28 8.403908e-13 1.513440e+01 -1.207552e+01
1.356527e+15 5.813328e-28 7.885935e-13 1.513243e+01 -1.210315e+01
1.350416e+15 5.461051e-28 7.374691e-13 1.513047e+01 -1.213226e+01
1.344361e+15 5.567485e-28 7.484707e-13 1.512852e+01 -1.212583e+01
1.338359e+15 5.613096e-28 7.512337e-13 1.512657e+01 -1.212422e+01
1.332411e+15 5.623064e-28 7.492231e-13 1.512464e+01 -1.212539e+01
1.326515e+15 5.776963e-28 7.663228e-13 1.512271e+01 -1.211559e+01
1.320671e+15 5.523130e-28 7.294239e-13 1.512079e+01 -1.213702e+01
1.314879e+15 5.714297e-28 7.513609e-13 1.511889e+01 -1.212415e+01
1.309137e+15 5.810871e-28 7.607227e-13 1.511699e+01 -1.211877e+01
1.303445e+15 5.609313e-28 7.311432e-13 1.511509e+01 -1.213600e+01
1.297803e+15 5.926959e-28 7.692023e-13 1.511321e+01 -1.211396e+01
1.292209e+15 5.868996e-28 7.583968e-13 1.511133e+01 -1.212010e+01
1.286663e+15 5.814163e-28 7.480866e-13 1.510946e+01 -1.212605e+01
1.281164e+15 5.743216e-28 7.358002e-13 1.510760e+01 -1.213324e+01
1.275712e+15 5.665532e-28 7.227589e-13 1.510575e+01 -1.214101e+01
1.270307e+15 5.994376e-28 7.614697e-13 1.510391e+01 -1.211835e+01
1.264947e+15 5.955945e-28 7.533953e-13 1.510207e+01 -1.212298e+01
1.259632e+15 5.796091e-28 7.300941e-13 1.510024e+01 -1.213662e+01
1.254362e+15 5.511771e-28 6.913753e-13 1.509842e+01 -1.216029e+01
1.249135e+15 5.669965e-28 7.082552e-13 1.509661e+01 -1.214981e+01
1.243952e+15 5.542817e-28 6.894998e-13 1.509480e+01 -1.216147e+01
1.238812e+15 5.873532e-28 7.276199e-13 1.509301e+01 -1.213810e+01
1.233714e+15 6.443951e-28 7.949990e-13 1.509121e+01 -1.209963e+01
1.228657e+15 6.186709e-28 7.601346e-13 1.508943e+01 -1.211911e+01
1.223642e+15 6.195092e-28 7.580577e-13 1.508765e+01 -1.212030e+01
1.218668e+15 6.470358e-28 7.885220e-13 1.508589e+01 -1.210319e+01
1.213734e+15 6.151093e-28 7.465793e-13 1.508412e+01 -1.212692e+01
1.208840e+15 6.054263e-28 7.318637e-13 1.508237e+01 -1.213557e+01
1.203986e+15 5.884041e-28 7.084300e-13 1.508062e+01 -1.214970e+01
1.199170e+15 6.284851e-28 7.536602e-13 1.507888e+01 -1.212282e+01
1.194392e+15 6.246159e-28 7.460362e-13 1.507715e+01 -1.212724e+01
1.189652e+15 5.970565e-28 7.102897e-13 1.507542e+01 -1.214856e+01
1.184950e+15 6.148134e-28 7.285232e-13 1.507370e+01 -1.213756e+01
1.180285e+15 6.242438e-28 7.367857e-13 1.507199e+01 -1.213266e+01
1.175656e+15 6.412351e-28 7.538722e-13 1.507028e+01 -1.212270e+01
1.171064e+15 6.636472e-28 7.771734e-13 1.506858e+01 -1.210948e+01
1.166507e+15 7.272053e-28 8.482903e-13 1.506689e+01 -1.207146e+01
1.161986e+15 6.617054e-28 7.688924e-13 1.506520e+01 -1.211413e+01
1.157500e+15 6.899621e-28 7.986308e-13 1.506352e+01 -1.209765e+01
1.153048e+15 6.815615e-28 7.858729e-13 1.506185e+01 -1.210465e+01
1.148630e+15 6.759794e-28 7.764502e-13 1.506018e+01 -1.210989e+01
1.144246e+15 7.236286e-28 8.280090e-13 1.505852e+01 -1.208196e+01
1.139895e+15 7.328303e-28 8.353496e-13 1.505686e+01 -1.207813e+01
1.135577e+15 9.213235e-28 1.046234e-12 1.505522e+01 -1.198037e+01
1.131292e+15 9.295575e-28 1.051601e-12 1.505357e+01 -1.197815e+01
1.127039e+15 9.609701e-28 1.083051e-12 1.505194e+01 -1.196535e+01
1.122818e+15 9.045856e-28 1.015685e-12 1.505031e+01 -1.199324e+01
1.118628e+15 9.304141e-28 1.040788e-12 1.504869e+01 -1.198264e+01
1.114470e+15 9.188276e-28 1.024006e-12 1.504707e+01 -1.198970e+01
1.110342e+15 9.314693e-28 1.034250e-12 1.504546e+01 -1.198537e+01
1.106245e+15 9.591482e-28 1.061053e-12 1.504385e+01 -1.197426e+01
1.102178e+15 8.668702e-28 9.554452e-13 1.504225e+01 -1.201979e+01
1.098141e+15 9.094769e-28 9.987336e-13 1.504066e+01 -1.200055e+01
1.094133e+15 8.332273e-28 9.116613e-13 1.503907e+01 -1.204017e+01
1.090154e+15 8.045714e-28 8.771069e-13 1.503749e+01 -1.205695e+01
1.086204e+15 9.066893e-28 9.848498e-13 1.503591e+01 -1.200663e+01
1.082283e+15 9.641217e-28 1.043453e-12 1.503434e+01 -1.198153e+01
1.078390e+15 9.075850e-28 9.787305e-13 1.503278e+01 -1.200934e+01
1.074525e+15 8.047611e-28 8.647357e-13 1.503122e+01 -1.206312e+01
1.070687e+15 6.892364e-28 7.379566e-13 1.502966e+01 -1.213197e+01
1.066877e+15 8.177357e-28 8.724233e-13 1.502811e+01 -1.205927e+01
1.063094e+15 1.052647e-27 1.119062e-12 1.502657e+01 -1.195115e+01
1.059337e+15 1.031818e-27 1.093043e-12 1.502503e+01 -1.196136e+01
1.055607e+15 1.019880e-27 1.076592e-12 1.502350e+01 -1.196795e+01
1.051903e+15 8.756333e-28 9.210814e-13 1.502198e+01 -1.203570e+01
1.048225e+15 9.988789e-28 1.047050e-12 1.502045e+01 -1.198003e+01
1.044573e+15 1.105590e-27 1.154870e-12 1.501894e+01 -1.193747e+01
1.040946e+15 1.105246e-27 1.150501e-12 1.501743e+01 -1.193911e+01
1.037344e+15 1.163120e-27 1.206556e-12 1.501592e+01 -1.191845e+01
1.033767e+15 1.300489e-27 1.344403e-12 1.501442e+01 -1.187147e+01
1.030214e+15 1.355866e-27 1.396833e-12 1.501293e+01 -1.185486e+01
1.026686e+15 1.322256e-27 1.357542e-12 1.501144e+01 -1.186725e+01
1.023182e+15 1.325259e-27 1.355982e-12 1.500995e+01 -1.186775e+01
1.019702e+15 1.322100e-27 1.348149e-12 1.500847e+01 -1.187026e+01
1.016245e+15 1.334955e-27 1.356641e-12 1.500700e+01 -1.186753e+01
1.012812e+15 1.416796e-27 1.434948e-12 1.500553e+01 -1.184316e+01
1.009402e+15 1.335190e-27 1.347743e-12 1.500406e+01 -1.187039e+01
1.006015e+15 1.374015e-27 1.382279e-12 1.500260e+01 -1.185940e+01
1.002650e+15 1.387992e-27 1.391670e-12 1.500115e+01 -1.185646e+01
9.993080e+14 1.347189e-27 1.346257e-12 1.499970e+01 -1.187087e+01
9.959880e+14 1.384206e-27 1.378653e-12 1.499825e+01 -1.186055e+01
9.926901e+14 1.349094e-27 1.339232e-12 1.499681e+01 -1.187314e+01
9.894139e+14 1.549499e-27 1.533096e-12 1.499538e+01 -1.181443e+01
9.861592e+14 1.598941e-27 1.576811e-12 1.499395e+01 -1.180222e+01
9.829259e+14 1.630850e-27 1.603005e-12 1.499252e+01 -1.179507e+01
9.797137e+14 1.566268e-27 1.534495e-12 1.499110e+01 -1.181403e+01
9.765225e+14 1.633987e-27 1.595625e-12 1.498968e+01 -1.179707e+01
9.733519e+14 1.715900e-27 1.670175e-12 1.498827e+01 -1.177724e+01
9.702019e+14 1.631722e-27 1.583100e-12 1.498686e+01 -1.180049e+01
9.670723e+14 1.617674e-27 1.564408e-12 1.498546e+01 -1.180565e+01
9.639627e+14 1.865723e-27 1.798488e-12 1.498406e+01 -1.174509e+01
9.608731e+14 1.820970e-27 1.749721e-12 1.498267e+01 -1.175703e+01
9.578032e+14 1.874215e-27 1.795129e-12 1.498128e+01 -1.174590e+01
9.547529e+14 1.922801e-27 1.835800e-12 1.497989e+01 -1.173617e+01
9.517219e+14 1.903503e-27 1.811606e-12 1.497851e+01 -1.174194e+01
9.487101e+14 1.801784e-27 1.709370e-12 1.497713e+01 -1.176716e+01
9.457174e+14 2.014771e-27 1.905404e-12 1.497576e+01 -1.172001e+01
9.427434e+14 2.030183e-27 1.913942e-12 1.497439e+01 -1.171807e+01
9.397881e+14 1.916185e-27 1.800808e-12 1.497303e+01 -1.174453e+01
9.368512e+14 1.849497e-27 1.732703e-12 1.497167e+01 -1.176128e+01
9.339327e+14 2.038623e-27 1.903937e-12 1.497032e+01 -1.172035e+01
9.310323e+14 2.000038e-27 1.862100e-12 1.496896e+01 -1.173000e+01
9.281498e+14 1.866821e-27 1.732690e-12 1.496762e+01 -1.176128e+01
9.252852e+14 1.907154e-27 1.764662e-12 1.496628e+01 -1.175334e+01
9.224382e+14 2.206414e-27 2.035280e-12 1.496494e+01 -1.169138e+01
9.196086e+14 2.339277e-27 2.151219e-12 1.496360e+01 -1.166732e+01
9.167963e+14 2.433964e-27 2.231449e-12 1.496227e+01 -1.165141e+01
9.140012e+14 2.375673e-27 2.171368e-12 1.496095e+01 -1.166327e+01
9.112231e+14 2.577646e-27 2.348811e-12 1.495962e+01 -1.162915e+01
9.084618e+14 2.677058e-27 2.432005e-12 1.495831e+01 -1.161404e+01
9.057172e+14 2.466767e-27 2.234193e-12 1.495699e+01 -1.165088e+01
9.029892e+14 2.472929e-27 2.233028e-12 1.495568e+01 -1.165111e+01
9.002775e+14 2.443755e-27 2.200057e-12 1.495438e+01 -1.165757e+01
8.975820e+14 2.534357e-27 2.274793e-12 1.495307e+01 -1.164306e+01
8.949027e+14 2.605088e-27 2.331300e-12 1.495178e+01 -1.163240e+01
8.922393e+14 2.425137e-27 2.163802e-12 1.495048e+01 -1.166478e+01
8.895917e+14 2.343254e-27 2.084539e-12 1.494919e+01 -1.168099e+01
8.869598e+14 2.540910e-27 2.253685e-12 1.494790e+01 -1.164711e+01
8.843434e+14 2.662593e-27 2.354647e-12 1.494662e+01 -1.162807e+01
8.817424e+14 2.752893e-27 2.427342e-12 1.494534e+01 -1.161487e+01
8.791566e+14 2.732120e-27 2.401962e-12 1.494407e+01 -1.161943e+01
8.765860e+14 2.768839e-27 2.427125e-12 1.494279e+01 -1.161491e+01
8.740303e+14 2.808965e-27 2.455120e-12 1.494153e+01 -1.160993e+01
8.714895e+14 2.487620e-27 2.167935e-12 1.494026e+01 -1.166395e+01
8.689635e+14 2.595709e-27 2.255577e-12 1.493900e+01 -1.164674e+01
8.664520e+14 2.805424e-27 2.430765e-12 1.493774e+01 -1.161426e+01
8.639550e+14 2.665259e-27 2.302664e-12 1.493649e+01 -1.163777e+01
8.614724e+14 2.665661e-27 2.296393e-12 1.493524e+01 -1.163895e+01
8.590040e+14 2.694995e-27 2.315011e-12 1.493400e+01 -1.163545e+01
8.565497e+14 2.978909e-27 2.551584e-12 1.493275e+01 -1.159319e+01
8.541094e+14 3.081959e-27 2.632330e-12 1.493151e+01 -1.157966e+01
8.516830e+14 2.900281e-27 2.470119e-12 1.493028e+01 -1.160728e+01
8.492703e+14 3.012577e-27 2.558492e-12 1.492905e+01 -1.159202e+01
8.468712e+14 3.413915e-27 2.891147e-12 1.492782e+01 -1.153893e+01
8.444856e+14 3.348597e-27 2.827842e-12 1.492659e+01 -1.154854e+01
8.421135e+14 3.027044e-27 2.549115e-12 1.492537e+01 -1.159361e+01
8.397546e+14 2.701714e-27 2.268777e-12 1.492415e+01 -1.164421e+01
8.374089e+14 2.416758e-27 2.023815e-12 1.492294e+01 -1.169383e+01
8.350763e+14 2.766235e-27 2.310018e-12 1.492173e+01 -1.163638e+01
8.327567e+14 3.184775e-27 2.652142e-12 1.492052e+01 -1.157640e+01
8.304499e+14 3.041274e-27 2.525625e-12 1.491931e+01 -1.159763e+01
8.281558e+14 3.270051e-27 2.708112e-12 1.491811e+01 -1.156733e+01
8.258744e+14 3.437180e-27 2.838679e-12 1.491691e+01 -1.154688e+01
8.236055e+14 3.472535e-27 2.859999e-12 1.491572e+01 -1.154363e+01
8.213490e+14 3.801251e-27 3.122153e-12 1.491453e+01 -1.150555e+01
8.191049e+14 4.374887e-27 3.583492e-12 1.491334e+01 -1.144569e+01
8.168730e+14 4.209591e-27 3.438701e-12 1.491215e+01 -1.146361e+01
8.146533e+14 3.923826e-27 3.196558e-12 1.491097e+01 -1.149532e+01
8.124455e+14 4.063091e-27 3.301040e-12 1.490979e+01 -1.148135e+01
8.102497e+14 4.221838e-27 3.420743e-12 1.490862e+01 -1.146588e+01
8.080658e+14 3.927250e-27 3.173477e-12 1.490745e+01 -1.149846e+01
8.058935e+14 3.752801e-27 3.024358e-12 1.490628e+01 -1.151937e+01
8.037330e+14 3.257889e-27 2.618473e-12 1.490511e+01 -1.158195e+01
8.015840e+14 3.061554e-27 2.454093e-12 1.490395e+01 -1.161011e+01
7.994464e+14 3.374932e-27 2.698077e-12 1.490279e+01 -1.156895e+01
7.973202e+14 3.735249e-27 2.978190e-12 1.490163e+01 -1.152605e+01
7.952053e+14 4.293926e-27 3.414552e-12 1.490048e+01 -1.146667e+01
7.931016e+14 4.836915e-27 3.836165e-12 1.489933e+01 -1.141610e+01
7.910090e+14 4.258373e-27 3.368411e-12 1.489818e+01 -1.147257e+01
7.889274e+14 4.186452e-27 3.302807e-12 1.489704e+01 -1.148112e+01
7.868567e+14 4.084094e-27 3.213597e-12 1.489590e+01 -1.149301e+01
7.847969e+14 3.420871e-27 2.684689e-12 1.489476e+01 -1.157111e+01
7.827478e+14 2.899588e-27 2.269646e-12 1.489362e+01 -1.164404e+01
7.807094e+14 3.257431e-27 2.543107e-12 1.489249e+01 -1.159464e+01
7.786816e+14 3.755103e-27 2.924030e-12 1.489136e+01 -1.153402e+01
7.766642e+14 3.739088e-27 2.904016e-12 1.489023e+01 -1.153700e+01
7.746574e+14 3.766427e-27 2.917690e-12 1.488911e+01 -1.153496e+01
7.726608e+14 3.736697e-27 2.887200e-12 1.488799e+01 -1.153952e+01
7.706746e+14 4.230663e-27 3.260464e-12 1.488687e+01 -1.148672e+01
7.686985e+14 4.718813e-27 3.627344e-12 1.488576e+01 -1.144041e+01
7.667325e+14 5.149667e-27 3.948417e-12 1.488464e+01 -1.140358e+01
7.647765e+14 4.700802e-27 3.595063e-12 1.488353e+01 -1.144429e+01
7.628305e+14 3.463773e-27 2.642272e-12 1.488243e+01 -1.157802e+01
7.608944e+14 3.780458e-27 2.876529e-12 1.488132e+01 -1.154113e+01
7.589681e+14 5.174227e-27 3.927073e-12 1.488022e+01 -1.140593e+01
7.570515e+14 4.413392e-27 3.341165e-12 1.487913e+01 -1.147610e+01
7.551446e+14 3.925987e-27 2.964687e-12 1.487803e+01 -1.152802e+01
7.532472e+14 6.062155e-27 4.566302e-12 1.487694e+01 -1.134044e+01
7.513594e+14 7.474090e-27 5.615728e-12 1.487585e+01 -1.125059e+01
7.494810e+14 8.038954e-27 6.025043e-12 1.487476e+01 -1.122004e+01
7.476120e+14 8.494100e-27 6.350291e-12 1.487368e+01 -1.119721e+01
7.457522e+14 8.732152e-27 6.512022e-12 1.487259e+01 -1.118628e+01
7.439017e+14 8.510156e-27 6.330720e-12 1.487152e+01 -1.119855e+01
7.420604e+14 8.282745e-27 6.146297e-12 1.487044e+01 -1.121139e+01
7.402281e+14 8.455693e-27 6.259142e-12 1.486937e+01 -1.120349e+01
7.384049e+14 8.095493e-27 5.977752e-12 1.486829e+01 -1.122346e+01
7.365907e+14 8.183725e-27 6.028055e-12 1.486723e+01 -1.121982e+01
7.347853e+14 8.737345e-27 6.420073e-12 1.486616e+01 -1.119246e+01
7.329888e+14 9.259149e-27 6.786852e-12 1.486510e+01 -1.116833e+01
7.312010e+14 8.517225e-27 6.227803e-12 1.486404e+01 -1.120567e+01
7.294219e+14 8.805109e-27 6.422640e-12 1.486298e+01 -1.119229e+01
7.276515e+14 9.108994e-27 6.628173e-12 1.486192e+01 -1.117861e+01
7.258896e+14 8.973909e-27 6.514067e-12 1.486087e+01 -1.118615e+01
7.241362e+14 8.505513e-27 6.159150e-12 1.485982e+01 -1.121048e+01
7.223913e+14 8.505562e-27 6.144344e-12 1.485877e+01 -1.121152e+01
7.206548e+14 8.928898e-27 6.434653e-12 1.485773e+01 -1.119147e+01
7.189266e+14 8.600033e-27 6.182793e-12 1.485668e+01 -1.120882e+01
7.172067e+14 8.644418e-27 6.199834e-12 1.485564e+01 -1.120762e+01
7.154950e+14 8.986784e-27 6.429999e-12 1.485461e+01 -1.119179e+01
7.137914e+14 8.886328e-27 6.342985e-12 1.485357e+01 -1.119771e+01
7.120960e+14 9.520704e-27 6.779655e-12 1.485254e+01 -1.116879e+01
7.104085e+14 8.897201e-27 6.320648e-12 1.485151e+01 -1.119924e+01
7.087291e+14 8.737040e-27 6.192194e-12 1.485048e+01 -1.120816e+01
7.070575e+14 9.826850e-27 6.948149e-12 1.484945e+01 -1.115813e+01
7.053939e+14 9.715248e-27 6.853076e-12 1.484843e+01 -1.116411e+01
7.037380e+14 9.812335e-27 6.905313e-12 1.484741e+01 -1.116082e+01
7.020899e+14 9.591010e-27 6.733752e-12 1.484639e+01 -1.117174e+01
7.004495e+14 9.618180e-27 6.737050e-12 1.484538e+01 -1.117153e+01
6.988168e+14 9.108626e-27 6.365261e-12 1.484436e+01 -1.119618e+01
6.971916e+14 8.330952e-27 5.808270e-12 1.484335e+01 -1.123595e+01
6.955740e+14 9.300447e-27 6.469149e-12 1.484234e+01 -1.118915e+01
6.939639e+14 1.089873e-26 7.563326e-12 1.484134e+01 -1.112129e+01
6.923612e+14 1.094925e-26 7.580834e-12 1.484033e+01 -1.112028e+01
6.907659e+14 1.157409e-26 7.994987e-12 1.483933e+01 -1.109718e+01
6.891779e+14 1.205554e-26 8.308409e-12 1.483833e+01 -1.108048e+01
6.875972e+14 1.272246e-26 8.747927e-12 1.483733e+01 -1.105809e+01
6.860238e+14 1.231514e-26 8.448481e-12 1.483634e+01 -1.107322e+01
6.844575e+14 1.104423e-26 7.559305e-12 1.483535e+01 -1.112152e+01
6.828984e+14 1.128374e-26 7.705650e-12 1.483436e+01 -1.111319e+01
6.813464e+14 1.177144e-26 8.020429e-12 1.483337e+01 -1.109580e+01
6.798014e+14 1.228041e-26 8.348240e-12 1.483238e+01 -1.107841e+01
6.782633e+14 1.331498e-26 9.031064e-12 1.483140e+01 -1.104426e+01
6.767323e+14 1.289668e-26 8.727600e-12 1.483042e+01 -1.105911e+01
6.752081e+14 1.324762e-26 8.944901e-12 1.482944e+01 -1.104842e+01
6.736908e+14 1.346310e-26 9.069963e-12 1.482846e+01 -1.104239e+01
6.721803e+14 1.260791e-26 8.474792e-12 1.482749e+01 -1.107187e+01
6.706765e+14 1.413878e-26 9.482545e-12 1.482651e+01 -1.102308e+01
6.691795e+14 1.500905e-26 1.004375e-11 1.482554e+01 -1.099810e+01
6.676891e+14 1.515629e-26 1.011969e-11 1.482457e+01 -1.099483e+01
6.662053e+14 1.544755e-26 1.029124e-11 1.482361e+01 -1.098753e+01
6.647282e+14 1.593146e-26 1.059009e-11 1.482264e+01 -1.097510e+01
6.632575e+14 1.478722e-26 9.807734e-12 1.482168e+01 -1.100843e+01
6.617934e+14 1.397509e-26 9.248619e-12 1.482072e+01 -1.103392e+01
6.603357e+14 1.509322e-26 9.966589e-12 1.481976e+01 -1.100145e+01
6.588844e+14 1.542320e-26 1.016211e-11 1.481881e+01 -1.099302e+01
6.574395e+14 1.617091e-26 1.063139e-11 1.481786e+01 -1.097341e+01
6.560009e+14 1.591157e-26 1.043801e-11 1.481690e+01 -1.098138e+01
6.545686e+14 1.603504e-26 1.049603e-11 1.481596e+01 -1.097897e+01
6.531425e+14 1.560994e-26 1.019551e-11 1.481501e+01 -1.099159e+01
6.517226e+14 1.604450e-26 1.045657e-11 1.481406e+01 -1.098061e+01
6.503089e+14 1.701573e-26 1.106548e-11 1.481312e+01 -1.095603e+01
6.489013e+14 1.745553e-26 1.132692e-11 1.481218e+01 -1.094589e+01
6.474998e+14 1.701026e-26 1.101414e-11 1.481124e+01 -1.095805e+01
6.461043e+14 1.625817e-26 1.050447e-11 1.481030e+01 -1.097863e+01
6.447148e+14 1.627100e-26 1.049016e-11 1.480937e+01 -1.097922e+01
6.433313e+14 1.671524e-26 1.075344e-11 1.480843e+01 -1.096845e+01
6.419537e+14 1.628408e-26 1.045363e-11 1.480750e+01 -1.098073e+01
6.405821e+14 1.693257e-26 1.084670e-11 1.480657e+01 -1.096470e+01
6.392162e+14 1.699335e-26 1.086242e-11 1.480565e+01 -1.096407e+01
6.378562e+14 1.669502e-26 1.064902e-11 1.480472e+01 -1.097269e+01
6.365019e+14 1.673477e-26 1.065171e-11 1.480380e+01 -1.097258e+01
6.351534e+14 1.765241e-26 1.121198e-11 1.480288e+01 -1.095032e+01
6.338106e+14 1.755529e-26 1.112673e-11 1.480196e+01 -1.095363e+01
6.324734e+14 1.827879e-26 1.156085e-11 1.480104e+01 -1.093701e+01
6.311419e+14 1.860920e-26 1.174505e-11 1.480013e+01 -1.093015e+01
6.298160e+14 1.784675e-26 1.124017e-11 1.479921e+01 -1.094923e+01
6.284956e+14 1.783939e-26 1.121198e-11 1.479830e+01 -1.095032e+01
6.271808e+14 1.846948e-26 1.158370e-11 1.479739e+01 -1.093615e+01
6.258714e+14 1.871714e-26 1.171452e-11 1.479649e+01 -1.093128e+01
6.245675e+14 1.921070e-26 1.199838e-11 1.479558e+01 -1.092088e+01
6.232690e+14 1.888195e-26 1.176853e-11 1.479468e+01 -1.092928e+01
6.219759e+14 1.923768e-26 1.196537e-11 1.479377e+01 -1.092207e+01
6.206882e+14 1.928667e-26 1.197101e-11 1.479287e+01 -1.092187e+01
6.194058e+14 1.897332e-26 1.175218e-11 1.479198e+01 -1.092988e+01
6.181287e+14 1.825365e-26 1.128310e-11 1.479108e+01 -1.094757e+01
6.168568e+14 1.723118e-26 1.062917e-11 1.479018e+01 -1.097350e+01
6.155901e+14 1.814883e-26 1.117224e-11 1.478929e+01 -1.095186e+01
6.143287e+14 1.839389e-26 1.129989e-11 1.478840e+01 -1.094693e+01
6.130724e+14 1.868910e-26 1.145777e-11 1.478751e+01 -1.094090e+01
6.118212e+14 1.983490e-26 1.213541e-11 1.478662e+01 -1.091595e+01
6.105752e+14 1.926834e-26 1.176477e-11 1.478574e+01 -1.092942e+01
6.093341e+14 1.903889e-26 1.160105e-11 1.478486e+01 -1.093550e+01
6.080982e+14 1.967261e-26 1.196288e-11 1.478397e+01 -1.092216e+01
6.068672e+14 2.018809e-26 1.225149e-11 1.478309e+01 -1.091181e+01
6.056412e+14 2.039765e-26 1.235366e-11 1.478222e+01 -1.090820e+01
6.044202e+14 1.925625e-26 1.163887e-11 1.478134e+01 -1.093409e+01
6.032040e+14 1.954133e-26 1.178741e-11 1.478046e+01 -1.092858e+01
6.019928e+14 1.966387e-26 1.183751e-11 1.477959e+01 -1.092674e+01
6.007864e+14 1.894423e-26 1.138144e-11 1.477872e+01 -1.094380e+01
5.995848e+14 1.888548e-26 1.132345e-11 1.477785e+01 -1.094602e+01
5.983880e+14 1.769244e-26 1.058694e-11 1.477698e+01 -1.097523e+01
5.971960e+14 1.847126e-26 1.103096e-11 1.477612e+01 -1.095739e+01
5.960087e+14 1.949509e-26 1.161924e-11 1.477525e+01 -1.093482e+01
5.948262e+14 1.910581e-26 1.136463e-11 1.477439e+01 -1.094444e+01
5.936483e+14 1.952874e-26 1.159320e-11 1.477353e+01 -1.093580e+01
5.924751e+14 2.087990e-26 1.237082e-11 1.477267e+01 -1.090760e+01
5.913065e+14 1.971780e-26 1.165926e-11 1.477181e+01 -1.093333e+01
5.901425e+14 1.911611e-26 1.128123e-11 1.477096e+01 -1.094764e+01
5.889831e+14 1.941809e-26 1.143693e-11 1.477010e+01 -1.094169e+01
5.878282e+14 1.923705e-26 1.130808e-11 1.476925e+01 -1.094661e+01
5.866779e+14 1.997247e-26 1.171741e-11 1.476840e+01 -1.093117e+01
5.855320e+14 1.981676e-26 1.160335e-11 1.476755e+01 -1.093542e+01
5.843906e+14 1.932451e-26 1.129306e-11 1.476670e+01 -1.094719e+01
5.832537e+14 1.950964e-26 1.137907e-11 1.476586e+01 -1.094389e+01
5.821212e+14 1.896926e-26 1.104241e-11 1.476501e+01 -1.095694e+01
5.809930e+14 1.852304e-26 1.076176e-11 1.476417e+01 -1.096812e+01
5.798692e+14 1.733840e-26 1.005401e-11 1.476333e+01 -1.099766e+01
5.787498e+14 1.719926e-26 9.954069e-12 1.476249e+01 -1.100200e+01
5.776347e+14 1.866765e-26 1.078308e-11 1.476165e+01 -1.096726e+01
5.765238e+14 1.946363e-26 1.122125e-11 1.476082e+01 -1.094996e+01
5.754173e+14 1.969447e-26 1.133254e-11 1.475998e+01 -1.094567e+01
5.743149e+14 2.089216e-26 1.199868e-11 1.475915e+01 -1.092087e+01
5.732168e+14 2.107863e-26 1.208263e-11 1.475832e+01 -1.091784e+01
5.721229e+14 2.233604e-26 1.277896e-11 1.475749e+01 -1.089350e+01
5.710331e+14 2.158112e-26 1.232354e-11 1.475666e+01 -1.090926e+01
5.699475e+14 2.132359e-26 1.215333e-11 1.475583e+01 -1.091530e+01
5.688660e+14 1.971386e-26 1.121455e-11 1.475501e+01 -1.095022e+01
5.677886e+14 2.275226e-26 1.291847e-11 1.475419e+01 -1.088879e+01
5.667153e+14 2.331082e-26 1.321060e-11 1.475336e+01 -1.087908e+01
5.656460e+14 2.400219e-26 1.357675e-11 1.475254e+01 -1.086720e+01
5.645808e+14 2.480293e-26 1.400326e-11 1.475173e+01 -1.085377e+01
5.635195e+14 2.318332e-26 1.306426e-11 1.475091e+01 -1.088392e+01
5.624623e+14 2.222627e-26 1.250144e-11 1.475009e+01 -1.090304e+01
5.614090e+14 2.334284e-26 1.310488e-11 1.474928e+01 -1.088257e+01
5.603596e+14 2.412082e-26 1.351633e-11 1.474847e+01 -1.086914e+01
5.593142e+14 2.526715e-26 1.413228e-11 1.474766e+01 -1.084979e+01
5.582726e+14 2.363899e-26 1.319700e-11 1.474685e+01 -1.087952e+01
5.572349e+14 2.465297e-26 1.373750e-11 1.474604e+01 -1.086209e+01
5.562011e+14 2.413886e-26 1.342606e-11 1.474523e+01 -1.087205e+01
5.551711e+14 2.305870e-26 1.280152e-11 1.474443e+01 -1.089274e+01
5.541449e+14 2.359677e-26 1.307603e-11 1.474362e+01 -1.088352e+01
5.531225e+14 2.477691e-26 1.370467e-11 1.474282e+01 -1.086313e+01
5.521039e+14 2.454796e-26 1.355303e-11 1.474202e+01 -1.086796e+01
5.510890e+14 2.525560e-26 1.391808e-11 1.474122e+01 -1.085642e+01
5.500778e+14 2.473963e-26 1.360872e-11 1.474042e+01 -1.086618e+01
5.490703e+14 2.467771e-26 1.354980e-11 1.473963e+01 -1.086807e+01
5.480665e+14 2.459633e-26 1.348043e-11 1.473883e+01 -1.087030e+01
5.470664e+14 2.428831e-26 1.328732e-11 1.473804e+01 -1.087656e+01
5.460699e+14 2.523461e-26 1.377986e-11 1.473725e+01 -1.086076e+01
5.450771e+14 2.542820e-26 1.386033e-11 1.473646e+01 -1.085823e+01
5.440878e+14 2.473203e-26 1.345640e-11 1.473567e+01 -1.087107e+01
5.431022e+14 2.602272e-26 1.413300e-11 1.473488e+01 -1.084977e+01
5.421201e+14 2.597658e-26 1.408242e-11 1.473410e+01 -1.085132e+01
5.411415e+14 2.669437e-26 1.444543e-11 1.473331e+01 -1.084027e+01
5.401665e+14 2.669557e-26 1.442005e-11 1.473253e+01 -1.084103e+01
5.391950e+14 2.667166e-26 1.438123e-11 1.473175e+01 -1.084220e+01
5.382269e+14 2.597815e-26 1.398214e-11 1.473097e+01 -1.085443e+01
5.372624e+14 2.625585e-26 1.410628e-11 1.473019e+01 -1.085059e+01
5.363013e+14 2.529526e-26 1.356588e-11 1.472941e+01 -1.086755e+01
5.353436e+14 2.558259e-26 1.369548e-11 1.472863e+01 -1.086342e+01
5.343893e+14 2.646384e-26 1.414199e-11 1.472786e+01 -1.084949e+01
5.334384e+14 2.680108e-26 1.429673e-11 1.472708e+01 -1.084476e+01
5.324909e+14 2.651563e-26 1.411933e-11 1.472631e+01 -1.085019e+01
5.315468e+14 2.689380e-26 1.429531e-11 1.472554e+01 -1.084481e+01
5.306060e+14 2.767470e-26 1.468436e-11 1.472477e+01 -1.083314e+01
5.296686e+14 2.721509e-26 1.441497e-11 1.472400e+01 -1.084119e+01
5.287344e+14 2.721191e-26 1.438787e-11 1.472324e+01 -1.084200e+01
5.278035e+14 2.805489e-26 1.480747e-11 1.472247e+01 -1.082952e+01
5.268759e+14 2.851709e-26 1.502497e-11 1.472171e+01 -1.082319e+01
5.259516e+14 2.820113e-26 1.483243e-11 1.472095e+01 -1.082879e+01
5.250305e+14 2.762313e-26 1.450299e-11 1.472018e+01 -1.083854e+01
5.241126e+14 2.858442e-26 1.498145e-11 1.471942e+01 -1.082445e+01
5.231979e+14 2.941846e-26 1.539168e-11 1.471867e+01 -1.081271e+01
5.222864e+14 2.963769e-26 1.547936e-11 1.471791e+01 -1.081025e+01
5.213781e+14 2.968261e-26 1.547586e-11 1.471715e+01 -1.081035e+01
5.204729e+14 2.931688e-26 1.525864e-11 1.471640e+01 -1.081648e+01
5.195709e+14 2.927461e-26 1.521023e-11 1.471564e+01 -1.081786e+01
5.186720e+14 2.893040e-26 1.500539e-11 1.471489e+01 -1.082375e+01
5.177762e+14 2.946309e-26 1.525529e-11 1.471414e+01 -1.081658e+01
5.168834e+14 3.020108e-26 1.561044e-11 1.471339e+01 -1.080658e+01
5.159938e+14 2.991754e-26 1.543727e-11 1.471264e+01 -1.081143e+01
5.151072e+14 3.064916e-26 1.578761e-11 1.471190e+01 -1.080168e+01
5.142237e+14 3.090475e-26 1.589195e-11 1.471115e+01 -1.079882e+01
5.133432e+14 3.055881e-26 1.568715e-11 1.471041e+01 -1.080446e+01
5.124656e+14 3.072403e-26 1.574501e-11 1.470966e+01 -1.080286e+01
5.115911e+14 2.966700e-26 1.517737e-11 1.470892e+01 -1.081880e+01
5.107196e+14 2.908023e-26 1.485184e-11 1.470818e+01 -1.082822e+01
5.098510e+14 2.821092e-26 1.438337e-11 1.470744e+01 -1.084214e+01
5.089854e+14 2.851848e-26 1.451549e-11 1.470671e+01 -1.083817e+01
5.081227e+14 2.813247e-26 1.429475e-11 1.470597e+01 -1.084482e+01
5.072629e+14 2.874952e-26 1.458356e-11 1.470523e+01 -1.083614e+01
5.064061e+14 2.994626e-26 1.516497e-11 1.470450e+01 -1.081916e+01
5.055521e+14 2.986729e-26 1.509947e-11 1.470377e+01 -1.082104e+01
5.047010e+14 3.070391e-26 1.549629e-11 1.470303e+01 -1.080977e+01
5.038528e+14 3.038193e-26 1.530802e-11 1.470230e+01 -1.081508e+01
5.030074e+14 3.082627e-26 1.550584e-11 1.470157e+01 -1.080950e+01
5.021648e+14 3.085421e-26 1.549390e-11 1.470085e+01 -1.080984e+01
5.013251e+14 3.135897e-26 1.572104e-11 1.470012e+01 -1.080352e+01
5.004881e+14 3.132761e-26 1.567910e-11 1.469939e+01 -1.080468e+01
4.996540e+14 3.112055e-26 1.554951e-11 1.469867e+01 -1.080828e+01
4.988226e+14 3.108075e-26 1.550378e-11 1.469795e+01 -1.080956e+01
4.979940e+14 3.185035e-26 1.586128e-11 1.469722e+01 -1.079966e+01
4.971682e+14 3.199480e-26 1.590680e-11 1.469650e+01 -1.079842e+01
4.963450e+14 3.223640e-26 1.600038e-11 1.469578e+01 -1.079587e+01
4.955246e+14 3.266667e-26 1.618714e-11 1.469507e+01 -1.079083e+01
4.947069e+14 3.261250e-26 1.613363e-11 1.469435e+01 -1.079227e+01
4.938919e+14 3.314346e-26 1.636929e-11 1.469363e+01 -1.078597e+01
4.930796e+14 3.312210e-26 1.633183e-11 1.469292e+01 -1.078697e+01
4.922700e+14 3.287065e-26 1.618123e-11 1.469220e+01 -1.079099e+01
4.914630e+14 3.276168e-26 1.610115e-11 1.469149e+01 -1.079314e+01
4.906586e+14 3.305391e-26 1.621819e-11 1.469078e+01 -1.079000e+01
4.898569e+14 3.276173e-26 1.604856e-11 1.469007e+01 -1.079456e+01
4.890577e+14 3.279916e-26 1.604068e-11 1.468936e+01 -1.079478e+01
4.882612e+14 3.273969e-26 1.598552e-11 1.468865e+01 -1.079627e+01
4.874673e+14 3.260245e-26 1.589263e-11 1.468795e+01 -1.079880e+01
4.866760e+14 3.166577e-26 1.541097e-11 1.468724e+01 -1.081217e+01
4.858872e+14 3.141882e-26 1.526600e-11 1.468654e+01 -1.081627e+01
4.851010e+14 3.146675e-26 1.526455e-11 1.468583e+01 -1.081632e+01
4.843173e+14 3.154836e-26 1.527941e-11 1.468513e+01 -1.081589e+01
4.835361e+14 3.225498e-26 1.559645e-11 1.468443e+01 -1.080697e+01
4.827575e+14 3.202176e-26 1.545874e-11 1.468373e+01 -1.081083e+01
4.819814e+14 3.122245e-26 1.504864e-11 1.468303e+01 -1.082250e+01
4.812077e+14 3.116516e-26 1.499691e-11 1.468233e+01 -1.082400e+01
4.804365e+14 3.126529e-26 1.502099e-11 1.468164e+01 -1.082330e+01
4.796678e+14 3.144842e-26 1.508479e-11 1.468094e+01 -1.082146e+01
4.789016e+14 3.123749e-26 1.495968e-11 1.468025e+01 -1.082508e+01
4.781378e+14 3.213982e-26 1.536726e-11 1.467955e+01 -1.081340e+01
4.773764e+14 3.264667e-26 1.558475e-11 1.467886e+01 -1.080730e+01
4.766175e+14 3.298845e-26 1.572287e-11 1.467817e+01 -1.080347e+01
4.758610e+14 3.344063e-26 1.591309e-11 1.467748e+01 -1.079825e+01
4.751068e+14 3.375798e-26 1.603865e-11 1.467679e+01 -1.079483e+01
4.743551e+14 3.372741e-26 1.599877e-11 1.467610e+01 -1.079591e+01
4.736057e+14 3.394045e-26 1.607439e-11 1.467542e+01 -1.079387e+01
4.728587e+14 3.410105e-26 1.612498e-11 1.467473e+01 -1.079250e+01
4.721140e+14 3.444743e-26 1.626311e-11 1.467405e+01 -1.078880e+01
4.713717e+14 3.486697e-26 1.643530e-11 1.467336e+01 -1.078422e+01
4.706317e+14 3.513088e-26 1.653371e-11 1.467268e+01 -1.078163e+01
4.698940e+14 3.570165e-26 1.677599e-11 1.467200e+01 -1.077531e+01
4.691587e+14 3.521833e-26 1.652298e-11 1.467132e+01 -1.078191e+01
4.684256e+14 3.557114e-26 1.666243e-11 1.467064e+01 -1.077826e+01
4.676949e+14 3.578405e-26 1.673602e-11 1.466996e+01 -1.077635e+01
4.669664e+14 3.569183e-26 1.666689e-11 1.466929e+01 -1.077815e+01
4.662401e+14 3.601135e-26 1.678994e-11 1.466861e+01 -1.077495e+01
4.655161e+14 3.651191e-26 1.699688e-11 1.466793e+01 -1.076963e+01
4.647944e+14 3.647099e-26 1.695151e-11 1.466726e+01 -1.077079e+01
4.640749e+14 3.662105e-26 1.699491e-11 1.466659e+01 -1.076968e+01
4.633577e+14 3.683808e-26 1.706921e-11 1.466592e+01 -1.076779e+01
4.626426e+14 3.694462e-26 1.709216e-11 1.466525e+01 -1.076720e+01
4.619297e+14 3.641485e-26 1.682110e-11 1.466458e+01 -1.077415e+01
4.612191e+14 3.668022e-26 1.691762e-11 1.466391e+01 -1.077166e+01
4.605106e+14 3.771066e-26 1.736616e-11 1.466324e+01 -1.076030e+01
4.598043e+14 3.793930e-26 1.744465e-11 1.466257e+01 -1.075834e+01
4.591002e+14 3.843255e-26 1.764439e-11 1.466191e+01 -1.075339e+01
4.583982e+14 3.832359e-26 1.756746e-11 1.466124e+01 -1.075529e+01
4.576983e+14 3.764855e-26 1.723168e-11 1.466058e+01 -1.076367e+01
4.570006e+14 3.642128e-26 1.664455e-11 1.465992e+01 -1.077873e+01
4.563050e+14 3.706258e-26 1.691184e-11 1.465926e+01 -1.077181e+01
4.556116e+14 3.754660e-26 1.710666e-11 1.465859e+01 -1.076683e+01
4.549202e+14 3.741137e-26 1.701919e-11 1.465794e+01 -1.076906e+01
4.542309e+14 3.799459e-26 1.725832e-11 1.465728e+01 -1.076300e+01
4.535437e+14 3.827969e-26 1.736151e-11 1.465662e+01 -1.076041e+01
4.528586e+14 3.787281e-26 1.715103e-11 1.465596e+01 -1.076571e+01
4.521756e+14 3.724544e-26 1.684148e-11 1.465531e+01 -1.077362e+01
4.514946e+14 3.812927e-26 1.721516e-11 1.465465e+01 -1.076409e+01
4.508156e+14 3.754864e-26 1.692751e-11 1.465400e+01 -1.077141e+01
4.501387e+14 3.746568e-26 1.686475e-11 1.465335e+01 -1.077302e+01
4.494639e+14 3.736992e-26 1.679643e-11 1.465269e+01 -1.077478e+01
4.487910e+14 3.712325e-26 1.666058e-11 1.465204e+01 -1.077831e+01
4.481202e+14 3.772487e-26 1.690528e-11 1.465139e+01 -1.077198e+01
4.474513e+14 3.742521e-26 1.674596e-11 1.465075e+01 -1.077609e+01
4.467845e+14 3.749722e-26 1.675318e-11 1.465010e+01 -1.077590e+01
4.461196e+14 3.727787e-26 1.663039e-11 1.464945e+01 -1.077910e+01
4.454568e+14 3.772509e-26 1.680490e-11 1.464881e+01 -1.077456e+01
4.447958e+14 3.774897e-26 1.679059e-11 1.464816e+01 -1.077493e+01
4.441369e+14 3.790938e-26 1.683696e-11 1.464752e+01 -1.077374e+01
4.434799e+14 3.798949e-26 1.684757e-11 1.464687e+01 -1.077346e+01
4.428248e+14 3.879451e-26 1.717917e-11 1.464623e+01 -1.076500e+01
4.421717e+14 3.873047e-26 1.712552e-11 1.464559e+01 -1.076636e+01
4.415205e+14 3.835186e-26 1.693313e-11 1.464495e+01 -1.077126e+01
4.408712e+14 3.846491e-26 1.695807e-11 1.464431e+01 -1.077062e+01
4.402238e+14 3.891416e-26 1.713094e-11 1.464367e+01 -1.076622e+01
4.395783e+14 3.948063e-26 1.735483e-11 1.464304e+01 -1.076058e+01
4.389347e+14 3.931619e-26 1.725724e-11 1.464240e+01 -1.076303e+01
4.382930e+14 4.002259e-26 1.754162e-11 1.464176e+01 -1.075593e+01
4.376531e+14 3.955508e-26 1.731140e-11 1.464113e+01 -1.076167e+01
4.370152e+14 3.856453e-26 1.685328e-11 1.464050e+01 -1.077332e+01
4.363790e+14 3.916082e-26 1.708896e-11 1.463986e+01 -1.076728e+01
4.357448e+14 3.945894e-26 1.719403e-11 1.463923e+01 -1.076462e+01
4.351123e+14 3.950662e-26 1.718982e-11 1.463860e+01 -1.076473e+01
4.344817e+14 4.053850e-26 1.761324e-11 1.463797e+01 -1.075416e+01
4.338530e+14 3.996414e-26 1.733856e-11 1.463734e+01 -1.076099e+01
4.332260e+14 4.010105e-26 1.737282e-11 1.463671e+01 -1.076013e+01
4.326009e+14 4.056077e-26 1.754663e-11 1.463609e+01 -1.075581e+01
4.319775e+14 4.093327e-26 1.768225e-11 1.463546e+01 -1.075246e+01
4.313560e+14 4.088913e-26 1.763777e-11 1.463484e+01 -1.075356e+01
4.307362e+14 4.139640e-26 1.783093e-11 1.463421e+01 -1.074883e+01
4.301182e+14 4.125358e-26 1.774392e-11 1.463359e+01 -1.075095e+01
4.295020e+14 4.059282e-26 1.743470e-11 1.463297e+01 -1.075859e+01
4.288876e+14 4.060559e-26 1.741523e-11 1.463234e+01 -1.075907e+01
4.282749e+14 4.163545e-26 1.783142e-11 1.463172e+01 -1.074881e+01
4.276639e+14 4.171541e-26 1.784018e-11 1.463110e+01 -1.074860e+01
4.270547e+14 4.142518e-26 1.769082e-11 1.463048e+01 -1.075225e+01
4.264472e+14 4.276168e-26 1.823560e-11 1.462987e+01 -1.073908e+01
4.258415e+14 4.290532e-26 1.827086e-11 1.462925e+01 -1.073824e+01
4.252374e+14 4.337426e-26 1.844436e-11 1.462863e+01 -1.073414e+01
4.246351e+14 4.147139e-26 1.761021e-11 1.462802e+01 -1.075424e+01
4.240345e+14 4.137253e-26 1.754338e-11 1.462740e+01 -1.075589e+01
4.234356e+14 4.228693e-26 1.790579e-11 1.462679e+01 -1.074701e+01
4.228384e+14 4.096286e-26 1.732067e-11 1.462617e+01 -1.076144e+01
4.222428e+14 4.082905e-26 1.723977e-11 1.462556e+01 -1.076347e+01
4.216489e+14 4.133723e-26 1.742980e-11 1.462495e+01 -1.075871e+01
4.210567e+14 4.124754e-26 1.736755e-11 1.462434e+01 -1.076026e+01
4.204662e+14 3.979124e-26 1.673087e-11 1.462373e+01 -1.077648e+01
4.198773e+14 3.901100e-26 1.637983e-11 1.462312e+01 -1.078569e+01
4.192901e+14 3.987475e-26 1.671908e-11 1.462251e+01 -1.077679e+01
4.187045e+14 4.158092e-26 1.741012e-11 1.462191e+01 -1.075920e+01
4.181205e+14 4.109298e-26 1.718182e-11 1.462130e+01 -1.076493e+01
4.175382e+14 4.113480e-26 1.717535e-11 1.462070e+01 -1.076509e+01
4.169574e+14 4.053684e-26 1.690214e-11 1.462009e+01 -1.077206e+01
4.163783e+14 4.053974e-26 1.687987e-11 1.461949e+01 -1.077263e+01
4.158008e+14 4.056515e-26 1.686702e-11 1.461889e+01 -1.077296e+01
4.152249e+14 4.177865e-26 1.734754e-11 1.461828e+01 -1.076076e+01
4.146506e+14 4.198222e-26 1.740795e-11 1.461768e+01 -1.075925e+01
4.140779e+14 4.238098e-26 1.754903e-11 1.461708e+01 -1.075575e+01
4.135068e+14 4.127660e-26 1.706815e-11 1.461648e+01 -1.076781e+01
4.129372e+14 4.200532e-26 1.734556e-11 1.461588e+01 -1.076081e+01
4.123692e+14 4.288237e-26 1.768337e-11 1.461529e+01 -1.075243e+01
4.118027e+14 4.234479e-26 1.743770e-11 1.461469e+01 -1.075851e+01
4.112379e+14 4.315151e-26 1.774554e-11 1.461409e+01 -1.075091e+01
4.106745e+14 4.323231e-26 1.775441e-11 1.461350e+01 -1.075069e+01
4.101127e+14 4.436602e-26 1.819507e-11 1.461290e+01 -1.074005e+01
4.095525e+14 4.408030e-26 1.805320e-11 1.461231e+01 -1.074345e+01
4.089937e+14 4.484651e-26 1.834194e-11 1.461172e+01 -1.073655e+01
4.084365e+14 4.482613e-26 1.830863e-11 1.461112e+01 -1.073734e+01
4.078808e+14 4.417981e-26 1.802010e-11 1.461053e+01 -1.074424e+01
4.073266e+14 4.444370e-26 1.810310e-11 1.460994e+01 -1.074225e+01
4.067739e+14 4.493893e-26 1.827999e-11 1.460935e+01 -1.073802e+01
4.062228e+14 4.610531e-26 1.872903e-11 1.460876e+01 -1.072748e+01
4.056731e+14 4.588289e-26 1.861345e-11 1.460818e+01 -1.073017e+01
4.051249e+14 4.630715e-26 1.876018e-11 1.460759e+01 -1.072676e+01
4.045781e+14 4.674291e-26 1.891116e-11 1.460700e+01 -1.072328e+01
4.040329e+14 4.847947e-26 1.958730e-11 1.460642e+01 -1.070803e+01
4.034891e+14 4.774193e-26 1.926335e-11 1.460583e+01 -1.071527e+01
4.029468e+14 4.719064e-26 1.901532e-11 1.460525e+01 -1.072090e+01
4.024059e+14 4.771974e-26 1.920271e-11 1.460466e+01 -1.071664e+01
4.018665e+14 4.694802e-26 1.886684e-11 1.460408e+01 -1.072430e+01
4.013285e+14 4.847431e-26 1.945412e-11 1.460350e+01 -1.071099e+01
4.007920e+14 4.930128e-26 1.975956e-11 1.460292e+01 -1.070422e+01
4.002569e+14 4.852106e-26 1.942089e-11 1.460234e+01 -1.071173e+01
3.997232e+14 4.859107e-26 1.942298e-11 1.460176e+01 -1.071168e+01
3.991909e+14 5.008627e-26 1.999398e-11 1.460118e+01 -1.069910e+01
3.986601e+14 5.001986e-26 1.994092e-11 1.460060e+01 -1.070025e+01
3.981307e+14 4.908078e-26 1.954056e-11 1.460003e+01 -1.070906e+01
3.976027e+14 5.053746e-26 2.009383e-11 1.459945e+01 -1.069694e+01
3.970760e+14 5.092345e-26 2.022048e-11 1.459887e+01 -1.069421e+01
3.965508e+14 5.120994e-26 2.030734e-11 1.459830e+01 -1.069235e+01
3.960269e+14 5.060115e-26 2.003942e-11 1.459772e+01 -1.069811e+01
3.955045e+14 4.827763e-26 1.909402e-11 1.459715e+01 -1.071910e+01
3.949834e+14 4.616530e-26 1.823453e-11 1.459658e+01 -1.073911e+01
3.944637e+14 4.390352e-26 1.731834e-11 1.459601e+01 -1.076149e+01
3.939453e+14 4.537010e-26 1.787334e-11 1.459544e+01 -1.074779e+01
3.934283e+14 4.874746e-26 1.917863e-11 1.459487e+01 -1.071718e+01
3.929127e+14 4.728592e-26 1.857924e-11 1.459430e+01 -1.073097e+01
3.923984e+14 4.747184e-26 1.862787e-11 1.459373e+01 -1.072984e+01
3.918855e+14 4.838739e-26 1.896232e-11 1.459316e+01 -1.072211e+01
3.913739e+14 4.704150e-26 1.841082e-11 1.459259e+01 -1.073493e+01
3.908636e+14 4.720599e-26 1.845110e-11 1.459203e+01 -1.073398e+01
3.903547e+14 4.640666e-26 1.811506e-11 1.459146e+01 -1.074196e+01
3.898471e+14 4.643876e-26 1.810401e-11 1.459089e+01 -1.074223e+01
3.893408e+14 4.680061e-26 1.822139e-11 1.459033e+01 -1.073942e+01
3.888358e+14 4.734772e-26 1.841049e-11 1.458977e+01 -1.073493e+01
3.883321e+14 4.798145e-26 1.863274e-11 1.458920e+01 -1.072972e+01
3.878298e+14 4.869191e-26 1.888417e-11 1.458864e+01 -1.072390e+01
3.873287e+14 4.954850e-26 1.919155e-11 1.458808e+01 -1.071689e+01
3.868289e+14 4.845593e-26 1.874415e-11 1.458752e+01 -1.072713e+01
3.863304e+14 4.920894e-26 1.901091e-11 1.458696e+01 -1.072100e+01
3.858332e+14 4.992267e-26 1.926182e-11 1.458640e+01 -1.071530e+01
3.853373e+14 4.863925e-26 1.874252e-11 1.458584e+01 -1.072717e+01
3.848426e+14 5.018536e-26 1.931347e-11 1.458528e+01 -1.071414e+01
3.843492e+14 5.032504e-26 1.934239e-11 1.458473e+01 -1.071349e+01
3.838571e+14 5.051345e-26 1.938995e-11 1.458417e+01 -1.071242e+01
3.833662e+14 4.976750e-26 1.907918e-11 1.458361e+01 -1.071944e+01
3.828766e+14 4.906058e-26 1.878415e-11 1.458306e+01 -1.072621e+01
3.823883e+14 4.859396e-26 1.858176e-11 1.458250e+01 -1.073091e+01
3.819011e+14 4.901204e-26 1.871775e-11 1.458195e+01 -1.072775e+01
3.814153e+14 4.874940e-26 1.859377e-11 1.458140e+01 -1.073063e+01
3.809306e+14 5.047163e-26 1.922619e-11 1.458085e+01 -1.071611e+01
3.804472e+14 4.918984e-26 1.871414e-11 1.458029e+01 -1.072783e+01
3.799650e+14 4.985935e-26 1.894481e-11 1.457974e+01 -1.072251e+01
3.794841e+14 4.763101e-26 1.807521e-11 1.457919e+01 -1.074292e+01
3.790043e+14 4.810551e-26 1.823220e-11 1.457864e+01 -1.073916e+01
3.785258e+14 4.821614e-26 1.825105e-11 1.457810e+01 -1.073871e+01
3.780484e+14 4.976049e-26 1.881188e-11 1.457755e+01 -1.072557e+01
3.775723e+14 4.780818e-26 1.805105e-11 1.457700e+01 -1.074350e+01
3.770974e+14 4.849833e-26 1.828859e-11 1.457645e+01 -1.073782e+01
3.766236e+14 4.994734e-26 1.881135e-11 1.457591e+01 -1.072558e+01
3.761511e+14 5.098221e-26 1.917701e-11 1.457536e+01 -1.071722e+01
3.756797e+14 5.025492e-26 1.887975e-11 1.457482e+01 -1.072400e+01
3.752095e+14 4.978299e-26 1.867905e-11 1.457427e+01 -1.072865e+01
3.747405e+14 5.077294e-26 1.902668e-11 1.457373e+01 -1.072064e+01
3.742727e+14 5.147823e-26 1.926689e-11 1.457319e+01 -1.071519e+01
3.738060e+14 5.132267e-26 1.918472e-11 1.457265e+01 -1.071704e+01
3.733405e+14 5.109747e-26 1.907675e-11 1.457211e+01 -1.071950e+01
3.728761e+14 5.140189e-26 1.916654e-11 1.457156e+01 -1.071746e+01
3.724129e+14 5.000667e-26 1.862313e-11 1.457102e+01 -1.072995e+01
3.719509e+14 5.236975e-26 1.947897e-11 1.457049e+01 -1.071043e+01
3.714900e+14 5.194158e-26 1.929577e-11 1.456995e+01 -1.071454e+01
3.710302e+14 5.198962e-26 1.928972e-11 1.456941e+01 -1.071467e+01
3.705716e+14 5.239020e-26 1.941432e-11 1.456887e+01 -1.071188e+01
3.701141e+14 5.154581e-26 1.907783e-11 1.456834e+01 -1.071947e+01
3.696577e+14 5.243451e-26 1.938282e-11 1.456780e+01 -1.071258e+01
3.692025e+14 5.273286e-26 1.946910e-11 1.456726e+01 -1.071065e+01
3.687483e+14 5.317237e-26 1.960722e-11 1.456673e+01 -1.070758e+01
3.682953e+14 5.457963e-26 2.010142e-11 1.456620e+01 -1.069677e+01
3.678434e+14 5.338148e-26 1.963603e-11 1.456566e+01 -1.070695e+01
3.673926e+14 5.434805e-26 1.996707e-11 1.456513e+01 -1.069969e+01
3.669430e+14 5.362611e-26 1.967772e-11 1.456460e+01 -1.070603e+01
3.664944e+14 5.393484e-26 1.976682e-11 1.456407e+01 -1.070406e+01
3.660469e+14 5.645540e-26 2.066532e-11 1.456354e+01 -1.068476e+01
3.656005e+14 5.555952e-26 2.031259e-11 1.456301e+01 -1.069223e+01
3.651552e+14 5.437287e-26 1.985453e-11 1.456248e+01 -1.070214e+01
3.647109e+14 5.507261e-26 2.008558e-11 1.456195e+01 -1.069712e+01
3.642678e+14 5.447650e-26 1.984404e-11 1.456142e+01 -1.070237e+01
3.638257e+14 5.553892e-26 2.020649e-11 1.456089e+01 -1.069451e+01
3.633847e+14 5.590234e-26 2.031406e-11 1.456037e+01 -1.069220e+01
3.629448e+14 5.592340e-26 2.029711e-11 1.455984e+01 -1.069257e+01
3.625059e+14 5.651215e-26 2.048599e-11 1.455932e+01 -1.068854e+01
3.620681e+14 5.775146e-26 2.090996e-11 1.455879e+01 -1.067965e+01
3.616314e+14 5.404095e-26 1.954290e-11 1.455827e+01 -1.070901e+01
3.611957e+14 5.455491e-26 1.970500e-11 1.455774e+01 -1.070542e+01
3.607610e+14 5.331349e-26 1.923343e-11 1.455722e+01 -1.071594e+01
3.603274e+14 5.342353e-26 1.924996e-11 1.455670e+01 -1.071557e+01
3.598948e+14 5.646446e-26 2.032127e-11 1.455618e+01 -1.069205e+01
3.594633e+14 5.322586e-26 1.913274e-11 1.455565e+01 -1.071822e+01
3.590328e+14 5.520802e-26 1.982149e-11 1.455513e+01 -1.070286e+01
3.586033e+14 5.458690e-26 1.957504e-11 1.455461e+01 -1.070830e+01
3.581749e+14 5.703280e-26 2.042772e-11 1.455410e+01 -1.068978e+01
3.577475e+14 5.400447e-26 1.931997e-11 1.455358e+01 -1.071399e+01
3.573211e+14 5.313823e-26 1.898741e-11 1.455306e+01 -1.072153e+01
3.568957e+14 5.524768e-26 1.971766e-11 1.455254e+01 -1.070514e+01
3.564713e+14 5.592303e-26 1.993496e-11 1.455202e+01 -1.070038e+01
3.560480e+14 5.502243e-26 1.959063e-11 1.455151e+01 -1.070795e+01
3.556256e+14 5.589419e-26 1.987741e-11 1.455099e+01 -1.070164e+01
3.552043e+14 5.561774e-26 1.975566e-11 1.455048e+01 -1.070431e+01
3.547839e+14 5.510606e-26 1.955074e-11 1.454996e+01 -1.070884e+01
3.543645e+14 5.405391e-26 1.915479e-11 1.454945e+01 -1.071772e+01
3.539462e+14 5.376972e-26 1.903159e-11 1.454894e+01 -1.072052e+01
3.535288e+14 5.576491e-26 1.971450e-11 1.454842e+01 -1.070521e+01
3.531124e+14 5.428509e-26 1.916874e-11 1.454791e+01 -1.071741e+01
3.526969e+14 5.134860e-26 1.811050e-11 1.454740e+01 -1.074207e+01
3.522825e+14 5.294133e-26 1.865030e-11 1.454689e+01 -1.072931e+01
3.518690e+14 5.383555e-26 1.894306e-11 1.454638e+01 -1.072255e+01
3.514565e+14 5.440562e-26 1.912121e-11 1.454587e+01 -1.071848e+01
3.510450e+14 5.074390e-26 1.781339e-11 1.454536e+01 -1.074925e+01
3.506344e+14 5.529409e-26 1.938801e-11 1.454485e+01 -1.071247e+01
3.502248e+14 5.524869e-26 1.934946e-11 1.454435e+01 -1.071333e+01
3.498161e+14 5.714958e-26 1.999184e-11 1.454384e+01 -1.069915e+01
3.494084e+14 5.664554e-26 1.979243e-11 1.454333e+01 -1.070350e+01
3.490016e+14 5.775568e-26 2.015683e-11 1.454283e+01 -1.069558e+01
3.485958e+14 5.636749e-26 1.964947e-11 1.454232e+01 -1.070665e+01
3.481909e+14 5.643970e-26 1.965179e-11 1.454182e+01 -1.070660e+01
3.477870e+14 5.814667e-26 2.022266e-11 1.454131e+01 -1.069416e+01
3.473840e+14 5.658375e-26 1.965629e-11 1.454081e+01 -1.070650e+01
3.469819e+14 5.709095e-26 1.980953e-11 1.454031e+01 -1.070313e+01
3.465808e+14 5.670748e-26 1.965372e-11 1.453980e+01 -1.070656e+01
3.461806e+14 5.341258e-26 1.849040e-11 1.453930e+01 -1.073305e+01
3.457813e+14 5.643200e-26 1.951313e-11 1.453880e+01 -1.070967e+01
3.453829e+14 5.780720e-26 1.996562e-11 1.453830e+01 -1.069972e+01
3.449855e+14 5.671267e-26 1.956505e-11 1.453780e+01 -1.070852e+01
3.445890e+14 5.977271e-26 2.059702e-11 1.453730e+01 -1.068620e+01
3.441933e+14 6.039957e-26 2.078913e-11 1.453680e+01 -1.068216e+01
3.437986e+14 6.096163e-26 2.095853e-11 1.453630e+01 -1.067864e+01
3.434048e+14 6.164029e-26 2.116757e-11 1.453581e+01 -1.067433e+01
3.430119e+14 6.169384e-26 2.116172e-11 1.453531e+01 -1.067445e+01
3.426199e+14 6.076617e-26 2.081970e-11 1.453481e+01 -1.068153e+01
3.422288e+14 6.043727e-26 2.068337e-11 1.453432e+01 -1.068438e+01
3.418385e+14 6.063650e-26 2.072789e-11 1.453382e+01 -1.068344e+01
3.414492e+14 6.075442e-26 2.074455e-11 1.453333e+01 -1.068310e+01
3.338445e+14 6.228544e-26 2.079365e-11 1.452354e+01 -1.068207e+01
3.265712e+14 6.547052e-26 2.138079e-11 1.451398e+01 -1.066998e+01
3.196081e+14 6.617745e-26 2.115085e-11 1.450462e+01 -1.067467e+01
3.129357e+14 6.927289e-26 2.167796e-11 1.449546e+01 -1.066398e+01
3.065362e+14 7.113055e-26 2.180409e-11 1.448648e+01 -1.066146e+01
3.003932e+14 7.292538e-26 2.190629e-11 1.447769e+01 -1.065943e+01
2.944916e+14 7.552040e-26 2.224012e-11 1.446907e+01 -1.065286e+01
2.888173e+14 7.720310e-26 2.229759e-11 1.446062e+01 -1.065174e+01
2.833577e+14 7.887153e-26 2.234885e-11 1.445233e+01 -1.065074e+01
2.781006e+14 8.111149e-26 2.255715e-11 1.444420e+01 -1.064672e+01
2.730350e+14 8.143256e-26 2.223394e-11 1.443622e+01 -1.065298e+01
2.681506e+14 8.231660e-26 2.207325e-11 1.442838e+01 -1.065613e+01
2.634380e+14 8.364023e-26 2.203401e-11 1.442068e+01 -1.065691e+01
2.588881e+14 8.480488e-26 2.195497e-11 1.441311e+01 -1.065847e+01
2.544927e+14 8.587118e-26 2.185359e-11 1.440568e+01 -1.066048e+01
2.502441e+14 8.654169e-26 2.165655e-11 1.439836e+01 -1.066441e+01
2.461350e+14 8.868192e-26 2.182772e-11 1.439117e+01 -1.066099e+01
2.421586e+14 8.941071e-26 2.165158e-11 1.438410e+01 -1.066451e+01
2.383087e+14 8.927439e-26 2.127487e-11 1.437714e+01 -1.067213e+01
2.345793e+14 9.014391e-26 2.114590e-11 1.437029e+01 -1.067477e+01
2.309649e+14 9.209414e-26 2.127051e-11 1.436355e+01 -1.067222e+01
2.274601e+14 9.441680e-26 2.147605e-11 1.435691e+01 -1.066805e+01
2.240601e+14 9.523168e-26 2.133762e-11 1.435036e+01 -1.067085e+01
2.207602e+14 9.433564e-26 2.082556e-11 1.434392e+01 -1.068140e+01
2.175562e+14 9.626225e-26 2.094245e-11 1.433757e+01 -1.067897e+01
2.144438e+14 9.572645e-26 2.052794e-11 1.433131e+01 -1.068765e+01
2.114192e+14 9.482490e-26 2.004780e-11 1.432514e+01 -1.069793e+01
2.084787e+14 9.673295e-26 2.016676e-11 1.431906e+01 -1.069536e+01
2.056189e+14 9.765795e-26 2.008032e-11 1.431306e+01 -1.069723e+01
2.028365e+14 1.009153e-25 2.046932e-11 1.430715e+01 -1.068890e+01
2.001284e+14 1.025942e-25 2.053202e-11 1.430131e+01 -1.068757e+01
1.974917e+14 1.073678e-25 2.120425e-11 1.429555e+01 -1.067358e+01
1.949235e+14 1.078119e-25 2.101508e-11 1.428986e+01 -1.067747e+01
1.924213e+14 1.095616e-25 2.108199e-11 1.428425e+01 -1.067609e+01
1.899825e+14 1.126786e-25 2.140697e-11 1.427871e+01 -1.066944e+01
1.876048e+14 1.168617e-25 2.192381e-11 1.427324e+01 -1.065908e+01
1.852858e+14 1.168673e-25 2.165385e-11 1.426784e+01 -1.066446e+01
1.830234e+14 1.157202e-25 2.117952e-11 1.426251e+01 -1.067408e+01
1.808157e+14 1.184905e-25 2.142494e-11 1.425724e+01 -1.066908e+01
1.786605e+14 1.208439e-25 2.159004e-11 1.425203e+01 -1.066575e+01
1.765562e+14 1.195126e-25 2.110068e-11 1.424688e+01 -1.067570e+01
1.745008e+14 1.187454e-25 2.072116e-11 1.424180e+01 -1.068359e+01
1.724928e+14 1.169353e-25 2.017049e-11 1.423677e+01 -1.069528e+01
1.705304e+14 1.149175e-25 1.959693e-11 1.423180e+01 -1.070781e+01
1.686121e+14 1.130776e-25 1.906626e-11 1.422689e+01 -1.071973e+01
1.667366e+14 1.090371e-25 1.818047e-11 1.422203e+01 -1.074039e+01
1.649023e+14 1.103373e-25 1.819488e-11 1.421723e+01 -1.074005e+01
1.631079e+14 1.067782e-25 1.741638e-11 1.421248e+01 -1.075904e+01
1.613522e+14 1.054541e-25 1.701525e-11 1.420777e+01 -1.076916e+01
1.596339e+14 1.046513e-25 1.670589e-11 1.420313e+01 -1.077713e+01
1.579517e+14 1.037726e-25 1.639106e-11 1.419852e+01 -1.078539e+01
1.563047e+14 1.009976e-25 1.578640e-11 1.419397e+01 -1.080172e+01
1.546916e+14 9.933150e-26 1.536575e-11 1.418947e+01 -1.081345e+01
1.531115e+14 9.830950e-26 1.505232e-11 1.418501e+01 -1.082240e+01
1.515634e+14 9.652520e-26 1.462969e-11 1.418059e+01 -1.083476e+01
1.500462e+14 9.513594e-26 1.427479e-11 1.417623e+01 -1.084543e+01
1.485592e+14 9.550277e-26 1.418781e-11 1.417190e+01 -1.084808e+01
1.471013e+14 9.355153e-26 1.376155e-11 1.416762e+01 -1.086133e+01
1.456717e+14 9.341315e-26 1.360765e-11 1.416338e+01 -1.086622e+01
1.442697e+14 9.084964e-26 1.310685e-11 1.415918e+01 -1.088250e+01
1.428944e+14 9.167339e-26 1.309961e-11 1.415502e+01 -1.088274e+01
1.415450e+14 9.101155e-26 1.288223e-11 1.415089e+01 -1.089001e+01
1.402210e+14 8.970914e-26 1.257910e-11 1.414681e+01 -1.090035e+01
1.389214e+14 8.867943e-26 1.231947e-11 1.414277e+01 -1.090941e+01
1.376457e+14 8.827685e-26 1.215093e-11 1.413876e+01 -1.091539e+01
1.363933e+14 8.730144e-26 1.190733e-11 1.413479e+01 -1.092419e+01
1.351634e+14 8.646306e-26 1.168664e-11 1.413086e+01 -1.093231e+01
1.339555e+14 8.501983e-26 1.138887e-11 1.412696e+01 -1.094352e+01
1.327690e+14 8.460893e-26 1.123344e-11 1.412310e+01 -1.094949e+01
1.316033e+14 8.382168e-26 1.103121e-11 1.411927e+01 -1.095738e+01
1.304580e+14 7.629402e-26 9.953163e-12 1.411547e+01 -1.100204e+01
1.293324e+14 7.340220e-26 9.493279e-12 1.411171e+01 -1.102258e+01
1.282260e+14 7.158301e-26 9.178803e-12 1.410798e+01 -1.103721e+01
1.271384e+14 6.721194e-26 8.545220e-12 1.410428e+01 -1.106828e+01
1.260691e+14 6.600840e-26 8.321622e-12 1.410061e+01 -1.107979e+01
1.250177e+14 6.646283e-26 8.309029e-12 1.409697e+01 -1.108045e+01
1.239836e+14 6.199641e-26 7.686540e-12 1.409336e+01 -1.111427e+01
1.229665e+14 6.181823e-26 7.601574e-12 1.408979e+01 -1.111910e+01
1.219660e+14 6.016728e-26 7.338362e-12 1.408624e+01 -1.113440e+01
1.209816e+14 6.006520e-26 7.266784e-12 1.408272e+01 -1.113866e+01
1.200130e+14 5.839203e-26 7.007801e-12 1.407923e+01 -1.115442e+01
1.190597e+14 6.185193e-26 7.364074e-12 1.407576e+01 -1.113288e+01
1.181215e+14 6.033396e-26 7.126738e-12 1.407233e+01 -1.114711e+01
1.171980e+14 5.851326e-26 6.857635e-12 1.406892e+01 -1.116383e+01
1.162888e+14 5.635452e-26 6.553397e-12 1.406554e+01 -1.118353e+01
1.153935e+14 5.854443e-26 6.755648e-12 1.406218e+01 -1.117033e+01
1.145120e+14 5.875885e-26 6.728593e-12 1.405885e+01 -1.117208e+01
1.136438e+14 5.948172e-26 6.759729e-12 1.405555e+01 -1.117007e+01
1.127887e+14 5.771512e-26 6.509614e-12 1.405227e+01 -1.118644e+01
1.119464e+14 5.690759e-26 6.370599e-12 1.404901e+01 -1.119582e+01
1.111165e+14 5.597263e-26 6.219484e-12 1.404578e+01 -1.120625e+01
1.102989e+14 5.492551e-26 6.058224e-12 1.404257e+01 -1.121765e+01
1.094932e+14 5.515387e-26 6.038974e-12 1.403939e+01 -1.121904e+01
1.086992e+14 5.674898e-26 6.168568e-12 1.403623e+01 -1.120982e+01
1.079166e+14 5.490186e-26 5.924823e-12 1.403309e+01 -1.122732e+01
1.071452e+14 5.286584e-26 5.664324e-12 1.402997e+01 -1.124685e+01
1.063848e+14 5.311908e-26 5.651064e-12 1.402688e+01 -1.124787e+01
1.056351e+14 5.105030e-26 5.392704e-12 1.402381e+01 -1.126819e+01
1.048959e+14 5.139705e-26 5.391338e-12 1.402076e+01 -1.126830e+01
1.041669e+14 5.454883e-26 5.682183e-12 1.401773e+01 -1.124548e+01
1.034480e+14 5.352854e-26 5.537422e-12 1.401472e+01 -1.125669e+01
1.027390e+14 5.298334e-26 5.443455e-12 1.401174e+01 -1.126413e+01
1.020396e+14 5.274344e-26 5.381921e-12 1.400877e+01 -1.126906e+01
1.013497e+14 5.064967e-26 5.133329e-12 1.400582e+01 -1.128960e+01
1.006690e+14 4.897812e-26 4.930580e-12 1.400290e+01 -1.130710e+01
9.999746e+13 5.004324e-26 5.004198e-12 1.399999e+01 -1.130067e+01
9.933479e+13 4.936907e-26 4.904066e-12 1.399710e+01 -1.130944e+01
9.868084e+13 4.894905e-26 4.830333e-12 1.399423e+01 -1.131602e+01
9.803545e+13 4.889329e-26 4.793275e-12 1.399138e+01 -1.131937e+01
9.739844e+13 4.552492e-26 4.434056e-12 1.398855e+01 -1.135320e+01
9.676966e+13 4.514317e-26 4.368489e-12 1.398574e+01 -1.135967e+01
9.614894e+13 4.721409e-26 4.539585e-12 1.398294e+01 -1.134298e+01
9.553614e+13 4.679499e-26 4.470613e-12 1.398017e+01 -1.134963e+01
9.493110e+13 4.776351e-26 4.534243e-12 1.397741e+01 -1.134350e+01
9.433367e+13 4.594297e-26 4.333969e-12 1.397467e+01 -1.136311e+01
9.374371e+13 4.607119e-26 4.318885e-12 1.397194e+01 -1.136463e+01
9.316109e+13 4.600871e-26 4.286222e-12 1.396923e+01 -1.136793e+01
9.258567e+13 4.440520e-26 4.111285e-12 1.396654e+01 -1.138602e+01
9.201731e+13 4.333281e-26 3.987369e-12 1.396387e+01 -1.139931e+01
9.145589e+13 4.489191e-26 4.105629e-12 1.396121e+01 -1.138662e+01
9.090127e+13 4.432649e-26 4.029334e-12 1.395857e+01 -1.139477e+01
9.035335e+13 4.186950e-26 3.783049e-12 1.395594e+01 -1.142216e+01
8.981198e+13 4.341942e-26 3.899584e-12 1.395333e+01 -1.140898e+01
8.927707e+13 4.356265e-26 3.889145e-12 1.395074e+01 -1.141015e+01
8.874849e+13 4.318571e-26 3.832667e-12 1.394816e+01 -1.141650e+01
8.822613e+13 4.392306e-26 3.875162e-12 1.394560e+01 -1.141171e+01
8.770989e+13 4.180920e-26 3.667080e-12 1.394305e+01 -1.143568e+01
8.719965e+13 4.168369e-26 3.634803e-12 1.394051e+01 -1.143952e+01
8.669532e+13 4.177913e-26 3.622055e-12 1.393800e+01 -1.144105e+01
8.619678e+13 4.146213e-26 3.573902e-12 1.393549e+01 -1.144686e+01
8.570395e+13 4.088076e-26 3.503643e-12 1.393300e+01 -1.145548e+01
8.521671e+13 4.054030e-26 3.454711e-12 1.393052e+01 -1.146159e+01
8.473499e+13 4.114635e-26 3.486536e-12 1.392806e+01 -1.145761e+01
8.425868e+13 4.066203e-26 3.426129e-12 1.392561e+01 -1.146520e+01
8.378770e+13 4.019283e-26 3.367665e-12 1.392318e+01 -1.147267e+01
8.332196e+13 3.980836e-26 3.316910e-12 1.392076e+01 -1.147927e+01
8.286136e+13 3.922271e-26 3.250047e-12 1.391835e+01 -1.148811e+01
8.240583e+13 3.935348e-26 3.242956e-12 1.391596e+01 -1.148906e+01
8.195528e+13 3.859315e-26 3.162913e-12 1.391358e+01 -1.149991e+01
8.150962e+13 3.888483e-26 3.169488e-12 1.391121e+01 -1.149901e+01
8.106879e+13 3.783464e-26 3.067209e-12 1.390885e+01 -1.151326e+01
8.063271e+13 3.814727e-26 3.075918e-12 1.390651e+01 -1.151203e+01
8.020128e+13 3.796614e-26 3.044933e-12 1.390418e+01 -1.151642e+01
7.977445e+13 3.655154e-26 2.915879e-12 1.390186e+01 -1.153523e+01
7.935214e+13 3.634884e-26 2.884359e-12 1.389956e+01 -1.153995e+01
7.893428e+13 3.677295e-26 2.902646e-12 1.389727e+01 -1.153721e+01
7.852080e+13 3.629824e-26 2.850167e-12 1.389498e+01 -1.154513e+01
7.811162e+13 3.634110e-26 2.838662e-12 1.389272e+01 -1.154689e+01
7.770669e+13 3.552399e-26 2.760452e-12 1.389046e+01 -1.155902e+01
7.730593e+13 3.570722e-26 2.760380e-12 1.388821e+01 -1.155903e+01
7.690929e+13 3.449217e-26 2.652768e-12 1.388598e+01 -1.157630e+01
7.651669e+13 3.486059e-26 2.667417e-12 1.388376e+01 -1.157391e+01
7.612809e+13 3.425817e-26 2.608009e-12 1.388154e+01 -1.158369e+01
7.574341e+13 3.401179e-26 2.576169e-12 1.387934e+01 -1.158903e+01
7.536259e+13 3.392291e-26 2.556518e-12 1.387716e+01 -1.159235e+01
7.498559e+13 3.131295e-26 2.348020e-12 1.387498e+01 -1.162930e+01
7.461234e+13 2.781808e-26 2.075572e-12 1.387281e+01 -1.168286e+01
7.424279e+13 2.993994e-26 2.222825e-12 1.387065e+01 -1.165309e+01
7.387689e+13 2.683229e-26 1.982286e-12 1.386851e+01 -1.170283e+01
7.351457e+13 3.138834e-26 2.307501e-12 1.386637e+01 -1.163686e+01
7.315578e+13 2.895169e-26 2.117983e-12 1.386425e+01 -1.167408e+01
7.280049e+13 2.898023e-26 2.109775e-12 1.386213e+01 -1.167576e+01
7.244862e+13 2.814276e-26 2.038904e-12 1.386003e+01 -1.169060e+01
7.210014e+13 2.601695e-26 1.875826e-12 1.385794e+01 -1.172681e+01
7.175500e+13 2.916763e-26 2.092923e-12 1.385585e+01 -1.167925e+01
7.141315e+13 2.890251e-26 2.064019e-12 1.385378e+01 -1.168529e+01
7.107454e+13 2.751211e-26 1.955411e-12 1.385171e+01 -1.170876e+01
7.073912e+13 2.755144e-26 1.948965e-12 1.384966e+01 -1.171020e+01
7.040686e+13 2.672268e-26 1.881460e-12 1.384761e+01 -1.172550e+01
7.007770e+13 2.514691e-26 1.762238e-12 1.384558e+01 -1.175394e+01
6.975161e+13 2.520303e-26 1.757952e-12 1.384355e+01 -1.175499e+01
6.942853e+13 2.678913e-26 1.859930e-12 1.384154e+01 -1.173050e+01
6.910844e+13 2.441057e-26 1.686976e-12 1.383953e+01 -1.177289e+01
6.879128e+13 2.599552e-26 1.788265e-12 1.383753e+01 -1.174757e+01
6.847702e+13 2.289818e-26 1.567999e-12 1.383554e+01 -1.180465e+01
6.816562e+13 2.374026e-26 1.618269e-12 1.383357e+01 -1.179095e+01
6.785704e+13 2.307705e-26 1.565940e-12 1.383159e+01 -1.180522e+01
6.755124e+13 2.387819e-26 1.613001e-12 1.382963e+01 -1.179237e+01
6.724818e+13 2.279437e-26 1.532880e-12 1.382768e+01 -1.181449e+01
6.694783e+13 2.283988e-26 1.529080e-12 1.382574e+01 -1.181557e+01
6.665016e+13 2.125658e-26 1.416755e-12 1.382380e+01 -1.184871e+01
6.635511e+13 2.159033e-26 1.432629e-12 1.382187e+01 -1.184387e+01
6.606267e+13 1.941628e-26 1.282692e-12 1.381996e+01 -1.189188e+01
6.577280e+13 2.388354e-26 1.570887e-12 1.381805e+01 -1.180386e+01
6.548545e+13 2.035270e-26 1.332806e-12 1.381614e+01 -1.187523e+01
6.520061e+13 2.239906e-26 1.460432e-12 1.381425e+01 -1.183552e+01
6.491823e+13 2.131293e-26 1.383598e-12 1.381237e+01 -1.185899e+01
6.463829e+13 2.068060e-26 1.336759e-12 1.381049e+01 -1.187395e+01
6.436076e+13 1.924888e-26 1.238872e-12 1.380862e+01 -1.190697e+01
6.408559e+13 1.964658e-26 1.259062e-12 1.380676e+01 -1.189995e+01
6.381277e+13 2.098510e-26 1.339117e-12 1.380491e+01 -1.187318e+01
6.354226e+13 1.831604e-26 1.163843e-12 1.380306e+01 -1.193411e+01
6.327404e+13 1.948529e-26 1.232913e-12 1.380123e+01 -1.190907e+01
6.300807e+13 2.180460e-26 1.373866e-12 1.379940e+01 -1.186206e+01
6.274433e+13 2.061655e-26 1.293571e-12 1.379757e+01 -1.188821e+01
6.248278e+13 1.957915e-26 1.223360e-12 1.379576e+01 -1.191245e+01
6.222341e+13 1.974067e-26 1.228332e-12 1.379395e+01 -1.191068e+01
6.196618e+13 1.823375e-26 1.129876e-12 1.379215e+01 -1.194697e+01
6.171107e+13 1.902920e-26 1.174313e-12 1.379036e+01 -1.193022e+01
6.145806e+13 1.849656e-26 1.136762e-12 1.378858e+01 -1.194433e+01
6.120710e+13 1.804650e-26 1.104574e-12 1.378680e+01 -1.195681e+01
6.095819e+13 1.789069e-26 1.090584e-12 1.378503e+01 -1.196234e+01
6.071130e+13 1.930558e-26 1.172067e-12 1.378327e+01 -1.193105e+01
6.046640e+13 1.816335e-26 1.098272e-12 1.378151e+01 -1.195929e+01
6.022346e+13 1.732482e-26 1.043361e-12 1.377977e+01 -1.198157e+01
5.998247e+13 1.849072e-26 1.109119e-12 1.377802e+01 -1.195502e+01
5.974340e+13 1.868127e-26 1.116083e-12 1.377629e+01 -1.195230e+01
5.950623e+13 1.788627e-26 1.064344e-12 1.377456e+01 -1.197292e+01
5.927094e+13 1.707909e-26 1.012294e-12 1.377284e+01 -1.199469e+01
5.903750e+13 1.924461e-26 1.136154e-12 1.377113e+01 -1.194456e+01
5.880588e+13 1.673023e-26 9.838360e-13 1.376942e+01 -1.200708e+01
5.857608e+13 1.661410e-26 9.731887e-13 1.376772e+01 -1.201180e+01
5.834807e+13 1.671387e-26 9.752223e-13 1.376603e+01 -1.201090e+01
5.812183e+13 1.665147e-26 9.678140e-13 1.376434e+01 -1.201421e+01
5.789733e+13 1.647997e-26 9.541463e-13 1.376266e+01 -1.202039e+01
5.767457e+13 1.529917e-26 8.823728e-13 1.376098e+01 -1.205435e+01
5.745351e+13 1.556629e-26 8.943380e-13 1.375932e+01 -1.204850e+01
5.723414e+13 1.504823e-26 8.612725e-13 1.375766e+01 -1.206486e+01
5.701643e+13 1.761364e-26 1.004267e-12 1.375600e+01 -1.199815e+01
5.680038e+13 1.592879e-26 9.047615e-13 1.375435e+01 -1.204347e+01
5.658596e+13 1.371582e-26 7.761228e-13 1.375271e+01 -1.211007e+01
5.637315e+13 1.676591e-26 9.451472e-13 1.375107e+01 -1.202450e+01
5.616193e+13 1.646422e-26 9.246625e-13 1.374944e+01 -1.203402e+01
5.595230e+13 1.488313e-26 8.327452e-13 1.374782e+01 -1.207949e+01
5.574422e+13 1.522446e-26 8.486756e-13 1.374620e+01 -1.207126e+01
5.553768e+13 1.543832e-26 8.574086e-13 1.374459e+01 -1.206681e+01
5.533267e+13 1.541286e-26 8.528349e-13 1.374298e+01 -1.206914e+01
5.512917e+13 1.520546e-26 8.382642e-13 1.374138e+01 -1.207662e+01
5.492715e+13 1.647310e-26 9.048205e-13 1.373979e+01 -1.204344e+01
5.472662e+13 1.576673e-26 8.628599e-13 1.373820e+01 -1.206406e+01
5.452754e+13 1.657921e-26 9.040237e-13 1.373662e+01 -1.204382e+01
5.432990e+13 1.633414e-26 8.874324e-13 1.373504e+01 -1.205186e+01
5.413369e+13 1.522782e-26 8.243380e-13 1.373347e+01 -1.208389e+01
5.393890e+13 1.484120e-26 8.005182e-13 1.373190e+01 -1.209663e+01
5.374550e+13 1.432960e-26 7.701517e-13 1.373034e+01 -1.211342e+01
5.355348e+13 1.599985e-26 8.568480e-13 1.372879e+01 -1.206710e+01
5.336283e+13 1.487889e-26 7.939799e-13 1.372724e+01 -1.210019e+01
5.317354e+13 1.526590e-26 8.117419e-13 1.372570e+01 -1.209058e+01
5.298558e+13 1.395435e-26 7.393795e-13 1.372416e+01 -1.213113e+01
5.279894e+13 1.472550e-26 7.774908e-13 1.372263e+01 -1.210930e+01
5.261362e+13 1.580485e-26 8.315504e-13 1.372110e+01 -1.208011e+01
5.242959e+13 1.418543e-26 7.437363e-13 1.371958e+01 -1.212858e+01
5.224685e+13 1.433139e-26 7.487697e-13 1.371806e+01 -1.212565e+01
5.206537e+13 1.420295e-26 7.394820e-13 1.371655e+01 -1.213107e+01
5.188515e+13 1.443454e-26 7.489384e-13 1.371504e+01 -1.212555e+01
5.170617e+13 1.350982e-26 6.985412e-13 1.371354e+01 -1.215581e+01
5.152843e+13 1.339082e-26 6.900080e-13 1.371205e+01 -1.216115e+01
5.135190e+13 1.527797e-26 7.845530e-13 1.371056e+01 -1.210538e+01
5.117658e+13 1.412443e-26 7.228400e-13 1.370907e+01 -1.214096e+01
5.100245e+13 1.311279e-26 6.687843e-13 1.370759e+01 -1.217471e+01
5.082950e+13 1.313147e-26 6.674663e-13 1.370612e+01 -1.217557e+01
5.065772e+13 1.270386e-26 6.435488e-13 1.370465e+01 -1.219142e+01
5.048710e+13 1.461566e-26 7.379025e-13 1.370318e+01 -1.213200e+01
5.031762e+13 1.430338e-26 7.197119e-13 1.370172e+01 -1.214284e+01
5.014928e+13 1.396379e-26 7.002740e-13 1.370026e+01 -1.215473e+01
4.998206e+13 1.336754e-26 6.681374e-13 1.369881e+01 -1.217513e+01
4.981595e+13 1.320402e-26 6.577710e-13 1.369737e+01 -1.218193e+01
4.965094e+13 1.229005e-26 6.102123e-13 1.369593e+01 -1.221452e+01
4.948703e+13 1.427517e-26 7.064357e-13 1.369449e+01 -1.215093e+01
4.932419e+13 1.407579e-26 6.942770e-13 1.369306e+01 -1.215847e+01
4.916241e+13 1.405029e-26 6.907461e-13 1.369163e+01 -1.216068e+01
4.900170e+13 1.374902e-26 6.737253e-13 1.369021e+01 -1.217152e+01
4.884203e+13 1.343624e-26 6.562531e-13 1.368879e+01 -1.218293e+01
4.868340e+13 1.253545e-26 6.102682e-13 1.368738e+01 -1.221448e+01
4.852580e+13 1.353773e-26 6.569293e-13 1.368597e+01 -1.218248e+01
4.836922e+13 1.341507e-26 6.488762e-13 1.368457e+01 -1.218784e+01
4.821364e+13 1.321822e-26 6.372983e-13 1.368317e+01 -1.219566e+01
4.805906e+13 1.373663e-26 6.601696e-13 1.368178e+01 -1.218034e+01
4.790547e+13 1.370028e-26 6.563181e-13 1.368039e+01 -1.218289e+01
4.775285e+13 1.330041e-26 6.351325e-13 1.367900e+01 -1.219714e+01
4.760121e+13 1.243896e-26 5.921095e-13 1.367762e+01 -1.222760e+01
4.745052e+13 1.265212e-26 6.003498e-13 1.367624e+01 -1.222160e+01
4.730079e+13 1.321864e-26 6.252522e-13 1.367487e+01 -1.220394e+01
4.715200e+13 1.269138e-26 5.984241e-13 1.367350e+01 -1.222299e+01
4.700414e+13 1.242628e-26 5.840866e-13 1.367214e+01 -1.223352e+01
4.685721e+13 1.251157e-26 5.862571e-13 1.367078e+01 -1.223191e+01
4.671119e+13 1.296117e-26 6.054315e-13 1.366942e+01 -1.221793e+01
4.656608e+13 1.298347e-26 6.045894e-13 1.366807e+01 -1.221854e+01
4.642186e+13 1.198448e-26 5.563421e-13 1.366672e+01 -1.225466e+01
4.627854e+13 1.264842e-26 5.853505e-13 1.366538e+01 -1.223258e+01
4.613610e+13 1.260725e-26 5.816493e-13 1.366404e+01 -1.223534e+01
4.599454e+13 1.269624e-26 5.839576e-13 1.366271e+01 -1.223362e+01
4.585384e+13 1.238145e-26 5.677370e-13 1.366138e+01 -1.224585e+01
4.571400e+13 1.196328e-26 5.468894e-13 1.366005e+01 -1.226210e+01
4.557501e+13 1.168460e-26 5.325257e-13 1.365873e+01 -1.227366e+01
4.543686e+13 1.206735e-26 5.483024e-13 1.365741e+01 -1.226098e+01
4.529955e+13 1.194324e-26 5.410234e-13 1.365609e+01 -1.226678e+01
4.516306e+13 1.170794e-26 5.287666e-13 1.365478e+01 -1.227674e+01
4.502740e+13 1.213505e-26 5.464099e-13 1.365348e+01 -1.226248e+01
4.489254e+13 1.209379e-26 5.429210e-13 1.365217e+01 -1.226526e+01
4.475850e+13 1.187298e-26 5.314168e-13 1.365088e+01 -1.227456e+01
4.462525e+13 1.211548e-26 5.406561e-13 1.364958e+01 -1.226708e+01
4.449279e+13 1.184672e-26 5.270937e-13 1.364829e+01 -1.227811e+01
4.436111e+13 1.202208e-26 5.333128e-13 1.364700e+01 -1.227302e+01
4.423022e+13 1.151689e-26 5.093945e-13 1.364572e+01 -1.229295e+01
4.410009e+13 1.139303e-26 5.024336e-13 1.364444e+01 -1.229892e+01
4.397072e+13 1.150535e-26 5.058986e-13 1.364316e+01 -1.229594e+01
4.384212e+13 1.061852e-26 4.655385e-13 1.364189e+01 -1.233204e+01
4.371426e+13 1.068073e-26 4.669001e-13 1.364062e+01 -1.233078e+01
4.358715e+13 1.052156e-26 4.586049e-13 1.363936e+01 -1.233856e+01
4.346077e+13 1.149943e-26 4.997742e-13 1.363810e+01 -1.230123e+01
4.333513e+13 1.023409e-26 4.434955e-13 1.363684e+01 -1.235311e+01
4.321020e+13 1.111852e-26 4.804334e-13 1.363559e+01 -1.231837e+01
4.308600e+13 1.135383e-26 4.891912e-13 1.363434e+01 -1.231052e+01
4.296251e+13 1.032202e-26 4.434601e-13 1.363309e+01 -1.235315e+01
4.283973e+13 1.058466e-26 4.534441e-13 1.363185e+01 -1.234348e+01
4.271764e+13 1.022745e-26 4.368925e-13 1.363061e+01 -1.235963e+01
4.259625e+13 1.116997e-26 4.757987e-13 1.362937e+01 -1.232258e+01
4.247555e+13 1.016389e-26 4.317168e-13 1.362814e+01 -1.236480e+01
4.235552e+13 9.685926e-27 4.102525e-13 1.362691e+01 -1.238695e+01
4.223618e+13 9.901010e-27 4.181808e-13 1.362568e+01 -1.237864e+01
4.211750e+13 1.014492e-26 4.272787e-13 1.362446e+01 -1.236929e+01
4.199950e+13 1.008945e-26 4.237520e-13 1.362324e+01 -1.237289e+01
4.188215e+13 1.034075e-26 4.330930e-13 1.362203e+01 -1.236342e+01
4.176545e+13 1.075374e-26 4.491348e-13 1.362082e+01 -1.234762e+01
4.164940e+13 1.070845e-26 4.460006e-13 1.361961e+01 -1.235066e+01
4.153400e+13 9.630928e-27 4.000110e-13 1.361840e+01 -1.239793e+01
4.141923e+13 1.022600e-26 4.235529e-13 1.361720e+01 -1.237309e+01
4.130510e+13 1.018018e-26 4.204933e-13 1.361600e+01 -1.237624e+01
4.119159e+13 9.407904e-27 3.875265e-13 1.361481e+01 -1.241170e+01
4.107871e+13 9.831479e-27 4.038645e-13 1.361362e+01 -1.239376e+01
4.096644e+13 9.322315e-27 3.819020e-13 1.361243e+01 -1.241805e+01
4.085478e+13 9.739709e-27 3.979137e-13 1.361124e+01 -1.240021e+01
4.074373e+13 9.663705e-27 3.937354e-13 1.361006e+01 -1.240480e+01
4.063329e+13 9.740361e-27 3.957829e-13 1.360888e+01 -1.240254e+01
4.052344e+13 9.648155e-27 3.909764e-13 1.360771e+01 -1.240785e+01
4.041418e+13 9.749015e-27 3.939985e-13 1.360653e+01 -1.240451e+01
4.030551e+13 9.645220e-27 3.887555e-13 1.360536e+01 -1.241032e+01
4.019743e+13 9.780714e-27 3.931595e-13 1.360420e+01 -1.240543e+01
4.008992e+13 9.853007e-27 3.950062e-13 1.360304e+01 -1.240340e+01
3.998298e+13 9.538165e-27 3.813643e-13 1.360188e+01 -1.241866e+01
3.987662e+13 8.914882e-27 3.554953e-13 1.360072e+01 -1.244917e+01
3.977081e+13 9.243550e-27 3.676235e-13 1.359956e+01 -1.243460e+01
3.966557e+13 9.585427e-27 3.802114e-13 1.359841e+01 -1.241997e+01
3.956089e+13 9.164308e-27 3.625481e-13 1.359727e+01 -1.244063e+01
3.945675e+13 9.100519e-27 3.590769e-13 1.359612e+01 -1.244481e+01
3.935316e+13 9.163876e-27 3.606275e-13 1.359498e+01 -1.244294e+01
3.925012e+13 9.335777e-27 3.664304e-13 1.359384e+01 -1.243601e+01
3.914761e+13 8.918346e-27 3.491319e-13 1.359271e+01 -1.245701e+01
3.904564e+13 9.209821e-27 3.596033e-13 1.359157e+01 -1.244418e+01
3.894419e+13 8.912265e-27 3.470810e-13 1.359044e+01 -1.245957e+01
3.884328e+13 9.127070e-27 3.545253e-13 1.358932e+01 -1.245035e+01
3.874288e+13 9.068615e-27 3.513443e-13 1.358819e+01 -1.245427e+01
3.864300e+13 8.530542e-27 3.296457e-13 1.358707e+01 -1.248195e+01
3.854364e+13 8.606657e-27 3.317318e-13 1.358595e+01 -1.247921e+01
3.844478e+13 8.925012e-27 3.431201e-13 1.358484e+01 -1.246455e+01
3.834643e+13 8.409161e-27 3.224613e-13 1.358372e+01 -1.249152e+01
3.824858e+13 8.397955e-27 3.212099e-13 1.358262e+01 -1.249321e+01
3.815123e+13 8.555449e-27 3.264010e-13 1.358151e+01 -1.248625e+01
3.805438e+13 8.659380e-27 3.295273e-13 1.358040e+01 -1.248211e+01
3.795801e+13 8.532532e-27 3.238780e-13 1.357930e+01 -1.248962e+01
3.786214e+13 8.243405e-27 3.121129e-13 1.357821e+01 -1.250569e+01
3.776674e+13 8.290670e-27 3.131116e-13 1.357711e+01 -1.250430e+01
3.767183e+13 8.114254e-27 3.056788e-13 1.357602e+01 -1.251473e+01
3.757739e+13 8.194460e-27 3.079264e-13 1.357493e+01 -1.251155e+01
3.748342e+13 8.224292e-27 3.082746e-13 1.357384e+01 -1.251106e+01
3.738992e+13 8.100734e-27 3.028858e-13 1.357275e+01 -1.251872e+01
3.729689e+13 8.141197e-27 3.036413e-13 1.357167e+01 -1.251764e+01
3.720432e+13 8.405525e-27 3.127218e-13 1.357059e+01 -1.250484e+01
3.711221e+13 7.928355e-27 2.942388e-13 1.356952e+01 -1.253130e+01
3.702055e+13 8.321138e-27 3.080531e-13 1.356844e+01 -1.251137e+01
3.692934e+13 7.913895e-27 2.922549e-13 1.356737e+01 -1.253424e+01
3.683858e+13 8.075830e-27 2.975022e-13 1.356630e+01 -1.252651e+01
3.674827e+13 8.097931e-27 2.975850e-13 1.356524e+01 -1.252639e+01
3.665840e+13 7.558532e-27 2.770837e-13 1.356417e+01 -1.255739e+01
3.656897e+13 7.839033e-27 2.866653e-13 1.356311e+01 -1.254262e+01
3.647997e+13 7.716201e-27 2.814868e-13 1.356205e+01 -1.255054e+01
3.639141e+13 7.795781e-27 2.836994e-13 1.356100e+01 -1.254714e+01
3.630327e+13 7.972276e-27 2.894197e-13 1.355995e+01 -1.253847e+01
3.621556e+13 7.490197e-27 2.712617e-13 1.355890e+01 -1.256661e+01
3.612827e+13 7.909753e-27 2.857657e-13 1.355785e+01 -1.254399e+01
3.604140e+13 7.495507e-27 2.701486e-13 1.355680e+01 -1.256840e+01
3.595495e+13 7.679033e-27 2.760993e-13 1.355576e+01 -1.255893e+01
3.586892e+13 7.629497e-27 2.736618e-13 1.355472e+01 -1.256279e+01
3.578329e+13 7.386951e-27 2.643294e-13 1.355368e+01 -1.257785e+01
3.569807e+13 7.422261e-27 2.649604e-13 1.355264e+01 -1.257682e+01
3.561326e+13 7.351207e-27 2.618004e-13 1.355161e+01 -1.258203e+01
3.552885e+13 7.612672e-27 2.704695e-13 1.355058e+01 -1.256788e+01
3.544483e+13 7.452841e-27 2.641647e-13 1.354955e+01 -1.257813e+01
3.536122e+13 7.018137e-27 2.481699e-13 1.354853e+01 -1.260525e+01
3.527799e+13 7.651126e-27 2.699164e-13 1.354750e+01 -1.256877e+01
3.519516e+13 7.302502e-27 2.570128e-13 1.354648e+01 -1.259005e+01
3.511272e+13 7.356159e-27 2.582948e-13 1.354546e+01 -1.258788e+01
3.503066e+13 7.358304e-27 2.577663e-13 1.354445e+01 -1.258877e+01
3.494899e+13 7.100149e-27 2.481430e-13 1.354343e+01 -1.260530e+01
3.486769e+13 6.832809e-27 2.382443e-13 1.354242e+01 -1.262298e+01
3.478677e+13 7.127144e-27 2.479303e-13 1.354141e+01 -1.260567e+01
3.470623e+13 7.015211e-27 2.434715e-13 1.354041e+01 -1.261355e+01
3.462606e+13 7.259696e-27 2.513746e-13 1.353940e+01 -1.259968e+01
3.454625e+13 7.007133e-27 2.420702e-13 1.353840e+01 -1.261606e+01
3.446682e+13 6.620310e-27 2.281810e-13 1.353740e+01 -1.264172e+01
3.438775e+13 7.192766e-27 2.473430e-13 1.353640e+01 -1.260670e+01
3.430904e+13 6.874973e-27 2.358737e-13 1.353541e+01 -1.262732e+01
3.423069e+13 7.062368e-27 2.417497e-13 1.353442e+01 -1.261663e+01
3.415270e+13 6.815504e-27 2.327678e-13 1.353343e+01 -1.263308e+01
3.407506e+13 7.065468e-27 2.407563e-13 1.353244e+01 -1.261842e+01
3.399778e+13 6.803554e-27 2.313057e-13 1.353145e+01 -1.263581e+01
3.392084e+13 6.590117e-27 2.235423e-13 1.353047e+01 -1.265064e+01
3.384425e+13 6.457736e-27 2.185573e-13 1.352948e+01 -1.266043e+01
3.376801e+13 6.658959e-27 2.248598e-13 1.352851e+01 -1.264809e+01
3.369211e+13 7.031105e-27 2.368928e-13 1.352753e+01 -1.262545e+01
3.361655e+13 7.019177e-27 2.359605e-13 1.352655e+01 -1.262716e+01
3.354133e+13 6.778212e-27 2.273502e-13 1.352558e+01 -1.264330e+01
3.346644e+13 6.659673e-27 2.228756e-13 1.352461e+01 -1.265194e+01
3.339189e+13 6.501410e-27 2.170944e-13 1.352364e+01 -1.266335e+01
3.331767e+13 6.838757e-27 2.278514e-13 1.352267e+01 -1.264235e+01
3.324378e+13 6.349637e-27 2.110859e-13 1.352171e+01 -1.267554e+01
3.317021e+13 6.656447e-27 2.207958e-13 1.352075e+01 -1.265601e+01
3.309698e+13 6.620690e-27 2.191248e-13 1.351979e+01 -1.265931e+01
3.302406e+13 6.624472e-27 2.187669e-13 1.351883e+01 -1.266002e+01
3.295146e+13 6.391846e-27 2.106207e-13 1.351787e+01 -1.267650e+01
3.287918e+13 6.619066e-27 2.176295e-13 1.351692e+01 -1.266228e+01
3.280722e+13 6.361107e-27 2.086902e-13 1.351597e+01 -1.268050e+01
3.273558e+13 6.382312e-27 2.089286e-13 1.351502e+01 -1.268000e+01
3.266424e+13 6.477953e-27 2.115974e-13 1.351407e+01 -1.267449e+01
3.259322e+13 6.553314e-27 2.135936e-13 1.351313e+01 -1.267041e+01
3.252250e+13 6.327310e-27 2.057799e-13 1.351218e+01 -1.268660e+01
3.245209e+13 6.508633e-27 2.112187e-13 1.351124e+01 -1.267527e+01
3.238198e+13 6.110447e-27 1.978684e-13 1.351030e+01 -1.270362e+01
3.231218e+13 6.188600e-27 1.999671e-13 1.350937e+01 -1.269904e+01
3.224268e+13 6.255033e-27 2.016790e-13 1.350843e+01 -1.269534e+01
3.217347e+13 6.511369e-27 2.094934e-13 1.350750e+01 -1.267883e+01
3.210456e+13 6.437643e-27 2.066777e-13 1.350657e+01 -1.268471e+01
3.203595e+13 6.157269e-27 1.972540e-13 1.350564e+01 -1.270497e+01
3.196763e+13 6.335934e-27 2.025448e-13 1.350471e+01 -1.269348e+01
3.189960e+13 6.274797e-27 2.001635e-13 1.350379e+01 -1.269862e+01
3.183185e+13 6.433206e-27 2.047809e-13 1.350286e+01 -1.268871e+01
3.176440e+13 6.317305e-27 2.006654e-13 1.350194e+01 -1.269753e+01
3.169723e+13 6.076146e-27 1.925970e-13 1.350102e+01 -1.271535e+01
3.163034e+13 5.984390e-27 1.892883e-13 1.350010e+01 -1.272288e+01
3.156374e+13 6.162724e-27 1.945186e-13 1.349919e+01 -1.271104e+01
3.149742e+13 6.201513e-27 1.953316e-13 1.349827e+01 -1.270923e+01
3.143137e+13 6.248504e-27 1.963990e-13 1.349736e+01 -1.270686e+01
3.136560e+13 6.039019e-27 1.894175e-13 1.349645e+01 -1.272258e+01
3.130010e+13 5.986499e-27 1.873780e-13 1.349555e+01 -1.272728e+01
3.123488e+13 6.051413e-27 1.890152e-13 1.349464e+01 -1.272350e+01
3.116993e+13 5.894375e-27 1.837273e-13 1.349374e+01 -1.273583e+01
3.110525e+13 6.036291e-27 1.877603e-13 1.349283e+01 -1.272640e+01
3.104084e+13 6.005322e-27 1.864102e-13 1.349193e+01 -1.272953e+01
3.097669e+13 6.013667e-27 1.862835e-13 1.349104e+01 -1.272983e+01
3.091281e+13 6.043534e-27 1.868226e-13 1.349014e+01 -1.272857e+01
3.091281e+13 6.987882e-27 2.160151e-13 1.200000e+01 -3.000000e+02
3.091281e+13 6.987882e-27 2.160151e-13 1.100000e+01 -3.000000e+02
3.091281e+13 6.987882e-27 2.160151e-13 1.000000e+01 -3.000000e+02
3.091281e+13 6.987882e-27 2.160151e-13 9.000000e+00 -3.000000e+02
3.091281e+13 6.987882e-27 2.160151e-13 8.000000e+00 -3.000000e+02
3.091281e+13 6.987882e-27 2.160151e-13 7.000000e+00 -3.000000e+02