!E(eV)			F(erg.cm-2.s-1)		delta E-	delta E+	Delta F- 		Delta F-+		UL	Observatoire
3.544620332		6.74499999999999E-012	0		0		9.32399999999872E-014	9.32400000000066E-014	no	UVOT
6.1048536873		5.66200000000001E-012	0		0		9.12500000000162E-014	9.12499999999871E-014	no	UVOT
2.2938698204		1.538E-011		0		0		5.66500000000003E-013	5.66499999999994E-013	no	UVOT
3.6190697672		5.25999999999999E-012	0		0		2.05899999999983E-013	2.05900000000005E-013	no	UVOT
2.8613399599		8.45300000000001E-012	0		0		3.30299999999999E-013	3.30300000000009E-013	no	UVOT
4.7068587372		4.018E-012		0		0		1.57100000000007E-013	1.57100000000005E-013	no	UVOT
5.5547550827		4.426E-012		0		0		1.07499999999996E-013	1.07500000000007E-013	no	UVOT
6.1048536873		4.15900000000001E-012	0		0		1.24400000000005E-013	1.24399999999989E-013	no	UVOT
2.2938698204		1.393E-011		0		0		6.41500000000015E-013	6.41500000000017E-013	no	UVOT
3.544620332		5.80799999999999E-012	0		0		9.36799999999997E-014	9.36799999999981E-014	no	UVOT
2.8613399599		8.85099999999999E-012	0		0		3.66699999999999E-013	3.66700000000004E-013	no	UVOT
4.7068587372		4.426E-012		0		0		6.11799999999963E-014	6.11799999999955E-014	no	UVOT
5.5547550827		5.333E-012		0		0		2.08400000000006E-013	2.08400000000001E-013	no	UVOT
6.1048536873		4.519E-012		0		0		1.35300000000003E-013	1.35300000000007E-013	no	UVOT
8.27215946786765E-005	1.376E-013		0		0		5.79999999999948E-015	5.80000000000016E-015	no	AT20GCAT
2.06803986696692E-005	6.50499999999999E-014	0		0		3.24999999999975E-015	3.25000000000009E-015	no	AT20GCAT
3.30886378714706E-005	7.69600000000001E-014	0		0		3.84000000000015E-015	3.84000000000005E-015	no	AT20GCAT
6.61772757429412E-007	3.58400000000001E-014	0		0		4.64000000000001E-015	4.64000000000002E-015	no	KUEHR
2.39892624568162E-006	5.0576E-014		0		0		2.088E-015		2.08799999999995E-015	no	KUEHR
1.93568531548103E-006	4.2728E-014		0		0		1.4508000000001E-015	1.45080000000004E-015	no	KUEHR
3.97063654457647E-006	6.00960000000001E-014	0		0		1.82400000000012E-015	1.82399999999985E-015	no	KUEHR
2.62641063104798E-006	5.25779999999999E-014	0		0		1.71449999999998E-015	1.71450000000016E-015	no	KUEHR
3.30886378714706E-007	2.48E-014		0		0		3.2E-015		3.19999999999998E-015	no	KUEHR
2.07176233872746E-005	1.0769E-013		0		0		4.5081E-015		4.50809999999999E-015	no	KUEHR
2.07176233872746E-005	1.127E-013		0		0		4.50810000000015E-015	4.50809999999986E-015	no	KUEHR
0.0001298729		1.099E-013		0		0		2.19799999999999E-014	2.19800000000001E-014	no	KUEHR
1.11674152816213E-005	7.83E-014		0		0		2.9700000000001E-015	2.96999999999987E-015	no	KUEHR
5.8318724248467E-006	6.99359999999999E-014	0		0		1.40999999999997E-015	1.40999999999998E-015	no	KUEHR
5.79051162750736E-006	3.3217E-014		0		0		1.27300000000008E-015	1.27299999999995E-015	no	NVSS
0.00002006		1.0917E-013		0		0		4.80150000000011E-015	4.80149999999982E-015	no	PMN
0.0001174647		1.8881E-013		0		0		2.80889999999998E-014	2.80889999999999E-014	no	PCSS1F
0.000413608		4.14920000000001E-013	0		0		4.51590000000001E-014	4.51589999999986E-014	no	PCSS1F
0.0005914594		5.17950000000001E-013	0		0		4.03850000000012E-014	4.03849999999992E-014	no	PCSS1F
0.0008975293		5.48840000000001E-013	0		0		5.18829999999998E-014	5.18829999999985E-014	no	PCSS1F
0.0014600361		1.246E-012		0		0		1.93890000000002E-013	1.93889999999996E-013	no	PCSS1F
3.48671521570621E-006	3.8711E-014		0		0		1.26279999999994E-015	1.26280000000001E-015	no	SUMSS
9.5129833880478E-005	1.61E-013		0		0		2.3E-014		2.30000000000001E-014	no	WMAP5
0.0001364906		1.65E-013		0		0		3.3E-014		3.30000000000002E-014	no	WMAP5
0.3646781501		2.0856E-011		0		0		3.33379999999932E-013	3.33380000000035E-013	no	WISE
0.2695483163		1.0879E-011		0		0		1.7391999999997E-013	1.73920000000005E-013	no	WISE
0.1033192718		2.8596E-012		0		0		5.65889999999985E-014	5.65890000000049E-014	no	WISE
0.0563747668		2.51319999999999E-012	0		0		1.70299999999994E-013	1.70300000000001E-013	no	WISE
0.3646781501		2.0991E-011		0		0		3.35539999999987E-013	3.35540000000025E-013	no	WISE
0.2695483163		1.1E-011		0		0		1.79600000000009E-013	1.79600000000006E-013	no	WISE
0.1033192718		2.8023E-012		0		0		5.54540000000077E-014	5.54539999999923E-014	no	WISE
0.0562920452		2.269E-012		0		0		1.6279E-013		1.62790000000002E-013	no	WISE
7.9991782054		5.68950000000001E-012	0		0		4.49739999999998E-013	4.49740000000003E-013	no	GALEX
1000.931295612		3.7395E-012		0		0		2.35539999999999E-013	2.35539999999996E-013	no	ROSAT
1000.1040796652		6.6009E-012		0		0		2.95339999999989E-013	2.95340000000004E-013	no	SWXRT
1000.1040796652		6.78839999999999E-012	0		0		2.07999999999998E-013	2.08000000000018E-013	no	SWXRT
490.1254484712		9.2209E-012		0		0		4.43539999999992E-013	5.43540000000002E-013	no	SWXRT
490.1254484712		1.2212E-011		0		0		3.86350000000012E-013	3.86349999999991E-013	no	SWXRT
4471.1021923825		4.23010000000001E-012	0		0		4.1044E-013		4.10439999999992E-013	no	SWXRT
4471.1021923825		1.7034E-012		0		0		1.30760000000004E-013	1.3076E-013		no	SWXRT
316.2446564566		8.18130000000001E-012	0		0		4.19520000000029E-013	4.19519999999975E-013	no	TWOXMMIDR3
316.2446564566		9.1801E-012		0		0		1.41449999999988E-013	1.41450000000004E-013	no	TWOXMMIDR3
707.2696345027		5.2897E-012		0		0		1.91930000000011E-013	1.91929999999989E-013	no	TWOXMMIDR3
707.2696345027		6.37540000000001E-012	0		0		6.72050000000081E-014	6.72049999999798E-014	no	TWOXMMIDR3
1414.5392690054		4.52310000000001E-012	0		0		1.45680000000001E-013	1.45679999999988E-013	no	TWOXMMIDR3
1414.5392690054		4.8501E-012		0		0		4.8293000000005E-014	4.82930000000066E-014	no	TWOXMMIDR3
316.2446564566		7.98120000000002E-012	0		0		2.15080000000002E-013	2.15079999999987E-013	no	TWOXMMIDR3
316.2446564566		9.3163E-012		0		0		1.09889999999987E-013	1.0988999999999E-013	no	TWOXMMIDR3
707.2696345027		5.96700000000001E-012	0		0		1.28220000000009E-013	1.28219999999995E-013	no	TWOXMMIDR3
707.2696345027		6.8898E-012		0		0		6.51860000000034E-014	6.51859999999929E-014	no	TWOXMMIDR3
1414.5392690054		5.1804E-012		0		0		1.31930000000002E-013	1.39299999999997E-013	no	TWOXMMIDR3
1414.5392690054		5.9839E-012		0		0		6.6578000000004E-014	6.65780000000064E-014	no	TWOXMMIDR3
3000.3122389956		3.1803E-012		0		0		1.80660000000008E-013	1.80659999999993E-013	no	TWOXMMIDR3
3000.3122389956		3.3825E-012		0		0		5.96080000000021E-014	5.96079999999964E-014	no	TWOXMMIDR3
7349.8136872004		3.0369E-012		0		0		4.07909999999995E-013	4.07910000000002E-013	no	TWOXMMIDR3
7349.8136872004		3.6768E-012		0		0		1.44679999999994E-013	1.44680000000003E-013	no	TWOXMMIDR3
3000.3122389956		4.4563E-012		0		0		1.97000000000006E-013	1.96999999999994E-013	no	TWOXMMIDR3
3000.3122389956		4.6703E-012		0		0		9.51829999999989E-014	9.51830000000078E-014	no	TWOXMMIDR3
7349.8136872004		4.1742E-012		0		0		3.72679999999996E-013	3.72679999999994E-013	no	TWOXMMIDR3
7349.8136872004		4.22030000000001E-012	0		0		1.79210000000003E-013	1.79209999999987E-013	no	TWOXMMIDR3
4901.2544847116		6.79940000000001E-012	0		0		1.62590000000001E-012	1.6259E-012		no	XMMSL1D5
632.4065913185		3.4805E-012		0		0		5.31200000000003E-013	5.31220000000005E-013	no	XMMSL1D5
632.4065913185		2.3128E-012		0		0		5.77610000000003E-013	5.77609999999996E-013	no	XMMSL1D5
1549.3754683316		3.0067E-012		0		0		8.32059999999997E-013	8.62059999999993E-013	no	XMMSL1D5
1549.3754683316		2.545E-012		0		0		6.10679999999993E-013	6.10679999999999E-013	no	XMMSL1D5
200186259.122397	3.4279E-012		0		0		0			0			no	Fermi1FGL
2001862591.22397	2.2738E-012		0		0		0			0			no	Fermi1FGL
600558777.367193	3.4042E-012		0		0		0			0			no	Fermi1FGL
60055877736.7193	5.04589999999999E-012	0		0		0			0			no	Fermi1FGL
6005587773.67193	1.9858E-012		0		0		8.51009999999997E-013	8.51010000000003E-013	no	Fermi1FGL
200186259.122397	4.4405E-012		0		0		0			0			no	Fermi2FGL
2001862591.22397	2.2595E-012		0		0		4.44349999999996E-013	4.44350000000005E-013	no	Fermi2FGL
600558777.367193	2.5178E-012		0		0		5.1854E-013		5.18539999999995E-013	no	Fermi2FGL
60055877736.7193	2.4352E-012		0		0		9.10850000000004E-013	9.10849999999999E-013	no	Fermi2FGL
6005587773.67193	2.2701E-012		0		0		6.12620000000005E-013	6.12619999999999E-013	no	Fermi2FGL
1.0046537674		1.8218E-011		0		0		1.32090000000003E-012	1.32090000000003E-012	no	2MASS
0.746562392		1.6714E-011		0		0		1.26139999999998E-012	1.26140000000002E-012	no	2MASS
0.574915083		1.5277E-011		0		0		7.34700000000006E-013	7.34700000000015E-013	no	2MASS
286940531541.659	2.1008E-012		0		0		1.1966E-012		1.36240000000001E-012	no	HESS
397448309872.904	1.452E-012		0		0		5.57429999999998E-013	6.1603E-013		no	HESS
585503447135.673	7.63759999999999E-013	0		0		3.0789E-013		3.5067E-013		no	HESS
860594110239.61		4.1998E-013		0		0		2.0882E-013		2.43659999999999E-013	no	HESS
1263572358716.78	7.56329999999999E-014	0		0		6.3444E-014		1.3283E-013		no	HESS
1853294607181.07	1.4219E-013		0		0		8.67889999999998E-014	1.1808E-013		no	HESS
2712565171905.82	9.04150000000001E-014	0		0		5.98540000000001E-014	9.15119999999999E-014	no	HESS