#         Freq        FreqLow       FreqHigh         Flux      ErrFluxLow     ErrFluxHigh Data
#           Hz             Hz             Hz     erg/cm^2/s     erg/cm^2/s     erg/cm^2/s
5.0e+9	       0.00000000e+00 0.00000000e+00 3.025e-14	    1.0e-20	   1.0e-20	  radio_core_2000
1.36299997e+13 0.00000000e+00 0.00000000e+00 3.28651747661e-12 1.65214359633e-13 1.73959356068e-13  Wise_W4_Allwise
2.49799994e+13 0.00000000e+00 0.00000000e+00 3.08648247115e-12 6.191125467e-14 6.31785428839e-14  Wise_W3_Allwise
6.51699985e+13 0.00000000e+00 0.00000000e+00 7.28849762249e-12 1.33030073904e-13 1.35503287631e-13  Wise_W2_Allwise
8.81699979e+13 0.00000000e+00 0.00000000e+00 1.20347651308e-11 2.41403415011e-13 2.46344805786e-13  Wise_W1_Allwise
4.68425703e+14 0.00000000e+00 0.00000000e+00 1.99305319296e-11 8.57237811826e-13 8.57237811826e-13 ATOM_R_wmean
5.48267118e+14 0.00000000e+00 0.00000000e+00 1.404722e-11   1.05108550002e-12 1.05108550002e-12 UVOT_V_Alicja_extcorr_wmean
6.82587568e+14 0.00000000e+00 0.00000000e+00 8.13053906379e-12 6.39578697998e-13 6.39578697998e-13 UVOT_B_Alicja_extcorr_wmean
8.65201905e+14 0.00000000e+00 0.00000000e+00 5.05785149231e-12 3.86703200075e-13 3.86703200075e-13 UVOT_U_Alicja_extcorr_wmean
1.15304792e+15 0.00000000e+00 0.00000000e+00 3.99987733815e-12 3.40417823531e-13 3.40417823531e-13 UVOT_UVW1_Alicja_extcorr_wmean
1.33478388e+15 0.00000000e+00 0.00000000e+00 4.95892865495e-12 4.14888398685e-13 4.14888398685e-13 UVOT_UVM2_Alicja_extcorr_wmean
1.55494015e+15 0.00000000e+00 0.00000000e+00 4.75420812174e-12 3.31153311093e-13 3.31153311093e-13 UVOT_UVW2_Alicja_extcorr_wmean
1.02764543656409E+017	3.02248657812969E+016	3.02248657812969E+016	4.10375656044E-12	5.68649410614E-13	5.68649410614E-13	XRT_rebinned_1
1.58378296693996E+017	2.53888872562894E+016	2.53888872562894E+016	5.83511873166E-12	7.90258141674E-13	7.90258141674E-13	XRT_rebinned_1
2.1278305510033E+017	2.9015871150045E+016	2.9015871150045E+016	4.13631446022E-12	5.84279317386E-13	5.84279317386E-13	XRT_rebinned_1
2.78068765187932E+017	3.62698389375563E+016	3.62698389375563E+016	3.54841854192E-12	4.90490103456E-13	4.90490103456E-13	XRT_rebinned_1
3.40936486013029E+017	2.65978818875413E+016	2.65978818875413E+016	5.94808043256E-12	8.35925879304E-13	8.35925879304E-13	XRT_rebinned_1
4.41283040406935E+017	7.37486966862571E+016	7.37486966862571E+016	3.98577843396E-12	5.5708199145E-13	5.5708199145E-13	XRT_rebinned_1
7.0242588075734E+017	1.87394167844041E+017	1.87394167844041E+017	4.55127747804E-12	6.41722917798E-13	6.41722917798E-13	XRT_rebinned_1
1.42903165413972E+018	5.39211605538337E+017	5.39211605538337E+017	4.30947647244E-12	7.94628087624E-13	7.94628087624E-13	XRT_rebinned_1
8.70476134501351E+016	1.45079331570333E+016	1.45079331570333E+016	2.94663813174E-12	4.14999387306E-13	4.14999387306E-13	XRT_rebinned_2
1.10018511443921E+017	8462964836752397	8462964836752397	3.91593460122E-12	5.35217681862E-13	5.35217681862E-13	XRT_rebinned_2
1.26944436281447E+017	8462962418763134	8462962418763134	4.13340329916E-12	5.50125646326E-13	5.50125646326E-13	XRT_rebinned_2
1.46288350381477E+017	1.08809492632776E+016	1.08809492632776E+016	3.69494110728E-12	5.1588914256E-13	5.1588914256E-13	XRT_rebinned_2
1.64423245670363E+017	7253967787511258	7253967787511258	4.87356239376E-12	6.8691384666E-13	6.8691384666E-13	XRT_rebinned_2
1.82558189319033E+017	1.08809565172454E+016	1.08809565172454E+016	2.93147990676E-12	4.17349304712E-13	4.17349304712E-13	XRT_rebinned_2
2.03111098050315E+017	9.67195463202575E+015	9.67195463202575E+015	3.23738413416E-12	4.52004778548E-13	4.52004778548E-13	XRT_rebinned_2
2.21246017519093E+017	8462962418763134	8462962418763134	3.8698735284E-12	5.23676218014E-13	5.23676218014E-13	XRT_rebinned_2
2.40589931619123E+017	1.08809492632776E+016	1.08809492632776E+016	3.24499769352E-12	4.22092398384E-13	4.22092398384E-13	XRT_rebinned_2
2.61142840350405E+017	9.67196188599354E+015	9.67196188599354E+015	3.2951555406E-12	4.54806670932E-13	4.54806670932E-13	XRT_rebinned_2
2.79277759819183E+017	8462969672730922	8462969672730922	3.76013541366E-12	5.29366840938E-13	5.29366840938E-13	XRT_rebinned_2
2.99830668550465E+017	1.20899342225725E+016	1.20899342225725E+016	2.96572009554E-12	4.0578813405E-13	4.0578813405E-13	XRT_rebinned_2
3.24010561175503E+017	1.2089948730508E+016	1.2089948730508E+016	3.32314882956E-12	4.51950785082E-13	4.51950785082E-13	XRT_rebinned_2
3.51817437694296E+017	1.57169302062744E+016	1.57169302062744E+016	2.88120189618E-12	3.95375886666E-13	3.95375886666E-13	XRT_rebinned_2
3.89296271263104E+017	2.17619106165016E+016	2.17619106165016E+016	2.61889619094E-12	3.61735554078E-13	3.61735554078E-13	XRT_rebinned_2
4.30402088725668E+017	1.93439092640515E+016	1.93439092640515E+016	4.13644583898E-12	5.56253183736E-13	5.56253183736E-13	XRT_rebinned_2
5.05359755863284E+017	5.56137530375863E+016	5.56137530375863E+016	2.02806187452E-12	2.84884907544E-13	2.84884907544E-13	XRT_rebinned_2
6.39558159932243E+017	7.8584651031372E+016	7.8584651031372E+016	2.76086536074E-12	3.79694549916E-13	3.79694549916E-13	XRT_rebinned_2
8.84984070076373E+017	1.66841234932866E+017	1.66841234932866E+017	1.97234446284E-12	2.7972380511E-13	2.7972380511E-13	XRT_rebinned_2
1.60917185419625E+018	5.57346525007115E+017	5.57346525007115E+017	1.96350042924E-12	3.422176371E-13	3.422176371E-13	XRT_rebinned_2
8.34206295563795E+016	1.08809492632776E+016	1.08809492632776E+016	2.39334930144E-12	3.3574082445E-13	3.3574082445E-13	XRT_rebinned_2
1.02764543656409E+017	8462964836752397	8462964836752397	2.27564514774E-12	3.15206003826E-13	3.15206003826E-13	XRT_rebinned_2
1.18481473862684E+017	7253965369521995	7253965369521995	2.50115999364E-12	3.44300310882E-13	3.44300310882E-13	XRT_rebinned_2
1.31780414806455E+017	6044975574248645	6044975574248645	3.84258519864E-12	5.2253258193E-13	5.2253258193E-13	XRT_rebinned_2
1.47497345012729E+017	9.67195463202575E+015	9.67195463202575E+015	2.36238076422E-12	3.22028406702E-13	3.22028406702E-13	XRT_rebinned_2
1.65632264481507E+017	8462969672730922	8462969672730922	2.5669006434E-12	3.40284126276E-13	3.40284126276E-13	XRT_rebinned_2
1.8014020005653E+017	6044968320280856	6044968320280856	2.92423965534E-12	4.155654375E-13	4.155654375E-13	XRT_rebinned_2
1.92230146369048E+017	6044975574248645	6044975574248645	2.96857197594E-12	4.11185397816E-13	4.11185397816E-13	XRT_rebinned_2
2.06738081944071E+017	8462962418763134	8462962418763134	2.15979952284E-12	2.9113693434E-13	2.9113693434E-13	XRT_rebinned_2
2.24873001412849E+017	9.67196188599354E+015	9.67196188599354E+015	2.10299423094E-12	2.68237456254E-13	2.68237456254E-13	XRT_rebinned_2
2.43007920881627E+017	8462955164795346	8462955164795346	2.09420787582E-12	2.85703781742E-13	2.85703781742E-13	XRT_rebinned_2
2.59933845719153E+017	8462969672730922	8462969672730922	2.32209875466E-12	3.03235636392E-13	3.03235636392E-13	XRT_rebinned_2
2.75650775925428E+017	7253960533543470	7253960533543470	2.80638810108E-12	3.64580545104E-13	3.64580545104E-13	XRT_rebinned_2
2.88949716869198E+017	6044982828216432	6044982828216432	2.91061151226E-12	4.1454725211E-13	4.1454725211E-13	XRT_rebinned_2
3.02248657812969E+017	7253960533543470	7253960533543470	2.58202362042E-12	3.65186169144E-13	3.65186169144E-13	XRT_rebinned_2
3.17965588019243E+017	8462969672730922	8462969672730922	2.88233623962E-12	3.68415042498E-13	3.68415042498E-13	XRT_rebinned_2
3.36100507488022E+017	9.67194737805796E+015	9.67194737805796E+015	2.46755266596E-12	3.32489360358E-13	3.32489360358E-13	XRT_rebinned_2
3.542354269568E+017	8462969672730922	8462969672730922	2.8785647079E-12	4.02598834542E-13	4.02598834542E-13	XRT_rebinned_2
3.72370346425578E+017	9.67196188599354E+015	9.67196188599354E+015	2.72410334064E-12	3.88500932286E-13	3.88500932286E-13	XRT_rebinned_2
3.95341244419364E+017	1.32989433617599E+016	1.32989433617599E+016	2.50720501878E-12	3.4442143569E-13	3.4442143569E-13	XRT_rebinned_2
4.30402088725668E+017	2.1761896108566E+016	2.1761896108566E+016	2.01125500632E-12	2.72628871416E-13	2.72628871416E-13	XRT_rebinned_2
4.78761873975743E+017	2.65978818875413E+016	2.65978818875413E+016	2.07828541098E-12	2.90058987636E-13	2.90058987636E-13	XRT_rebinned_2
5.29539648488322E+017	2.41798926250375E+016	2.41798926250375E+016	2.97482528448E-12	4.13264867238E-13	4.13264867238E-13	XRT_rebinned_2
6.00870331732183E+017	4.71508147987158E+016	4.71508147987158E+016	2.279020941E-12	3.15673680168E-13	3.15673680168E-13	XRT_rebinned_2
7.09679848544851E+017	6.16587261938457E+016	6.16587261938457E+016	2.094930459E-12	2.9772429741E-13	2.9772429741E-13	XRT_rebinned_2
8.8256608081387E+017	1.11227506075173E+017	1.11227506075173E+017	1.71797275296E-12	2.36587351662E-13	2.36587351662E-13	XRT_rebinned_2
1.23438351850817E+018	2.40589907439231E+017	2.40589907439231E+017	1.77853355478E-12	2.48854442832E-13	2.48854442832E-13	XRT_rebinned_2
1.61521682735251E+018	1.40243425585003E+017	1.40243425585003E+017	1.8631190457E-12	6.07928615712E-13	6.07928615712E-13	XRT_rebinned_2
1.10018511443921E+017	3.74788335688082E+016	3.74788335688082E+016	1.547332732278E-12	2.16609448806E-13	2.16609448806E-13	XRT_rebinned_2
1.77722210794026E+017	3.02248657812969E+016	3.02248657812969E+016	2.2281437151E-12	3.08780621154E-13	3.08780621154E-13	XRT_rebinned_2
2.3212696920036E+017	2.41798829530805E+016	2.41798829530805E+016	2.47081630662E-12	3.46019450022E-13	3.46019450022E-13	XRT_rebinned_2
2.82904743712939E+017	2.65978818875413E+016	2.65978818875413E+016	2.3162475933E-12	3.29979705606E-13	3.29979705606E-13	XRT_rebinned_2
3.55444421588052E+017	4.59417959875713E+016	4.59417959875713E+016	1.97125498044E-12	2.71832107302E-13	2.71832107302E-13	XRT_rebinned_2
4.77552879344491E+017	7.61666617688682E+016	7.61666617688682E+016	2.36748210534E-12	3.35522287098E-13	3.35522287098E-13	XRT_rebinned_2
8.2453433851378E+017	2.7081479740042E+017	2.7081479740042E+017	2.03127905196E-12	2.88923202234E-13	2.88923202234E-13	XRT_rebinned_2
1.29966922859577E+018	2.04320044321782E+017	2.04320044321782E+017	8.37696768858E-13	3.92145250914E-13	3.92145250914E-13	XRT_rebinned_2
8.82566E+16	1.57169E+16	1.57169E+16	3.25821E-12	7.99791E-13	7.99791E-13	XRT1
1.11228E+17	7.25397E+15	7.25397E+15	6.42607E-12	1.44492E-12	1.44492E-12	XRT1
1.30571E+17	1.20899E+16	1.20899E+16	5.63440E-12	1.21143E-12	1.21143E-12	XRT1
1.49915E+17	7.25397E+15	7.25397E+15	7.79628E-12	1.79382E-12	1.79382E-12	XRT1
1.65632E+17	8.46297E+15	8.46297E+15	5.32999E-12	1.30262E-12	1.30262E-12	XRT1
1.81349E+17	7.25396E+15	7.25396E+15	6.20340E-12	1.46667E-12	1.46667E-12	XRT1
2.01902E+17	1.32989E+16	1.32989E+16	3.68243E-12	8.12867E-13	8.12867E-13	XRT1
2.27291E+17	1.20899E+16	1.20899E+16	3.41271E-12	8.11884E-13	8.11884E-13	XRT1
2.51471E+17	1.20899E+16	1.20899E+16	3.23396E-12	7.92096E-13	7.92096E-13	XRT1
2.72024E+17	8.46296E+15	8.46296E+15	5.37764E-12	1.23732E-12	1.23732E-12	XRT1
2.91368E+17	1.08810E+16	1.08810E+16	4.15980E-12	9.85532E-13	9.85532E-13	XRT1
3.17966E+17	1.57169E+16	1.57169E+16	3.72645E-12	8.16770E-13	8.16770E-13	XRT1
3.39727E+17	6.04497E+15	6.04497E+15	9.20206E-12	2.17117E-12	2.17117E-12	XRT1
3.56653E+17	1.08810E+16	1.08810E+16	5.57869E-12	1.32169E-12	1.32169E-12	XRT1
3.96550E+17	2.90159E+16	2.90159E+16	3.30307E-12	7.13199E-13	7.13199E-13	XRT1
4.50955E+17	2.53889E+16	2.53889E+16	5.13570E-12	1.15264E-12	1.15264E-12	XRT1
5.12614E+17	3.62698E+16	3.62698E+16	4.79329E-12	1.08080E-12	1.08080E-12	XRT1
6.22632E+17	7.37487E+16	7.37487E+16	4.30947E-12	9.45394E-13	9.45394E-13	XRT1
7.93100E+17	9.67196E+16	9.67196E+16	4.37095E-12	9.83734E-13	9.83734E-13	XRT1
1.02160E+18	1.31780E+17	1.31780E+17	5.24532E-12	1.17943E-12	1.17943E-12	XRT1
1.56081E+18	4.07431E+17	4.07431E+17	3.18789E-12	1.02707E-12	1.02707E-12	XRT1
8.46296E+16	1.20899E+16	1.20899E+16	2.78406E-12	4.59885E-13	4.59885E-13	XRT2
1.03974E+17	7.25397E+15	7.25397E+15	4.14453E-12	6.13949E-13	6.13949E-13	XRT2
1.17272E+17	6.04497E+15	6.04497E+15	4.17688E-12	6.47826E-13	6.47826E-13	XRT2
1.29362E+17	6.04498E+15	6.04498E+15	4.93782E-12	8.16087E-13	8.16087E-13	XRT2
1.45079E+17	9.67195E+15	9.67195E+15	3.62504E-12	5.44411E-13	5.44411E-13	XRT2
1.60796E+17	6.04498E+15	6.04498E+15	5.52370E-12	8.10776E-13	8.10776E-13	XRT2
1.75304E+17	8.46296E+15	8.46296E+15	3.28927E-12	5.11356E-13	5.11356E-13	XRT2
1.92230E+17	8.46296E+15	8.46296E+15	2.85753E-12	4.59878E-13	4.59878E-13	XRT2
2.07947E+17	7.25397E+15	7.25397E+15	3.03102E-12	5.01746E-13	5.01746E-13	XRT2
2.21246E+17	6.04498E+15	6.04498E+15	4.34138E-12	6.56238E-13	6.56238E-13	XRT2
2.34545E+17	7.25397E+15	7.25397E+15	3.33327E-12	5.23064E-13	5.23064E-13	XRT2
2.50262E+17	8.46297E+15	8.46297E+15	2.99902E-12	4.61546E-13	4.61546E-13	XRT2
2.67188E+17	8.46296E+15	8.46296E+15	3.51714E-12	5.05070E-13	5.05070E-13	XRT2
2.81696E+17	6.04498E+15	6.04498E+15	3.84523E-12	6.35512E-13	6.35512E-13	XRT2
2.96204E+17	8.46296E+15	8.46296E+15	3.02216E-12	4.86373E-13	4.86373E-13	XRT2
3.11921E+17	7.25398E+15	7.25398E+15	3.54098E-12	5.85227E-13	5.85227E-13	XRT2
3.28847E+17	9.67195E+15	9.67195E+15	3.15874E-12	4.98305E-13	4.98305E-13	XRT2
3.49399E+17	1.08810E+16	1.08810E+16	2.89119E-12	4.72662E-13	4.72662E-13	XRT2
3.78415E+17	1.81349E+16	1.81349E+16	2.14277E-12	3.45894E-13	3.45894E-13	XRT2
4.11058E+17	1.45079E+16	1.45079E+16	3.76719E-12	5.71737E-13	5.71737E-13	XRT2
4.41283E+17	1.57169E+16	1.57169E+16	4.28168E-12	6.56533E-13	6.56533E-13	XRT2
4.99315E+17	4.23148E+16	4.23148E+16	1.86528E-12	3.06533E-13	3.06533E-13	XRT2
6.03288E+17	6.16587E+16	6.16587E+16	2.43113E-12	3.84819E-13	3.84819E-13	XRT2
7.47159E+17	8.22116E+16	8.22116E+16	2.35934E-12	3.82012E-13	3.82012E-13	XRT2
9.73241E+17	1.43870E+17	1.43870E+17	2.19345E-12	3.50067E-13	3.50067E-13	XRT2
1.64181E+18	5.24704E+17	5.24704E+17	1.70074E-12	3.54569E-13	3.54569E-13	XRT2
4.71210E+22	2.29411E+22	4.47068E+22	1.49733E-12	3.32298E-13	3.36315E-13	Fermi_new_01_2018
1.78951E+23	8.71233E+22	1.69783E+23	2.02699E-12	1.88388E-13	1.95437E-13	Fermi_new_01_2018
6.79602E+23	3.30867E+23	6.44784E+23	2.40092E-12	2.45564E-13	2.63965E-13	Fermi_new_01_2018
2.58092E+24	1.25653E+24	2.44869E+24	2.91364E-12	4.09607E-13	4.49126E-13	Fermi_new_01_2018
9.80156E+24	4.77194E+24	9.29940E+24	3.70428E-12	8.03545E-13	9.33440E-13	Fermi_new_01_2018
3.72233E+25	1.81223E+25	3.53163E+25	1.88435E-12	1.11700E-12	1.47854E-12	Fermi_new_01_2018
7.94067673e25  0.00000000e+00 0.00000000e+00 1.91796457E-12 1.11103713E-12 1.46871161E-12 HESS_rebinned
1.09921791e26  0.00000000e+00 0.00000000e+00 1.77142981E-12 7.31749513E-13 9.70147545E-13 HESS_rebinned
1.6244052e+26  0.00000000e+00 0.00000000e+00 1.50402356E-12 5.20623540E-13 1.06293972E-12 HESS_rebinned
2.4138787e+26  0.00000000e+00 0.00000000e+00 1.38916137E-12 5.15746121E-13 1.19755291E-12 HESS_rebinned
3.8450865e+26  0.00000000e+00 0.00000000e+00 5.46951191E-13 2.67398360E-13 2.06626005E-13 HESS_rebinned
8.1486238e+26  0.00000000e+00 0.00000000e+00 1.43018972E-12 0.00000000e+00 0.00000000e+00 HESS_rebinned
1.5373576e+27  0.00000000e+00 0.00000000e+00 2.65543827E-12 0.00000000e+00 0.00000000e+00 HESS_rebinned