8.111111 -45.930502 -37.819391 -45.930502 -37.819391
8.222222 -45.678993 -37.456771 -45.678993 -37.456771
8.333333 -45.478057 -37.144724 -45.478057 -37.144724
8.444444 -45.304369 -36.859925 -45.304369 -36.859925
8.555556 -45.147500 -36.591944 -45.147500 -36.591944
8.666667 -45.001877 -36.335210 -45.001877 -36.335210
8.777778 -44.864177 -36.086400 -44.864177 -36.086400
8.888889 -44.732267 -35.843378 -44.732267 -35.843378
9.000000 -44.604699 -35.604699 -44.604699 -35.604699
9.111111 -44.480455 -35.369344 -44.480455 -35.369344
9.222222 -44.358793 -35.136570 -44.358793 -35.136570
9.333333 -44.239161 -34.905827 -44.239161 -34.905827
9.444444 -44.121140 -34.676695 -44.121140 -34.676695
9.555556 -44.004406 -34.448851 -44.004406 -34.448851
9.666667 -43.888709 -34.222042 -43.888709 -34.222042
9.777778 -43.773848 -33.996071 -43.773848 -33.996071
9.888889 -43.659667 -33.770778 -43.659667 -33.770778
10.000000 -43.546037 -33.546037 -43.546037 -33.546037
10.111111 -43.432859 -33.321748 -43.432859 -33.321748
10.222222 -43.320049 -33.097827 -43.320049 -33.097827
10.333333 -43.207541 -32.874207 -43.207541 -32.874207
10.444444 -43.095280 -32.650836 -43.095280 -32.650836
10.555556 -42.983223 -32.427667 -42.983223 -32.427667
10.666667 -42.871333 -32.204666 -42.871333 -32.204666
10.777778 -42.759580 -31.981802 -42.759580 -31.981802
10.888889 -42.647941 -31.759052 -42.647941 -31.759052
11.000000 -42.536395 -31.536395 -42.536395 -31.536395
11.111111 -42.424927 -31.313816 -42.424927 -31.313816
11.222222 -42.313522 -31.091300 -42.313522 -31.091300
11.333333 -42.202171 -30.868838 -42.202171 -30.868838
11.444444 -42.090864 -30.646419 -42.090864 -30.646419
11.555556 -41.979593 -30.424038 -41.979593 -30.424038
11.666667 -41.868354 -30.201688 -41.868354 -30.201688
11.777778 -41.757142 -29.979364 -41.757142 -29.979364
11.888889 -41.645952 -29.757063 -41.645952 -29.757063
12.000000 -41.534783 -29.534783 -41.534783 -29.534783
12.111111 -41.423632 -29.312521 -41.423632 -29.312521
12.222222 -41.312499 -29.090277 -41.312499 -29.090277
12.333333 -41.201382 -28.868049 -41.201382 -28.868049
12.444444 -41.090283 -28.645839 -41.090283 -28.645839
12.555556 -40.979203 -28.423647 -40.979203 -28.423647
12.666667 -40.868142 -28.201476 -40.868142 -28.201476
12.777778 -40.757105 -27.979328 -40.757105 -27.979328
12.888889 -40.646095 -27.757206 -40.646095 -27.757206
13.000000 -40.535117 -27.535117 -40.535117 -27.535117
13.111111 -40.424178 -27.313067 -40.424178 -27.313067
13.222222 -40.313286 -27.091064 -40.313286 -27.091064
13.333333 -40.202451 -26.869118 -40.202451 -26.869118
13.444444 -40.091687 -26.647242 -40.091687 -26.647242
13.555556 -39.981009 -26.425453 -39.981009 -26.425453
13.666667 -39.870436 -26.203770 -39.870436 -26.203770
13.777778 -39.759994 -25.982216 -39.759994 -25.982216
13.888889 -39.649709 -25.760821 -39.649709 -25.760821
14.000000 -39.539619 -25.539619 -39.539619 -25.539619
14.111111 -39.429765 -25.318654 -39.429765 -25.318654
14.222222 -39.320198 -25.097976 -39.320198 -25.097976
14.333333 -39.210980 -24.877647 -39.210980 -24.877647
14.444444 -39.102183 -24.657739 -39.102183 -24.657739
14.555556 -38.993894 -24.438338 -38.993894 -24.438338
14.666667 -38.886213 -24.219547 -38.886213 -24.219547
14.777778 -38.779260 -24.001483 -38.779260 -24.001483
14.888889 -38.673172 -23.784283 -38.673172 -23.784283
15.000000 -38.568104 -23.568104 -38.568104 -23.568104
15.111111 -38.464235 -23.353124 -38.464235 -23.353124
15.222222 -38.361758 -23.139536 -38.361758 -23.139536
15.333333 -38.260886 -22.927553 -38.260886 -22.927553
15.444444 -38.161837 -22.717393 -38.161837 -22.717393
15.555556 -38.064827 -22.509272 -38.064827 -22.509272
15.666667 -37.970052 -22.303385 -37.970052 -22.303385
15.777778 -37.877661 -22.099883 -37.877661 -22.099883
15.888889 -37.787738 -21.898849 -37.787738 -21.898849
16.000000 -37.700293 -21.700293 -37.700293 -21.700293
16.111111 -37.615327 -21.504216 -37.615327 -21.504216
16.222222 -37.533079 -21.310856 -37.533079 -21.310856
16.333333 -37.454726 -21.121393 -37.454726 -21.121393
16.444444 -37.383732 -20.939288 -37.383732 -20.939288
16.555556 -37.321677 -20.766121 -37.321677 -20.766121
16.666667 -37.266993 -20.600326 -37.266993 -20.600326
16.777778 -37.217804 -20.440026 -37.217804 -20.440026
16.888889 -37.172812 -20.283923 -37.172812 -20.283923
17.000000 -37.131116 -20.131116 -37.131116 -20.131116
17.111111 -37.092031 -19.980920 -37.092031 -19.980920
17.222222 -37.055028 -19.832806 -37.055028 -19.832806
17.333333 -37.019693 -19.686360 -37.019693 -19.686360
17.444444 -36.985713 -19.541269 -36.985713 -19.541269
17.555556 -36.952850 -19.397295 -36.952850 -19.397295
17.666667 -36.920905 -19.254239 -36.920905 -19.254239
17.777778 -36.889716 -19.111938 -36.889716 -19.111938
17.888889 -36.859153 -18.970264 -36.859153 -18.970264
18.000000 -36.829117 -18.829117 -36.829117 -18.829117
18.111111 -36.799527 -18.688416 -36.799527 -18.688416
18.222222 -36.770309 -18.548087 -36.770309 -18.548087
18.333333 -36.741409 -18.408075 -36.741409 -18.408075
18.444444 -36.712779 -18.268335 -36.712779 -18.268335
18.555556 -36.684380 -18.128825 -36.684380 -18.128825
18.666667 -36.656174 -17.989507 -36.656174 -17.989507
18.777778 -36.628119 -17.850341 -36.628119 -17.850341
18.888889 -36.600181 -17.711292 -36.600181 -17.711292
19.000000 -36.572339 -17.572339 -36.572339 -17.572339
19.111111 -36.544577 -17.433466 -36.544577 -17.433466
19.222222 -36.516887 -17.294665 -36.516887 -17.294665
19.333333 -36.489264 -17.155931 -36.489264 -17.155931
19.444444 -36.461707 -17.017263 -36.461707 -17.017263
19.555556 -36.434220 -16.878664 -36.434220 -16.878664
19.666667 -36.406808 -16.740141 -36.406808 -16.740141
19.777778 -36.379480 -16.601703 -36.379480 -16.601703
19.888889 -36.352249 -16.463361 -36.352249 -16.463361
20.000000 -36.325130 -16.325130 -36.325130 -16.325130
20.111111 -36.298139 -16.187028 -36.298139 -16.187028
20.222222 -36.271300 -16.049078 -36.271300 -16.049078
20.333333 -36.244638 -15.911304 -36.244638 -15.911304
20.444444 -36.218182 -15.773738 -36.218182 -15.773738
20.555556 -36.191968 -15.636412 -36.191968 -15.636412
20.666667 -36.166036 -15.499369 -36.166036 -15.499369
20.777778 -36.140432 -15.362654 -36.140432 -15.362654
20.888889 -36.115209 -15.226320 -36.115209 -15.226320
21.000000 -36.090429 -15.090429 -36.090429 -15.090429
21.111111 -36.066159 -14.955048 -36.066159 -14.955048
21.222222 -36.042479 -14.820257 -36.042479 -14.820257
21.333333 -36.019475 -14.686141 -36.019475 -14.686141
21.444444 -35.997245 -14.552801 -35.997245 -14.552801
21.555556 -35.975900 -14.420344 -35.975900 -14.420344
21.666667 -35.955560 -14.288893 -35.955560 -14.288893
21.777778 -35.936359 -14.158581 -35.936359 -14.158581
21.888889 -35.918443 -14.029554 -35.918443 -14.029554
22.000000 -35.901971 -13.901971 -35.901971 -13.901971
22.111111 -35.887117 -13.776006 -35.887117 -13.776006
22.222222 -35.874064 -13.651841 -35.874064 -13.651841
22.333333 -35.863007 -13.529673 -35.863007 -13.529673
22.444444 -35.854150 -13.409705 -35.854150 -13.409705
22.555556 -35.847702 -13.292146 -35.847702 -13.292146
22.666667 -35.843872 -13.177205 -35.843872 -13.177205
22.777778 -35.842861 -13.065083 -35.842861 -13.065083
22.888889 -35.844839 -12.955950 -35.844839 -12.955950
23.000000 -35.849968 -12.849968 -35.849968 -12.849968
23.111111 -35.858358 -12.747247 -35.858358 -12.747247
23.222222 -35.870047 -12.647824 -35.870047 -12.647824
23.333333 -35.885029 -12.551695 -35.885029 -12.551695
23.444444 -35.903246 -12.458801 -35.903246 -12.458801
23.555556 -35.924582 -12.369026 -35.924582 -12.369026
23.666667 -35.948914 -12.282248 -35.948914 -12.282248
23.777778 -35.976155 -12.198377 -35.976155 -12.198377
23.888889 -36.006339 -12.117450 -36.006339 -12.117450
24.000000 -36.039292 -12.039292 -36.039292 -12.039292
24.111111 -36.075223 -11.964112 -36.075223 -11.964112
24.222222 -36.114129 -11.891906 -36.114129 -11.891906
24.333333 -36.156040 -11.822707 -36.156040 -11.822707
24.444444 -36.201251 -11.756807 -36.201251 -11.756807
24.555556 -36.250198 -11.694643 -36.250198 -11.694643
24.666667 -36.303168 -11.636502 -36.303168 -11.636502
24.777778 -36.360985 -11.583207 -36.360985 -11.583207
24.888889 -36.423771 -11.534883 -36.423771 -11.534883
25.000000 -36.492081 -11.492081 -36.492060 -11.492060
25.111111 -36.566878 -11.455767 -36.566453 -11.455342
25.222222 -36.649497 -11.427275 -36.647858 -11.425635
25.333333 -36.740507 -11.407174 -36.736316 -11.402983
25.444444 -36.839193 -11.394748 -36.829910 -11.385466
25.555556 -36.947732 -11.392176 -36.929306 -11.373750
25.666667 -37.070067 -11.403400 -37.035168 -11.368501
25.777778 -37.210636 -11.432858 -37.148340 -11.370562
25.888889 -37.374961 -11.486072 -37.270839 -11.381950
26.000000 -37.564114 -11.564114 -37.402500 -11.402500
26.111111 -37.780321 -11.669210 -37.546174 -11.435063
26.222222 -38.018968 -11.796745 -37.703898 -11.481675
26.333333 -38.272315 -11.938981 -37.873388 -11.540055
26.444444 -38.529635 -12.085190 -38.049564 -11.605120
26.555556 -38.775323 -12.219767 -38.227034 -11.671478
26.666667 -39.014924 -12.348257 -38.408105 -11.741439
26.777778 -39.250414 -12.472636 -38.590770 -11.812992
26.888889 -39.497621 -12.608732 -38.776908 -11.888019
27.000000 -39.780099 -12.780099 -38.967570 -11.967570
27.111111 -40.122433 -13.011322 -39.160811 -12.049700
27.222222 -40.548987 -13.326765 -39.362234 -12.140012
27.333333 -41.110653 -13.777320 -39.567809 -12.234475
27.444444 -41.945342 -14.500897 -39.786104 -12.341659
27.555556 -43.257196 -15.701641 -40.019111 -12.463555
27.666667 -45.619167 -17.952500 -40.280621 -12.613955
27.777778 -49.734680 -21.956902 -40.593039 -12.815262
27.888889 -56.781661 -28.892773 -41.021637 -13.132748
28.000000 -68.446471 -40.446471 -42.104549 -14.104549
