1000000015.5072	2.9809E-013	2.4028E-014
1002899987.02847	2.9857E-013	2.4058E-014
1005699999.46235	2.9904E-013	2.4089E-014
1008600012.3403	2.9952E-013	2.4119E-014
1011499983.86157	3.0000E-013	2.4149E-014
1014399996.73952	3.0048E-013	2.4180E-014
1017300009.61747	3.0096E-013	2.4210E-014
1020199981.13874	3.0144E-013	2.4241E-014
1023099994.01669	3.0192E-013	2.4271E-014
1026000006.89463	3.0240E-013	2.4302E-014
1028900019.77258	3.0288E-013	2.4333E-014
1031899991.73792	3.0337E-013	2.4363E-014
1034800004.61587	3.0385E-013	2.4394E-014
1037800017.93788	3.0434E-013	2.4425E-014
1040799989.90322	3.0482E-013	2.4456E-014
1043700002.78117	3.0531E-013	2.4487E-014
1046700016.10318	3.0580E-013	2.4518E-014
1049699988.06852	3.0629E-013	2.4549E-014
1052700001.39054	3.0677E-013	2.4580E-014
1055700014.71255	3.0726E-013	2.4611E-014
1058699986.67789	3.0775E-013	2.4642E-014
1061800000.44397	3.0825E-013	2.4674E-014
1064800013.76599	3.0874E-013	2.4705E-014
1067799985.73132	3.0923E-013	2.4736E-014
1070899999.49741	3.0972E-013	2.4768E-014
1073900012.81942	3.1022E-013	2.4799E-014
1076999985.22883	3.1071E-013	2.4831E-014
1080099998.99491	3.1121E-013	2.4862E-014
1083200012.76099	3.1171E-013	2.4894E-014
1086299985.17039	3.1220E-013	2.4925E-014
1089399998.93648	3.1270E-013	2.4957E-014
1092500012.70256	3.1320E-013	2.4989E-014
1095599985.11196	3.1370E-013	2.5021E-014
1098699998.87805	3.1420E-013	2.5053E-014
1101900013.08819	3.1470E-013	2.5085E-014
1104999985.4976	3.1521E-013	2.5117E-014
1108199999.70775	3.1571E-013	2.5149E-014
1111300013.47383	3.1621E-013	2.5181E-014
1114499986.3273	3.1672E-013	2.5213E-014
1117700000.53745	3.1722E-013	2.5245E-014
1120900014.7476	3.1773E-013	2.5277E-014
1124099987.60107	3.1824E-013	2.5310E-014
1127300001.81122	3.1874E-013	2.5342E-014
1130500016.02137	3.1925E-013	2.5374E-014
1133799989.31891	3.1976E-013	2.5407E-014
1137000003.52906	3.2027E-013	2.5439E-014
1140300018.18328	3.2078E-013	2.5472E-014
1143499991.03675	3.2130E-013	2.5505E-014
1146800005.69097	3.2181E-013	2.5537E-014
1150100020.34518	3.2232E-013	2.5570E-014
1153299993.19866	3.2284E-013	2.5603E-014
1156600007.85287	3.2335E-013	2.5636E-014
1159899981.15041	3.2387E-013	2.5669E-014
1163299996.2487	3.2439E-013	2.5702E-014
1166600010.90291	3.2490E-013	2.5735E-014
1169899984.20045	3.2542E-013	2.5768E-014
1173299999.29873	3.2594E-013	2.5801E-014
1176600013.95295	3.2646E-013	2.5834E-014
1179999987.69456	3.2698E-013	2.5868E-014
1183300002.34877	3.2751E-013	2.5901E-014
1186700017.44706	3.2803E-013	2.5934E-014
1190099991.18866	3.2855E-013	2.5968E-014
1193500006.28695	3.2908E-013	2.6001E-014
1196899980.02855	3.2960E-013	2.6035E-014
1200299995.12684	3.3013E-013	2.6068E-014
1203800010.66919	3.3065E-013	2.6102E-014
1207199984.4108	3.3118E-013	2.6136E-014
1210699999.95315	3.3171E-013	2.6170E-014
1214100015.05143	3.3224E-013	2.6203E-014
1217599989.2371	3.3277E-013	2.6237E-014
1221100004.77945	3.3330E-013	2.6271E-014
1224600020.3218	3.3383E-013	2.6305E-014
1228099994.50748	3.3437E-013	2.6339E-014
1231600010.04983	3.3490E-013	2.6373E-014
1235099984.2355	3.3544E-013	2.6408E-014
1238599999.77785	3.3597E-013	2.6442E-014
1242200015.76427	3.3651E-013	2.6476E-014
1245699989.94995	3.3704E-013	2.6511E-014
1249300005.93636	3.3758E-013	2.6545E-014
1252799980.12204	3.3812E-013	2.6580E-014
1256399996.10845	3.3866E-013	2.6614E-014
1260000012.09487	3.3920E-013	2.6649E-014
1263599986.72461	3.3974E-013	2.6683E-014
1267200002.71103	3.4028E-013	2.6718E-014
1270800018.69745	3.4083E-013	2.6753E-014
1274499993.77126	3.4137E-013	2.6788E-014
1278100009.75768	3.4192E-013	2.6823E-014
1281799984.83148	3.4246E-013	2.6858E-014
1285400000.8179	3.4301E-013	2.6893E-014
1289100017.24839	3.4356E-013	2.6928E-014
1292799992.32219	3.4411E-013	2.6963E-014
1296500008.75268	3.4465E-013	2.6998E-014
1300199983.82649	3.4520E-013	2.7034E-014
1303900000.25697	3.4576E-013	2.7069E-014
1307600016.68746	3.4631E-013	2.7104E-014
1311399992.20533	3.4686E-013	2.7140E-014
1315100008.63582	3.4741E-013	2.7175E-014
1318899984.15369	3.4797E-013	2.7211E-014
1322600000.58418	3.4852E-013	2.7247E-014
1326400017.45873	3.4908E-013	2.7282E-014
1330199992.97661	3.4964E-013	2.7318E-014
1334000009.85116	3.5020E-013	2.7354E-014
1337799985.36903	3.5075E-013	2.7390E-014
1341600002.24359	3.5131E-013	2.7426E-014
1345500019.5622	3.5188E-013	2.7462E-014
1349299995.08008	3.5244E-013	2.7498E-014
1353200012.3987	3.5300E-013	2.7534E-014
1356999987.91658	3.5356E-013	2.7570E-014
1360900005.23519	3.5413E-013	2.7607E-014
1364799981.19714	3.5469E-013	2.7643E-014
1368699998.51576	3.5526E-013	2.7680E-014
1372600015.83438	3.5583E-013	2.7716E-014
1376499991.79632	3.5639E-013	2.7753E-014
1380500009.559	3.5696E-013	2.7789E-014
1384399985.52095	3.5753E-013	2.7826E-014
1388400003.28363	3.5810E-013	2.7863E-014
1392300020.60225	3.5868E-013	2.7899E-014
1396299997.00826	3.5925E-013	2.7936E-014
1400300014.77095	3.5982E-013	2.7973E-014
1404299991.17696	3.6040E-013	2.8010E-014
1408300008.93965	3.6097E-013	2.8047E-014
1412299985.34565	3.6155E-013	2.8085E-014
1416400003.55241	3.6212E-013	2.8122E-014
1420399979.95842	3.6270E-013	2.8159E-014
1424499998.16517	3.6328E-013	2.8196E-014
1428600016.37192	3.6386E-013	2.8234E-014
1432599992.77793	3.6444E-013	2.8271E-014
1436700010.98469	3.6502E-013	2.8309E-014
1440799987.83477	3.6561E-013	2.8347E-014
1445000006.48559	3.6619E-013	2.8384E-014
1449099983.33566	3.6677E-013	2.8422E-014
1453200001.54242	3.6736E-013	2.8460E-014
1457400020.19324	3.6795E-013	2.8498E-014
1461499997.04331	3.6853E-013	2.8536E-014
1465700015.69414	3.6912E-013	2.8574E-014
1469899992.98828	3.6971E-013	2.8612E-014
1474100011.6391	3.7030E-013	2.8650E-014
1478299988.93324	3.7089E-013	2.8688E-014
1482500007.58406	3.7148E-013	2.8727E-014
1486799985.32228	3.7208E-013	2.8765E-014
1491000003.9731	3.7267E-013	2.8803E-014
1495299981.71131	3.7327E-013	2.8842E-014
1499600000.8062	3.7386E-013	2.8881E-014
1503800019.45702	3.7446E-013	2.8919E-014
1508099997.19523	3.7506E-013	2.8958E-014
1512500016.73418	3.7565E-013	2.8997E-014
1516799994.47239	3.7625E-013	2.9036E-014
1521100013.56728	3.7685E-013	2.9075E-014
1525499991.74956	3.7746E-013	2.9114E-014
1529800010.84445	3.7806E-013	2.9153E-014
1534199989.02673	3.7866E-013	2.9192E-014
1538600008.56568	3.7927E-013	2.9231E-014
1542999986.74796	3.7987E-013	2.9270E-014
1547400006.28691	3.8048E-013	2.9310E-014
1551799984.46919	3.8109E-013	2.9349E-014
1556200004.00815	3.8169E-013	2.9389E-014
1560699982.63449	3.8230E-013	2.9428E-014
1565100002.17345	3.8291E-013	2.9468E-014
1569599980.79979	3.8352E-013	2.9508E-014
1574100000.78282	3.8414E-013	2.9547E-014
1578599979.40916	3.8475E-013	2.9587E-014
1583099999.39218	3.8536E-013	2.9627E-014
1587600019.37521	3.8598E-013	2.9667E-014
1592199998.44562	3.8660E-013	2.9707E-014
1596700018.42864	3.8721E-013	2.9748E-014
1601299997.49905	3.8783E-013	2.9788E-014
1605800017.48208	3.8845E-013	2.9828E-014
1610399996.55249	3.8907E-013	2.9869E-014
1615000016.97958	3.8969E-013	2.9909E-014
1619699996.49406	3.9031E-013	2.9950E-014
1624300016.92115	3.9094E-013	2.9990E-014
1628899995.99156	3.9156E-013	3.0031E-014
1633600016.86272	3.9219E-013	3.0072E-014
1638199995.93313	3.9281E-013	3.0113E-014
1642900016.80429	3.9344E-013	3.0154E-014
1647599996.31877	3.9407E-013	3.0195E-014
1652300017.18992	3.9470E-013	3.0236E-014
1656999996.7044	3.9533E-013	3.0277E-014
1661800018.01963	3.9596E-013	3.0318E-014
1666499997.53411	3.9659E-013	3.0359E-014
1671300018.84933	3.9722E-013	3.0401E-014
1676099998.80788	3.9786E-013	3.0442E-014
1680900020.1231	3.9849E-013	3.0484E-014
1685700000.08165	3.9913E-013	3.0525E-014
1690499980.0402	3.9976E-013	3.0567E-014
1695300001.35542	4.0040E-013	3.0609E-014
1700199981.75803	4.0104E-013	3.0651E-014
1705000003.07326	4.0168E-013	3.0693E-014
1709899983.47587	4.0232E-013	3.0735E-014
1714800005.23516	4.0296E-013	3.0777E-014
1719699985.63778	4.0361E-013	3.0819E-014
1724600007.39707	4.0425E-013	3.0861E-014
1729499987.79968	4.0490E-013	3.0903E-014
1734400009.55897	4.0554E-013	3.0946E-014
1739399990.40565	4.0619E-013	3.0988E-014
1744400012.60901	4.0684E-013	3.1031E-014
1749399993.45569	4.0749E-013	3.1074E-014
1754400015.65905	4.0814E-013	3.1116E-014
1759399996.50573	4.0879E-013	3.1159E-014
1764400018.70909	4.0944E-013	3.1202E-014
1769399999.55577	4.1010E-013	3.1245E-014
1774499980.84652	4.1075E-013	3.1288E-014
1779600003.49395	4.1141E-013	3.1331E-014
1784699984.78469	4.1206E-013	3.1374E-014
1789800007.43212	4.1272E-013	3.1418E-014
1794899988.72287	4.1338E-013	3.1461E-014
1800000011.37029	4.1404E-013	3.1504E-014
1805099992.66104	4.1470E-013	3.1548E-014
1810300015.75253	4.1536E-013	3.1592E-014
1815499997.48735	4.1603E-013	3.1635E-014
1820700020.57884	4.1669E-013	3.1679E-014
1825900002.31366	4.1735E-013	3.1723E-014
1831099984.04847	4.1802E-013	3.1767E-014
1836300007.13997	4.1869E-013	3.1811E-014
1841599989.31885	4.1936E-013	3.1855E-014
1846800012.41034	4.2003E-013	3.1899E-014
1852099994.58922	4.2070E-013	3.1944E-014
1857400018.12478	4.2137E-013	3.1988E-014
1862700000.30367	4.2204E-013	3.2032E-014
1867999982.48255	4.2271E-013	3.2077E-014
1873400006.46218	4.2339E-013	3.2122E-014
1878699988.64106	4.2406E-013	3.2166E-014
1884100012.62068	4.2474E-013	3.2211E-014
1889499995.24363	4.2542E-013	3.2256E-014
1894900019.22326	4.2610E-013	3.2301E-014
1900300001.84621	4.2678E-013	3.2346E-014
1905699984.46916	4.2746E-013	3.2391E-014
1911100008.44879	4.2814E-013	3.2436E-014
1916599991.5158	4.2883E-013	3.2482E-014
1922100015.9395	4.2951E-013	3.2527E-014
1927599999.00652	4.3020E-013	3.2573E-014
1933099982.07353	4.3088E-013	3.2618E-014
1938600006.49723	4.3157E-013	3.2664E-014
1944099989.56424	4.3226E-013	3.2710E-014
1949700014.43201	4.3295E-013	3.2756E-014
1955299997.94309	4.3364E-013	3.2802E-014
1960899981.45417	4.3433E-013	3.2848E-014
1966500006.32193	4.3503E-013	3.2894E-014
1972099989.83302	4.3572E-013	3.2940E-014
1977700014.70078	4.3642E-013	3.2986E-014
1983399998.65593	4.3711E-013	3.3033E-014
1988999982.16702	4.3781E-013	3.3079E-014
1994700007.47884	4.3851E-013	3.3126E-014
2000399991.434	4.3921E-013	3.3172E-014
2006100016.74582	4.3991E-013	3.3219E-014
2011900001.14504	4.4061E-013	3.3266E-014
2017599985.10019	4.4132E-013	3.3313E-014
2023400010.85609	4.4202E-013	3.3360E-014
2029199995.25531	4.4273E-013	3.3407E-014
2034999979.65453	4.4343E-013	3.3454E-014
2040800005.41042	4.4414E-013	3.3501E-014
2046599989.80964	4.4485E-013	3.3549E-014
2052500016.0096	4.4556E-013	3.3596E-014
2058300000.40882	4.4627E-013	3.3644E-014
2064199985.25211	4.4698E-013	3.3691E-014
2070100011.45207	4.4770E-013	3.3739E-014
2075999996.29536	4.4841E-013	3.3787E-014
2081899981.13864	4.4913E-013	3.3835E-014
2087900007.78267	4.4984E-013	3.3883E-014
2093899993.07002	4.5056E-013	3.3931E-014
2099800019.26999	4.5128E-013	3.3979E-014
2105800004.55734	4.5200E-013	3.4028E-014
2111899990.28876	4.5272E-013	3.4076E-014
2117900016.93279	4.5345E-013	3.4124E-014
2123900002.22014	4.5417E-013	3.4173E-014
2129999987.95156	4.5489E-013	3.4222E-014
2136100015.03966	4.5562E-013	3.4271E-014
2142200000.77108	4.5635E-013	3.4319E-014
2148299986.5025	4.5708E-013	3.4368E-014
2154500014.03466	4.5781E-013	3.4418E-014
2160599999.76608	4.5854E-013	3.4467E-014
2166799985.94157	4.5927E-013	3.4516E-014
2173000013.47373	4.6000E-013	3.4565E-014
2179199999.64922	4.6074E-013	3.4615E-014
2185399985.82471	4.6147E-013	3.4664E-014
2191700013.80094	4.6221E-013	3.4714E-014
2197899999.97643	4.6295E-013	3.4764E-014
2204199986.59598	4.6368E-013	3.4814E-014
2210500014.57221	4.6442E-013	3.4864E-014
2216800001.19177	4.6517E-013	3.4914E-014
2223199988.25539	4.6591E-013	3.4964E-014
2229500016.23162	4.6665E-013	3.5014E-014
2235900003.29524	4.6740E-013	3.5064E-014
2242299990.35886	4.6814E-013	3.5115E-014
2248700018.77916	4.6889E-013	3.5165E-014
2255100005.84278	4.6964E-013	3.5216E-014
2261499992.9064	4.7039E-013	3.5267E-014
2267999980.41409	4.7114E-013	3.5318E-014
2274500009.27846	4.7189E-013	3.5369E-014
2280999996.78615	4.7264E-013	3.5420E-014
2287499984.29384	4.7340E-013	3.5471E-014
2294000013.1582	4.7415E-013	3.5522E-014
2300600001.10996	4.7491E-013	3.5573E-014
2307199989.06171	4.7567E-013	3.5625E-014
2313800018.37015	4.7643E-013	3.5676E-014
2320400006.3219	4.7719E-013	3.5728E-014
2326999994.27366	4.7795E-013	3.5780E-014
2333699982.66948	4.7871E-013	3.5832E-014
2340300011.97791	4.7948E-013	3.5884E-014
2347000000.37374	4.8024E-013	3.5936E-014
2353699988.76956	4.8101E-013	3.5988E-014
2360400018.52206	4.8178E-013	3.6040E-014
2367200007.36195	4.8255E-013	3.6093E-014
2373999996.20184	4.8332E-013	3.6145E-014
2380699984.59766	4.8409E-013	3.6198E-014
2387500014.79423	4.8486E-013	3.6250E-014
2394400004.07819	4.8564E-013	3.6303E-014
2401199992.91808	4.8641E-013	3.6356E-014
2408099982.20204	4.8719E-013	3.6409E-014
2414900012.3986	4.8796E-013	3.6462E-014
2421800001.68256	4.8874E-013	3.6515E-014
2428799991.41058	4.8952E-013	3.6569E-014
2435699980.69454	4.9030E-013	3.6622E-014
2442700011.77924	4.9109E-013	3.6676E-014
2449600001.0632	4.9187E-013	3.6729E-014
2456599990.79122	4.9266E-013	3.6783E-014
2463699980.96332	4.9344E-013	3.6837E-014
2470700012.04802	4.9423E-013	3.6891E-014
2477800002.22011	4.9502E-013	3.6945E-014
2484799991.94813	4.9581E-013	3.6999E-014
2491899982.12023	4.9660E-013	3.7054E-014
2499100014.09306	4.9739E-013	3.7108E-014
2506200004.26515	4.9819E-013	3.7163E-014
2513399994.88131	4.9898E-013	3.7217E-014
2520499985.0534	4.9978E-013	3.7272E-014
2527700017.02624	5.0058E-013	3.7327E-014
2535000008.08647	5.0138E-013	3.7382E-014
2542199998.70262	5.0218E-013	3.7437E-014
2549499989.76285	5.0298E-013	3.7492E-014
2556799980.82308	5.0378E-013	3.7547E-014
2564100013.23998	5.0458E-013	3.7603E-014
2571400004.30021	5.0539E-013	3.7658E-014
2578699995.36043	5.0620E-013	3.7714E-014
2586099986.86472	5.0701E-013	3.7770E-014
2593500019.72569	5.0781E-013	3.7826E-014
2600900011.22999	5.0862E-013	3.7882E-014
2608300002.73428	5.0944E-013	3.7938E-014
2615799994.68264	5.1025E-013	3.7994E-014
2623299986.631	5.1106E-013	3.8050E-014
2630800019.93604	5.1188E-013	3.8107E-014
2638300011.8844	5.1270E-013	3.8163E-014
2645800003.83276	5.1352E-013	3.8220E-014
2653399996.22519	5.1434E-013	3.8277E-014
2660999988.61761	5.1516E-013	3.8334E-014
2668599981.01004	5.1598E-013	3.8391E-014
2676200014.75915	5.1680E-013	3.8448E-014
2683800007.15157	5.1763E-013	3.8505E-014
2691499999.98807	5.1845E-013	3.8562E-014
2699199992.82456	5.1928E-013	3.8620E-014
2706899985.66106	5.2011E-013	3.8677E-014
2714600019.85423	5.2094E-013	3.8735E-014
2722400013.13479	5.2177E-013	3.8793E-014
2730200006.41535	5.2260E-013	3.8851E-014
2737999999.69591	5.2344E-013	3.8909E-014
2745799992.97648	5.2427E-013	3.8967E-014
2753699986.70111	5.2511E-013	3.9025E-014
2761499979.98167	5.2595E-013	3.9084E-014
2769400015.06297	5.2679E-013	3.9142E-014
2777300008.7876	5.2763E-013	3.9201E-014
2785300002.9563	5.2847E-013	3.9260E-014
2793199996.68093	5.2932E-013	3.9319E-014
2801199990.84962	5.3016E-013	3.9378E-014
2809199985.01832	5.3101E-013	3.9437E-014
2817200020.54369	5.3185E-013	3.9496E-014
2825300015.15646	5.3270E-013	3.9556E-014
2833400009.76922	5.3355E-013	3.9615E-014
2841400003.93792	5.3441E-013	3.9675E-014
2849599998.99475	5.3526E-013	3.9735E-014
2857699993.60751	5.3611E-013	3.9794E-014
2865899988.66434	5.3697E-013	3.9854E-014
2874099983.72117	5.3783E-013	3.9915E-014
2882300020.13468	5.3868E-013	3.9975E-014
2890500015.19151	5.3954E-013	4.0035E-014
2898800010.69241	5.4041E-013	4.0096E-014
2907100006.1933	5.4127E-013	4.0156E-014
2915400001.6942	5.4213E-013	4.0217E-014
2923699997.1951	5.4300E-013	4.0278E-014
2931999992.696	5.4386E-013	4.0339E-014
2940399988.64096	5.4473E-013	4.0400E-014
2948799984.58593	5.4560E-013	4.0461E-014
2957299980.97496	5.4647E-013	4.0523E-014
2965700018.2766	5.4734E-013	4.0584E-014
2974200014.66563	5.4822E-013	4.0646E-014
2982700011.05466	5.4909E-013	4.0708E-014
2991200007.44369	5.4997E-013	4.0769E-014
2999700003.83273	5.5085E-013	4.0831E-014
3008300000.66583	5.5173E-013	4.0894E-014
3016899997.49893	5.5261E-013	4.0956E-014
3025499994.33202	5.5349E-013	4.1018E-014
3034199991.60919	5.5437E-013	4.1081E-014
3042799988.44229	5.5526E-013	4.1143E-014
3051499985.71946	5.5614E-013	4.1206E-014
3060299983.44069	5.5703E-013	4.1269E-014
3068999980.71786	5.5792E-013	4.1332E-014
3077800019.79577	5.5881E-013	4.1395E-014
3086600017.517	5.5970E-013	4.1459E-014
3095400015.23823	5.6060E-013	4.1522E-014
3104200012.95947	5.6149E-013	4.1586E-014
3113100011.12477	5.6239E-013	4.1649E-014
3122000009.29007	5.6329E-013	4.1713E-014
3130900007.45537	5.6419E-013	4.1777E-014
3139900006.06474	5.6509E-013	4.1841E-014
3148800004.23004	5.6599E-013	4.1906E-014
3157800002.8394	5.6689E-013	4.1970E-014
3166900001.89284	5.6780E-013	4.2035E-014
3175900000.50221	5.6870E-013	4.2099E-014
3184999999.55564	5.6961E-013	4.2164E-014
3194099998.60908	5.7052E-013	4.2229E-014
3203199997.66251	5.7143E-013	4.2294E-014
3212399997.16001	5.7234E-013	4.2359E-014
3221499996.21345	5.7326E-013	4.2424E-014
3230699995.71095	5.7417E-013	4.2490E-014
3239999995.65252	5.7509E-013	4.2555E-014
3249199995.15002	5.7601E-013	4.2621E-014
3258499995.09159	5.7692E-013	4.2687E-014
3267799995.03316	5.7785E-013	4.2753E-014
3277199995.4188	5.7877E-013	4.2819E-014
3286499995.36037	5.7969E-013	4.2885E-014
3295899995.746	5.8062E-013	4.2952E-014
3305299996.13164	5.8154E-013	4.3018E-014
3314799996.96134	5.8247E-013	4.3085E-014
3324299997.79105	5.8340E-013	4.3152E-014
3333799998.62075	5.8433E-013	4.3219E-014
3343299999.45045	5.8527E-013	4.3286E-014
3352800000.28016	5.8620E-013	4.3353E-014
3362400001.55393	5.8714E-013	4.3421E-014
3372000002.8277	5.8807E-013	4.3488E-014
3381700004.54554	5.8901E-013	4.3556E-014
3391300005.81931	5.8995E-013	4.3624E-014
3401000007.53714	5.9089E-013	4.3692E-014
3410700009.25498	5.9184E-013	4.3760E-014
3420500011.41689	5.9278E-013	4.3828E-014
3430300013.57879	5.9373E-013	4.3897E-014
3440100015.7407	5.9468E-013	4.3965E-014
3449900017.9026	5.9562E-013	4.4034E-014
3459700020.06451	5.9658E-013	4.4103E-014
3469599981.3138	5.9753E-013	4.4172E-014
3479499983.91978	5.9848E-013	4.4241E-014
3489499986.96982	5.9944E-013	4.4310E-014
3499499990.01986	6.0039E-013	4.4379E-014
3509499993.06989	6.0135E-013	4.4449E-014
3519499996.11993	6.0231E-013	4.4519E-014
3529499999.16997	6.0327E-013	4.4589E-014
3539600002.66408	6.0424E-013	4.4659E-014
3549700006.15819	6.0520E-013	4.4729E-014
3559900010.09636	6.0617E-013	4.4799E-014
3570100014.03453	6.0713E-013	4.4869E-014
3580300017.97271	6.0810E-013	4.4940E-014
3590499980.5542	6.0907E-013	4.5011E-014
3600699984.49238	6.1005E-013	4.5082E-014
3610999988.87462	6.1102E-013	4.5153E-014
3621299993.25686	6.1200E-013	4.5224E-014
3631699998.08317	6.1297E-013	4.5295E-014
3642100002.90948	6.1395E-013	4.5367E-014
3652500007.73578	6.1493E-013	4.5438E-014
3662900012.56209	6.1591E-013	4.5510E-014
3673400017.83247	6.1690E-013	4.5582E-014
3683899981.74617	6.1788E-013	4.5654E-014
3694399987.01654	6.1887E-013	4.5727E-014
3704999992.73098	6.1985E-013	4.5799E-014
3715499998.00136	6.2084E-013	4.5872E-014
3726200004.15987	6.2183E-013	4.5944E-014
3736800009.87431	6.2283E-013	4.6017E-014
3747500016.03282	6.2382E-013	4.6090E-014
3758199980.83465	6.2482E-013	4.6163E-014
3768899986.99316	6.2581E-013	4.6237E-014
3779699993.59574	6.2681E-013	4.6310E-014
3790500000.19832	6.2781E-013	4.6384E-014
3801300006.80089	6.2882E-013	4.6458E-014
3812200013.84754	6.2982E-013	4.6532E-014
3823099979.5375	6.3083E-013	4.6606E-014
3833999986.58415	6.3183E-013	4.6680E-014
3844999994.07486	6.3284E-013	4.6754E-014
3856000001.56557	6.3385E-013	4.6829E-014
3867000009.05628	6.3486E-013	4.6904E-014
3878000016.54699	6.3588E-013	4.6979E-014
3889099983.12509	6.3689E-013	4.7054E-014
3900199991.05987	6.3791E-013	4.7129E-014
3911399999.43872	6.3893E-013	4.7204E-014
3922500007.37349	6.3995E-013	4.7280E-014
3933700015.75234	6.4097E-013	4.7356E-014
3944999983.21858	6.4199E-013	4.7432E-014
3956299992.04149	6.4302E-013	4.7508E-014
3967600000.8644	6.4404E-013	4.7584E-014
3978900009.68731	6.4507E-013	4.7660E-014
3990300018.95429	6.4610E-013	4.7737E-014
4001699986.8646	6.4713E-013	4.7813E-014
4013099996.13158	6.4816E-013	4.7890E-014
4024600005.84262	6.4920E-013	4.7967E-014
4036100015.55367	6.5023E-013	4.8045E-014
4047599983.90804	6.5127E-013	4.8122E-014
4059199994.06315	6.5231E-013	4.8199E-014
4070800004.21827	6.5335E-013	4.8277E-014
4082400014.37338	6.5440E-013	4.8355E-014
4094099983.61589	6.5544E-013	4.8433E-014
4105799994.21507	6.5649E-013	4.8511E-014
4117500004.81425	6.5754E-013	4.8589E-014
4129300015.85749	6.5858E-013	4.8668E-014
4141099861.47404	6.5964E-013	4.8747E-014
4152900162.01402	6.6069E-013	4.8826E-014
4164800132.14466	6.6174E-013	4.8905E-014
4176700102.2753	6.6280E-013	4.8984E-014
4188600072.40594	6.6386E-013	4.9063E-014
4200600125.694	6.6492E-013	4.9143E-014
4212600178.98206	6.6598E-013	4.9222E-014
4224599818.70335	6.6704E-013	4.9302E-014
4236699955.14883	6.6811E-013	4.9382E-014
4248800091.59431	6.6917E-013	4.9462E-014
4260899814.47302	6.7024E-013	4.9543E-014
4273100034.07592	6.7131E-013	4.9623E-014
4285299840.11206	6.7238E-013	4.9704E-014
4297600142.87238	6.7346E-013	4.9785E-014
4309799948.90851	6.7453E-013	4.9866E-014
4322099838.10206	6.7561E-013	4.9947E-014
4334499810.45304	6.7669E-013	5.0029E-014
4346900196.37078	6.7777E-013	5.0110E-014
4359300168.72176	6.7885E-013	5.0192E-014
4371799810.66338	6.7993E-013	5.0274E-014
4384299866.17178	6.8102E-013	5.0356E-014
4396799921.68017	6.8210E-013	5.0439E-014
4409299977.18857	6.8319E-013	5.0521E-014
4421900115.85439	6.8428E-013	5.0604E-014
4434599924.11085	6.8538E-013	5.0687E-014
4447200062.77667	6.8647E-013	5.0770E-014
4459999954.19056	6.8757E-013	5.0853E-014
4472700176.0138	6.8866E-013	5.0936E-014
4485500067.42769	6.8976E-013	5.1020E-014
4498299958.84157	6.9086E-013	5.1104E-014
4511099850.25547	6.9197E-013	5.1187E-014
4523999824.82678	6.9307E-013	5.1272E-014
4536999882.55551	6.9418E-013	5.1356E-014
4549899857.12682	6.9528E-013	5.1440E-014
4562899914.85555	6.9639E-013	5.1525E-014
4576000055.7417	6.9751E-013	5.1610E-014
4589000113.47043	6.9862E-013	5.1695E-014
4602199923.94724	6.9973E-013	5.1780E-014
4615300064.83339	7.0085E-013	5.1865E-014
4628499875.31019	7.0197E-013	5.1951E-014
4641700099.35376	7.0309E-013	5.2037E-014
4654999992.98799	7.0421E-013	5.2123E-014
4668299886.62221	7.0534E-013	5.2209E-014
4681600193.82321	7.0646E-013	5.2295E-014
4695000170.61485	7.0759E-013	5.2382E-014
4708400147.4065	7.0872E-013	5.2468E-014
4721899793.7888	7.0985E-013	5.2555E-014
4735399853.73787	7.1098E-013	5.2642E-014
4748899913.68693	7.1212E-013	5.2729E-014
4762500056.79342	7.1326E-013	5.2817E-014
4776100199.89991	7.1439E-013	5.2905E-014
4789699929.43963	7.1553E-013	5.2992E-014
4803400155.70353	7.1668E-013	5.3080E-014
4817099968.40068	7.1782E-013	5.3169E-014
4830899864.25524	7.1897E-013	5.3257E-014
4844700173.67657	7.2011E-013	5.3345E-014
4858500069.53113	7.2126E-013	5.3434E-014
4872400048.54311	7.2242E-013	5.3523E-014
4886300027.55509	7.2357E-013	5.3612E-014
4900300089.72449	7.2472E-013	5.3702E-014
4914300151.8939	7.2588E-013	5.3791E-014
4928399883.65395	7.2704E-013	5.3881E-014
4942399945.82335	7.2820E-013	5.3971E-014
4956600174.3076	7.2936E-013	5.4061E-014
4970699906.06765	7.3053E-013	5.4151E-014
4984900134.5519	7.3169E-013	5.4242E-014
4999200032.6268	7.3286E-013	5.4333E-014
5013499930.70169	7.3403E-013	5.4424E-014
5027799828.77659	7.3520E-013	5.4515E-014
5042100140.41825	7.3638E-013	5.4606E-014
5056600204.80799	7.3755E-013	5.4697E-014
5071000186.04031	7.3873E-013	5.4789E-014
5085499836.86328	7.3991E-013	5.4881E-014
5099999901.25302	7.4109E-013	5.4973E-014
5114600048.80018	7.4227E-013	5.5065E-014
5129200196.34734	7.4346E-013	5.5158E-014
5143900013.48515	7.4464E-013	5.5251E-014
5158599830.62296	7.4583E-013	5.5344E-014
5173300061.32754	7.4702E-013	5.5437E-014
5188099961.62278	7.4821E-013	5.5530E-014
5202899861.91801	7.4941E-013	5.5624E-014
5217799845.37066	7.5060E-013	5.5717E-014
5232699828.82332	7.5180E-013	5.5811E-014
5247599812.27597	7.5300E-013	5.5905E-014
5262599878.88604	7.5420E-013	5.6000E-014
5277700028.65354	7.5541E-013	5.6094E-014
5292700095.26361	7.5661E-013	5.6189E-014
5307899914.62176	7.5782E-013	5.6284E-014
5323000064.38925	7.5903E-013	5.6379E-014
5338199883.7474	7.6024E-013	5.6474E-014
5353500199.82974	7.6146E-013	5.6570E-014
5368800102.34531	7.6267E-013	5.6666E-014
5384100004.86088	7.6389E-013	5.6762E-014
5399499990.53387	7.6511E-013	5.6858E-014
5415000059.36428	7.6633E-013	5.6954E-014
5430400045.03727	7.6755E-013	5.7051E-014
5445900113.86768	7.6878E-013	5.7148E-014
5461499852.28874	7.7001E-013	5.7245E-014
5477100004.27657	7.7123E-013	5.7342E-014
5492799825.85505	7.7247E-013	5.7440E-014
5508500061.0003	7.7370E-013	5.7537E-014
5524199882.57879	7.7493E-013	5.7635E-014
5540000200.88146	7.7617E-013	5.7733E-014
5555800105.61736	7.7741E-013	5.7832E-014
5571700093.51069	7.7865E-013	5.7930E-014
5587600081.40401	7.7989E-013	5.8029E-014
5603600152.45476	7.8114E-013	5.8128E-014
5619599809.93874	7.8239E-013	5.8227E-014
5635599880.98949	7.8363E-013	5.8326E-014
5651700035.19765	7.8489E-013	5.8426E-014
5667899858.99647	7.8614E-013	5.8526E-014
5684100096.36206	7.8739E-013	5.8626E-014
5700299920.16088	7.8865E-013	5.8726E-014
5716599827.11712	7.8991E-013	5.8827E-014
5732999817.23078	7.9117E-013	5.8927E-014
5749300137.75379	7.9243E-013	5.9028E-014
5765799797.4581	7.9370E-013	5.9129E-014
5782200201.13853	7.9496E-013	5.9231E-014
5798799944.00026	7.9623E-013	5.9332E-014
5815300017.27135	7.9750E-013	5.9434E-014
5831900173.69985	7.9878E-013	5.9536E-014
5848599999.719	8.0005E-013	5.9639E-014
5865299825.73816	8.0133E-013	5.9741E-014
5882100148.4815	8.0261E-013	5.9844E-014
5898900057.65808	8.0389E-013	5.9947E-014
5915699966.83465	8.0517E-013	6.0050E-014
5932599959.16865	8.0646E-013	6.0153E-014
5949600034.66007	8.0775E-013	6.0257E-014
5966600110.15149	8.0903E-013	6.0361E-014
5983600185.6429	8.1033E-013	6.0465E-014
6000699930.72497	8.1162E-013	6.0569E-014
6017900172.53123	8.1291E-013	6.0673E-014
6035100000.77072	8.1421E-013	6.0778E-014
6052299829.01022	8.1551E-013	6.0883E-014
6069600153.97389	8.1681E-013	6.0988E-014
6087000148.52823	8.1812E-013	6.1094E-014
6104400143.08256	8.1942E-013	6.1200E-014
6121800137.63689	8.2073E-013	6.1305E-014
6139299801.78188	8.2204E-013	6.1412E-014
6156799879.49363	8.2335E-013	6.1518E-014
6174400040.36281	8.2467E-013	6.1625E-014
6192099870.82263	8.2598E-013	6.1731E-014
6209800114.84923	8.2730E-013	6.1838E-014
6227499945.30905	8.2862E-013	6.1946E-014
6245299858.9263	8.2995E-013	6.2053E-014
6263199855.70097	8.3127E-013	6.2161E-014
6281000182.88498	8.3260E-013	6.2269E-014
6298999849.25031	8.3393E-013	6.2377E-014
6316999929.1824	8.3526E-013	6.2486E-014
6335000009.11449	8.3659E-013	6.2595E-014
6353100172.204	8.3793E-013	6.2703E-014
6371300004.88416	8.3926E-013	6.2813E-014
6389499837.56432	8.4060E-013	6.2922E-014
6407800166.96867	8.4195E-013	6.3032E-014
6426100082.80626	8.4329E-013	6.3142E-014
6444399998.64384	8.4464E-013	6.3252E-014
6462799997.63884	8.4598E-013	6.3362E-014
6481300079.79127	8.4733E-013	6.3473E-014
6499800161.94369	8.4869E-013	6.3584E-014
6518399913.68677	8.5004E-013	6.3695E-014
6537000078.99662	8.5140E-013	6.3806E-014
6555699913.89712	8.5276E-013	6.3918E-014
6574400162.36438	8.5412E-013	6.4030E-014
6593200080.4223	8.5548E-013	6.4142E-014
6612100081.63764	8.5685E-013	6.4254E-014
6631000082.85298	8.5822E-013	6.4367E-014
6649900084.06832	8.5959E-013	6.4480E-014
6668900168.44108	8.6096E-013	6.4593E-014
6687999922.4045	8.6233E-013	6.4706E-014
6707100089.93468	8.6371E-013	6.4820E-014
6726199843.89809	8.6509E-013	6.4934E-014
6745500177.74311	8.6647E-013	6.5048E-014
6764700014.86395	8.6785E-013	6.5162E-014
6784100018.29962	8.6924E-013	6.5277E-014
6803399938.57788	8.7062E-013	6.5391E-014
6822900025.17097	8.7201E-013	6.5507E-014
6842400111.76407	8.7340E-013	6.5622E-014
6861900198.35717	8.7480E-013	6.5738E-014
6881499954.54092	8.7620E-013	6.5853E-014
6901199793.88209	8.7759E-013	6.5970E-014
6920900046.79003	8.7899E-013	6.6086E-014
6940699969.28862	8.8040E-013	6.6203E-014
6960499891.78721	8.8180E-013	6.6319E-014
6980399897.44322	8.8321E-013	6.6437E-014
7000399986.25665	8.8462E-013	6.6554E-014
7020400075.07008	8.8603E-013	6.6672E-014
7040400163.88352	8.8745E-013	6.6790E-014
7060499922.2876	8.8886E-013	6.6908E-014
7080700177.41587	8.9028E-013	6.7026E-014
7101000102.1348	8.9170E-013	6.7145E-014
7121199943.69631	8.9313E-013	6.7264E-014
7141599951.57266	8.9455E-013	6.7383E-014
7161999959.449	8.9598E-013	6.7503E-014
7182500050.48277	8.9741E-013	6.7622E-014
7203000141.51654	8.9884E-013	6.7742E-014
7223599902.14096	9.0028E-013	6.7863E-014
7244200076.33215	9.0171E-013	6.7983E-014
7264899920.11399	9.0315E-013	6.8104E-014
7285699847.05325	9.0460E-013	6.8225E-014
7306500187.55928	9.0604E-013	6.8346E-014
7327400197.65597	9.0749E-013	6.8468E-014
7348299794.18588	9.0893E-013	6.8590E-014
7369299887.43999	9.1039E-013	6.8712E-014
7390400063.85151	9.1184E-013	6.8834E-014
7411499826.69627	9.1329E-013	6.8957E-014
7432700086.26521	9.1475E-013	6.9080E-014
7453899932.26739	9.1621E-013	6.9203E-014
7475199861.42699	9.1767E-013	6.9327E-014
7496500204.15336	9.1914E-013	6.9450E-014
7517999886.06103	9.2061E-013	6.9574E-014
7539399898.37805	9.2208E-013	6.9699E-014
7561000077.00991	9.2355E-013	6.9823E-014
7582599842.075	9.2502E-013	6.9948E-014
7604300103.86428	9.2650E-013	7.0073E-014
7625999952.08679	9.2798E-013	7.0199E-014
7647799883.46673	9.2946E-013	7.0324E-014
7669599814.84666	9.3094E-013	7.0450E-014
7691499829.38402	9.3243E-013	7.0577E-014
7713499927.07879	9.3392E-013	7.0703E-014
7735600107.93099	9.3541E-013	7.0830E-014
7757699875.21642	9.3690E-013	7.0957E-014
7779800056.06861	9.3840E-013	7.1084E-014
7802099989.66888	9.3989E-013	7.1212E-014
7824399923.26915	9.4139E-013	7.1340E-014
7846699856.86942	9.4290E-013	7.1468E-014
7869099873.62711	9.4440E-013	7.1597E-014
7891599973.54223	9.4591E-013	7.1725E-014
7914200156.61476	9.4742E-013	7.1854E-014
7936799926.12052	9.4893E-013	7.1984E-014
7959500192.35047	9.5045E-013	7.2113E-014
7982200045.01366	9.5196E-013	7.2243E-014
8004999980.83427	9.5348E-013	7.2373E-014
8027899999.81229	9.5500E-013	7.2504E-014
8050800018.79032	9.5653E-013	7.2635E-014
8073800120.92577	9.5806E-013	7.2766E-014
8096899892.65187	9.5959E-013	7.2897E-014
8120000077.94473	9.6112E-013	7.3029E-014
8143199932.82826	9.6265E-013	7.3160E-014
8166499870.8692	9.6419E-013	7.3293E-014
8189799808.91014	9.6573E-013	7.3425E-014
8213199830.1085	9.6727E-013	7.3558E-014
8236699934.46429	9.6881E-013	7.3691E-014
8260300121.97749	9.7036E-013	7.3824E-014
8283899895.92392	9.7191E-013	7.3958E-014
8307500083.43713	9.7346E-013	7.4092E-014
8331300023.6984	9.7501E-013	7.4226E-014
8355099963.95968	9.7657E-013	7.4361E-014
8378899904.22096	9.7813E-013	7.4496E-014
8402900010.79708	9.7969E-013	7.4631E-014
8426900117.3732	9.8125E-013	7.4766E-014
8450999893.53997	9.8282E-013	7.4902E-014
8475100083.27351	9.8439E-013	7.5038E-014
8499299942.5977	9.8596E-013	7.5174E-014
8523599885.07931	9.8753E-013	7.5311E-014
8547999910.71835	9.8911E-013	7.5448E-014
8572399936.35738	9.9069E-013	7.5585E-014
8596900045.15384	9.9227E-013	7.5723E-014
8621499823.54095	9.9385E-013	7.5861E-014
8646100015.49482	9.9544E-013	7.5999E-014
8670799877.03935	9.9703E-013	7.6137E-014
8695599821.7413	9.9862E-013	7.6276E-014
8720400180.01001	1.0002E-012	7.6415E-014
8745299794.30262	1.0018E-012	7.6554E-014
8770299905.31941	1.0034E-012	7.6694E-014
8795400099.49362	1.0050E-012	7.6834E-014
8820499880.10106	1.0066E-012	7.6974E-014
8845700157.43269	1.0082E-012	7.7115E-014
8871000104.35498	1.0098E-012	7.7256E-014
8896400134.43468	1.0114E-012	7.7397E-014
8921800164.51439	1.0131E-012	7.7539E-014
8947299864.18475	1.0147E-012	7.7681E-014
8972799977.42187	1.0163E-012	7.7823E-014
8998499843.40707	1.0179E-012	7.7965E-014
9024200122.95904	1.0195E-012	7.8108E-014
9050000072.10166	1.0212E-012	7.8251E-014
9075800021.24428	1.0228E-012	7.8395E-014
9101800136.70174	1.0244E-012	7.8538E-014
9127799838.59244	1.0261E-012	7.8682E-014
9153900037.20732	1.0277E-012	7.8827E-014
9179999822.25544	1.0293E-012	7.8971E-014
9206200104.02774	1.0310E-012	7.9116E-014
9232500055.39069	1.0326E-012	7.9262E-014
9258900089.91107	1.0343E-012	7.9407E-014
9285399794.0221	1.0359E-012	7.9553E-014
9311899911.6999	1.0376E-012	7.9700E-014
9338500112.53512	1.0392E-012	7.9846E-014
9365199982.96099	1.0409E-012	7.9993E-014
9391999936.54428	1.0426E-012	8.0141E-014
9418799890.12758	1.0442E-012	8.0288E-014
9445699926.86829	1.0459E-012	8.0436E-014
9472700046.76642	1.0476E-012	8.0584E-014
9499799836.25521	1.0492E-012	8.0733E-014
9526900039.31076	1.0509E-012	8.0882E-014
9554099911.95697	1.0526E-012	8.1031E-014
9581399867.7606	1.0543E-012	8.1180E-014
9608799906.72165	1.0560E-012	8.1330E-014
9636300028.84011	1.0576E-012	8.1481E-014
9663800150.95858	1.0593E-012	8.1631E-014
9691399942.66771	1.0610E-012	8.1782E-014
9719099817.53425	1.0627E-012	8.1933E-014
9746900189.12498	1.0644E-012	8.2085E-014
9774700147.14895	1.0661E-012	8.2237E-014
9802699857.92098	1.0678E-012	8.2389E-014
9830699982.25979	1.0695E-012	8.2541E-014
9858800189.75602	1.0712E-012	8.2694E-014
9886899983.68547	1.0729E-012	8.2847E-014
9915199943.92977	1.0746E-012	8.3001E-014
9943499904.17407	1.0764E-012	8.3155E-014
9971899947.57579	1.0781E-012	8.3309E-014
10000000155.072	1.0798E-012	8.3464E-014
10028999870.2847	1.0815E-012	8.3619E-014
10057999999.0642	1.0832E-012	8.3774E-014
10086000123.403	1.0850E-012	8.3929E-014
10114999838.6157	1.0867E-012	8.4085E-014
10143999967.3952	1.0884E-012	8.4242E-014
10173000096.1747	1.0902E-012	8.4398E-014
10201999811.3874	1.0919E-012	8.4555E-014
10230999940.1669	1.0937E-012	8.4713E-014
10261000073.387	1.0954E-012	8.4870E-014
10290000202.1665	1.0972E-012	8.5028E-014
10318999917.3792	1.0989E-012	8.5187E-014
10349000050.5993	1.1007E-012	8.5345E-014
10378000179.3788	1.1024E-012	8.5504E-014
10407999899.0322	1.1042E-012	8.5664E-014
10438000032.2523	1.1059E-012	8.5823E-014
10468000165.4725	1.1077E-012	8.5984E-014
10496999880.6852	1.1095E-012	8.6144E-014
10527000013.9054	1.1112E-012	8.6305E-014
10558000151.5662	1.1130E-012	8.6466E-014
10587999871.2196	1.1148E-012	8.6628E-014
10618000004.4397	1.1166E-012	8.6789E-014
10648000137.6599	1.1184E-012	8.6952E-014
10678999861.7539	1.1201E-012	8.7114E-014
10708999994.9741	1.1219E-012	8.7277E-014
10740000132.6349	1.1237E-012	8.7440E-014
10770999856.7289	1.1255E-012	8.7604E-014
10800999989.9491	1.1273E-012	8.7768E-014
10832000127.6099	1.1291E-012	8.7933E-014
10862999851.7039	1.1309E-012	8.8097E-014
10893999989.3648	1.1327E-012	8.8262E-014
10925000127.0256	1.1345E-012	8.8428E-014
10956999855.5603	1.1363E-012	8.8594E-014
10987999993.2211	1.1382E-012	8.8760E-014
11019000130.882	1.1400E-012	8.8926E-014
11050999859.4167	1.1418E-012	8.9093E-014
11081999997.0775	1.1436E-012	8.9261E-014
11114000139.179	1.1454E-012	8.9428E-014
11145999867.7137	1.1473E-012	8.9596E-014
11178000009.8152	1.1491E-012	8.9765E-014
11209000147.476	1.1509E-012	8.9934E-014
11241999880.4514	1.1528E-012	9.0103E-014
11274000022.5529	1.1546E-012	9.0272E-014
11306000164.6544	1.1565E-012	9.0442E-014
11337999893.1891	1.1583E-012	9.0612E-014
11371000039.7313	1.1601E-012	9.0783E-014
11403000181.8328	1.1620E-012	9.0954E-014
11435999914.8082	1.1639E-012	9.1126E-014
11468000056.9097	1.1657E-012	9.1297E-014
11501000203.4518	1.1676E-012	9.1469E-014
11533999936.4272	1.1694E-012	9.1642E-014
11567000082.9694	1.1713E-012	9.1815E-014
11599999815.9448	1.1732E-012	9.1988E-014
11632999962.4869	1.1750E-012	9.2162E-014
11666000109.0291	1.1769E-012	9.2336E-014
11699999846.4452	1.1788E-012	9.2510E-014
11732999992.9873	1.1807E-012	9.2685E-014
11767000143.9702	1.1826E-012	9.2860E-014
11799999876.9456	1.1845E-012	9.3036E-014
11834000027.9284	1.1863E-012	9.3212E-014
11868000178.9112	1.1882E-012	9.3388E-014
11901999916.3273	1.1901E-012	9.3565E-014
11936000067.3101	1.1920E-012	9.3742E-014
11969999804.7262	1.1939E-012	9.3920E-014
12003999955.709	1.1958E-012	9.4098E-014
12038000106.6919	1.1977E-012	9.4276E-014
12072999848.5486	1.1997E-012	9.4455E-014
12106999999.5315	1.2016E-012	9.4634E-014
12142000154.955	1.2035E-012	9.4813E-014
12175999892.371	1.2054E-012	9.4993E-014
12211000047.7945	1.2073E-012	9.5173E-014
12246000203.218	1.2093E-012	9.5354E-014
12280999945.0748	1.2112E-012	9.5535E-014
12316000100.4983	1.2131E-012	9.5717E-014
12350999842.355	1.2151E-012	9.5898E-014
12387000002.2192	1.2170E-012	9.6081E-014
12422000157.6427	1.2189E-012	9.6263E-014
12457999903.9401	1.2209E-012	9.6446E-014
12493000059.3636	1.2228E-012	9.6630E-014
12528999805.661	1.2248E-012	9.6814E-014
12564999965.5252	1.2268E-012	9.6998E-014
12601000125.3894	1.2287E-012	9.7183E-014
12636999871.6868	1.2307E-012	9.7368E-014
12673000031.551	1.2326E-012	9.7553E-014
12709000191.4152	1.2346E-012	9.7739E-014
12744999937.7126	1.2366E-012	9.7925E-014
12782000102.0174	1.2385E-012	9.8112E-014
12817999848.3148	1.2405E-012	9.8299E-014
12855000012.6197	1.2425E-012	9.8487E-014
12892000176.9245	1.2445E-012	9.8675E-014
12927999923.2219	1.2465E-012	9.8863E-014
12965000087.5268	1.2485E-012	9.9052E-014
13001999838.2649	1.2505E-012	9.9241E-014
13040000007.0104	1.2525E-012	9.9431E-014
13077000171.3152	1.2545E-012	9.9621E-014
13113999922.0533	1.2565E-012	9.9811E-014
13152000090.7989	1.2585E-012	1.0000E-013
13188999841.5369	1.2605E-012	1.0019E-013
13227000010.2825	1.2625E-012	1.0038E-013
13265000179.028	1.2645E-012	1.0058E-013
13302999934.2067	1.2665E-012	1.0077E-013
13341000102.9523	1.2685E-012	1.0096E-013
13378999858.131	1.2706E-012	1.0116E-013
13417000026.8765	1.2726E-012	1.0135E-013
13455000195.622	1.2746E-012	1.0154E-013
13493999955.2415	1.2767E-012	1.0174E-013
13532000123.987	1.2787E-012	1.0193E-013
13570999883.6064	1.2807E-012	1.0213E-013
13610000056.7926	1.2828E-012	1.0232E-013
13648999816.412	1.2848E-012	1.0252E-013
13687999989.5982	1.2869E-012	1.0272E-013
13727000162.7844	1.2889E-012	1.0292E-013
13765999922.4038	1.2910E-012	1.0311E-013
13805000095.59	1.2930E-012	1.0331E-013
13844999859.6501	1.2951E-012	1.0351E-013
13884000032.8363	1.2972E-012	1.0371E-013
13923999796.8964	1.2992E-012	1.0391E-013
13963999974.5233	1.3013E-012	1.0411E-013
14004000152.1502	1.3034E-012	1.0431E-013
14043999916.2103	1.3055E-012	1.0451E-013
14084000093.8371	1.3076E-012	1.0471E-013
14123999857.8972	1.3097E-012	1.0491E-013
14164000035.5241	1.3117E-012	1.0511E-013
14204999804.0249	1.3138E-012	1.0532E-013
14244999981.6517	1.3159E-012	1.0552E-013
14286000163.7193	1.3180E-012	1.0572E-013
14326999932.22	1.3201E-012	1.0593E-013
14368000114.2876	1.3222E-012	1.0613E-013
14408999882.7883	1.3244E-012	1.0633E-013
14450000064.8559	1.3265E-012	1.0654E-013
14490999833.3566	1.3286E-012	1.0675E-013
14533000019.8648	1.3307E-012	1.0695E-013
14574000201.9324	1.3328E-012	1.0716E-013
14615999974.8738	1.3350E-012	1.0737E-013
14658000161.382	1.3371E-012	1.0757E-013
14699999934.3235	1.3392E-012	1.0778E-013
14742000120.8317	1.3414E-012	1.0799E-013
14783999893.7731	1.3435E-012	1.0820E-013
14826000080.2813	1.3456E-012	1.0841E-013
14867999853.2228	1.3478E-012	1.0862E-013
14911000044.1716	1.3499E-012	1.0883E-013
14952999817.1131	1.3521E-012	1.0904E-013
14996000008.062	1.3543E-012	1.0925E-013
15039000199.0108	1.3564E-012	1.0946E-013
15081999976.3929	1.3586E-012	1.0967E-013
15125000167.3418	1.3608E-012	1.0988E-013
15167999944.7239	1.3629E-012	1.1010E-013
15212000140.1135	1.3651E-012	1.1031E-013
15254999917.4956	1.3673E-012	1.1052E-013
15299000112.8852	1.3695E-012	1.1074E-013
15341999890.2673	1.3717E-012	1.1095E-013
15386000085.6568	1.3738E-012	1.1117E-013
15429999867.4796	1.3760E-012	1.1138E-013
15474000062.8692	1.3782E-012	1.1160E-013
15518999849.1326	1.3804E-012	1.1182E-013
15563000044.5222	1.3826E-012	1.1203E-013
15606999826.3449	1.3848E-012	1.1225E-013
15652000026.1752	1.3871E-012	1.1247E-013
15696999812.4386	1.3893E-012	1.1269E-013
15742000012.2688	1.3915E-012	1.1291E-013
15786999798.5323	1.3937E-012	1.1313E-013
15831999998.3625	1.3959E-012	1.1335E-013
15877000198.1927	1.3982E-012	1.1357E-013
15921999984.4562	1.4004E-012	1.1379E-013
15968000188.7271	1.4026E-012	1.1401E-013
16012999974.9905	1.4049E-012	1.1423E-013
16059000179.2614	1.4071E-012	1.1445E-013
16104999969.9656	1.4094E-012	1.1468E-013
16151000174.2365	1.4116E-012	1.1490E-013
16196999964.9406	1.4139E-012	1.1512E-013
16243000169.2115	1.4161E-012	1.1535E-013
16289999964.3563	1.4184E-012	1.1557E-013
16336000168.6272	1.4206E-012	1.1580E-013
16382999963.772	1.4229E-012	1.1602E-013
16430000172.4835	1.4252E-012	1.1625E-013
16476999967.6283	1.4274E-012	1.1648E-013
16524000176.3399	1.4297E-012	1.1670E-013
16570999971.4847	1.4320E-012	1.1693E-013
16619000184.6369	1.4343E-012	1.1716E-013
16665999979.7817	1.4366E-012	1.1739E-013
16714000192.934	1.4389E-012	1.1762E-013
16760999988.0788	1.4412E-012	1.1785E-013
16809000201.231	1.4435E-012	1.1808E-013
16857000000.8165	1.4458E-012	1.1831E-013
16904999800.402	1.4481E-012	1.1854E-013
16954000017.9949	1.4504E-012	1.1877E-013
17001999817.5803	1.4527E-012	1.1901E-013
17051000035.1732	1.4550E-012	1.1924E-013
17099999839.1994	1.4574E-012	1.1947E-013
17148000052.3516	1.4597E-012	1.1970E-013
17196999856.3778	1.4620E-012	1.1994E-013
17247000078.4113	1.4643E-012	1.2017E-013
17295999882.4375	1.4667E-012	1.2041E-013
17345000100.0304	1.4690E-012	1.2065E-013
17394999908.4972	1.4714E-012	1.2088E-013
17445000130.5308	1.4737E-012	1.2112E-013
17493999934.5569	1.4761E-012	1.2136E-013
17544000156.5905	1.4784E-012	1.2159E-013
17593999965.0573	1.4808E-012	1.2183E-013
17645000191.5316	1.4831E-012	1.2207E-013
17694999999.9984	1.4855E-012	1.2231E-013
17745999812.9059	1.4879E-012	1.2255E-013
17796000034.9395	1.4903E-012	1.2279E-013
17846999847.8469	1.4926E-012	1.2303E-013
17898000074.3212	1.4950E-012	1.2327E-013
17948999887.2287	1.4974E-012	1.2352E-013
18001000118.1436	1.4998E-012	1.2376E-013
18051999931.0511	1.5022E-012	1.2400E-013
18104000161.966	1.5046E-012	1.2425E-013
18154999974.8735	1.5070E-012	1.2449E-013
18207000205.7884	1.5094E-012	1.2473E-013
18259000023.1366	1.5118E-012	1.2498E-013
18311999844.9254	1.5142E-012	1.2523E-013
18364000075.8403	1.5166E-012	1.2547E-013
18415999893.1885	1.5191E-012	1.2572E-013
18469000128.5441	1.5215E-012	1.2597E-013
18521999950.3329	1.5239E-012	1.2621E-013
18575000185.6885	1.5263E-012	1.2646E-013
18628000007.4773	1.5288E-012	1.2671E-013
18680999829.2662	1.5312E-012	1.2696E-013
18734000064.6218	1.5337E-012	1.2721E-013
18787999890.8513	1.5361E-012	1.2746E-013
18842000130.6475	1.5386E-012	1.2771E-013
18894999952.4364	1.5410E-012	1.2796E-013
18949000192.2326	1.5435E-012	1.2822E-013
19004000022.9028	1.5459E-012	1.2847E-013
19057999849.1323	1.5484E-012	1.2872E-013
19112000088.9286	1.5509E-012	1.2898E-013
19166999919.5987	1.5534E-012	1.2923E-013
19222000163.8357	1.5558E-012	1.2949E-013
19276999994.5058	1.5583E-012	1.2974E-013
19331999825.176	1.5608E-012	1.3000E-013
19387000069.4129	1.5633E-012	1.3026E-013
19441999900.0831	1.5658E-012	1.3051E-013
19498000148.7607	1.5683E-012	1.3077E-013
19553999983.8716	1.5708E-012	1.3103E-013
19608999814.5417	1.5733E-012	1.3129E-013
19665000063.2194	1.5758E-012	1.3155E-013
19721999902.7709	1.5783E-012	1.3181E-013
19778000151.4485	1.5809E-012	1.3207E-013
19834999991	1.5834E-012	1.3233E-013
19890999826.1108	1.5859E-012	1.3259E-013
19948000079.2291	1.5884E-012	1.3285E-013
20004999918.7806	1.5910E-012	1.3312E-013
20062000171.8989	1.5935E-012	1.3338E-013
20120000015.8911	1.5961E-012	1.3364E-013
20176999855.4426	1.5986E-012	1.3391E-013
20235000113.0016	1.6012E-012	1.3417E-013
20291999952.5531	1.6037E-012	1.3444E-013
20349999796.5453	1.6063E-012	1.3471E-013
20409000058.5449	1.6088E-012	1.3497E-013
20466999902.5371	1.6114E-012	1.3524E-013
20525000160.096	1.6140E-012	1.3551E-013
20584000008.5289	1.6166E-012	1.3578E-013
20642999856.9617	1.6191E-012	1.3605E-013
20702000118.9614	1.6217E-012	1.3632E-013
20760999967.3942	1.6243E-012	1.3659E-013
20819999815.8271	1.6269E-012	1.3686E-013
20880000082.2674	1.6295E-012	1.3713E-013
20938999930.7002	1.6321E-012	1.3740E-013
20999000197.1405	1.6347E-012	1.3767E-013
21059000050.0141	1.6373E-012	1.3795E-013
21119999907.3283	1.6399E-012	1.3822E-013
21180000173.7686	1.6425E-012	1.3849E-013
21240000026.6421	1.6452E-012	1.3877E-013
21300999883.9563	1.6478E-012	1.3905E-013
21362000154.8373	1.6504E-012	1.3932E-013
21423000012.1515	1.6531E-012	1.3960E-013
21483999869.4657	1.6557E-012	1.3988E-013
21546000144.7873	1.6583E-012	1.4015E-013
21607000002.1015	1.6610E-012	1.4043E-013
21668999863.8564	1.6636E-012	1.4071E-013
21731000139.178	1.6663E-012	1.4099E-013
21793000000.9329	1.6689E-012	1.4127E-013
21854999862.6878	1.6716E-012	1.4155E-013
21918000142.4501	1.6743E-012	1.4184E-013
21980000004.2049	1.6770E-012	1.4212E-013
22042999870.4005	1.6796E-012	1.4240E-013
22106000150.1628	1.6823E-012	1.4268E-013
22169000016.3583	1.6850E-012	1.4297E-013
22232999886.9946	1.6877E-012	1.4325E-013
22296000166.7569	1.6904E-012	1.4354E-013
22360000037.3931	1.6931E-012	1.4382E-013
22423999908.0293	1.6958E-012	1.4411E-013
22488000192.2323	1.6985E-012	1.4440E-013
22552000062.8685	1.7012E-012	1.4469E-013
22615999933.5047	1.7039E-012	1.4497E-013
22680999808.5816	1.7066E-012	1.4526E-013
22746000097.2253	1.7094E-012	1.4555E-013
22810999972.3022	1.7121E-012	1.4584E-013
22875999847.379	1.7148E-012	1.4613E-013
22941000136.0227	1.7176E-012	1.4643E-013
23007000015.5403	1.7203E-012	1.4672E-013
23072999895.0578	1.7230E-012	1.4701E-013
23139000188.1421	1.7258E-012	1.4730E-013
23205000067.6597	1.7285E-012	1.4760E-013
23270999947.1773	1.7313E-012	1.4789E-013
23337999831.1355	1.7341E-012	1.4819E-013
23404000124.2198	1.7368E-012	1.4849E-013
23471000008.178	1.7396E-012	1.4878E-013
23537999892.1363	1.7424E-012	1.4908E-013
23605000189.6613	1.7452E-012	1.4938E-013
23673000078.0602	1.7480E-012	1.4968E-013
23740999966.4591	1.7507E-012	1.4997E-013
23807999850.4173	1.7535E-012	1.5027E-013
23876000152.383	1.7563E-012	1.5058E-013
23945000045.2226	1.7591E-012	1.5088E-013
24012999933.6215	1.7620E-012	1.5118E-013
24081999826.461	1.7648E-012	1.5148E-013
24150000128.4267	1.7676E-012	1.5178E-013
24219000021.2663	1.7704E-012	1.5209E-013
24288999918.5465	1.7732E-012	1.5239E-013
24357999811.3861	1.7761E-012	1.5270E-013
24428000122.2331	1.7789E-012	1.5300E-013
24497000015.0727	1.7817E-012	1.5331E-013
24566999912.3529	1.7846E-012	1.5362E-013
24637999814.0738	1.7874E-012	1.5392E-013
24708000124.9208	1.7903E-012	1.5423E-013
24779000026.6418	1.7931E-012	1.5454E-013
24848999923.922	1.7960E-012	1.5485E-013
24919999825.6429	1.7989E-012	1.5516E-013
24992000145.3713	1.8017E-012	1.5547E-013
25063000047.0922	1.8046E-012	1.5578E-013
25134999953.2538	1.8075E-012	1.5610E-013
25206999859.4154	1.8104E-012	1.5641E-013
25279000179.1437	1.8133E-012	1.5672E-013
25351000085.3053	1.8162E-012	1.5704E-013
25422999991.4669	1.8191E-012	1.5735E-013
25495999902.0692	1.8220E-012	1.5767E-013
25568999812.6714	1.8249E-012	1.5798E-013
25642000136.8405	1.8278E-012	1.5830E-013
25715000047.4427	1.8307E-012	1.5862E-013
25788999962.4857	1.8336E-012	1.5894E-013
25861999873.0879	1.8366E-012	1.5926E-013
25936000201.6976	1.8395E-012	1.5958E-013
26010000116.7405	1.8424E-012	1.5990E-013
26085000036.2242	1.8454E-012	1.6022E-013
26158999951.2671	1.8483E-012	1.6054E-013
26233999870.7507	1.8513E-012	1.6086E-013
26309000203.8011	1.8542E-012	1.6119E-013
26384000123.2847	1.8572E-012	1.6151E-013
26459000042.7683	1.8601E-012	1.6184E-013
26534999966.6925	1.8631E-012	1.6216E-013
26610999890.6168	1.8661E-012	1.6249E-013
26686999814.5411	1.8691E-012	1.6281E-013
26763000152.0321	1.8720E-012	1.6314E-013
26840000080.3971	1.8750E-012	1.6347E-013
26916000004.3214	1.8780E-012	1.6380E-013
26992999932.6863	1.8810E-012	1.6413E-013
27069999861.0513	1.8840E-012	1.6446E-013
27147999793.8569	1.8870E-012	1.6479E-013
27225000135.7886	1.8900E-012	1.6512E-013
27303000068.5942	1.8931E-012	1.6545E-013
27381000001.3998	1.8961E-012	1.6579E-013
27458999934.2054	1.8991E-012	1.6612E-013
27537999871.4517	1.9021E-012	1.6645E-013
27615999804.2573	1.9052E-012	1.6679E-013
27695000155.0704	1.9082E-012	1.6713E-013
27774000092.3167	1.9113E-012	1.6746E-013
27854000034.0037	1.9143E-012	1.6780E-013
27932999971.2499	1.9174E-012	1.6814E-013
28012999912.9369	1.9204E-012	1.6848E-013
28092999854.6239	1.9235E-012	1.6882E-013
28173999800.7515	1.9266E-012	1.6916E-013
28254000156.0052	1.9296E-012	1.6950E-013
28335000102.1329	1.9327E-012	1.6984E-013
28416000048.2605	1.9358E-012	1.7018E-013
28496999994.3881	1.9389E-012	1.7053E-013
28577999940.5158	1.9420E-012	1.7087E-013
28659999891.0841	1.9451E-012	1.7121E-013
28741999841.6524	1.9482E-012	1.7156E-013
28824000205.7874	1.9513E-012	1.7191E-013
28906000156.3558	1.9544E-012	1.7225E-013
28989000111.3647	1.9575E-012	1.7260E-013
29072000066.3737	1.9607E-012	1.7295E-013
29155000021.3827	1.9638E-012	1.7330E-013
29237999976.3917	1.9669E-012	1.7365E-013
29321999935.8413	1.9701E-012	1.7400E-013
29404999890.8503	1.9732E-012	1.7435E-013
29489999854.7406	1.9764E-012	1.7470E-013
29573999814.1903	1.9795E-012	1.7506E-013
29658000187.2067	1.9827E-012	1.7541E-013
29743000151.097	1.9858E-012	1.7576E-013
29828000114.9873	1.9890E-012	1.7612E-013
29913000078.8776	1.9922E-012	1.7647E-013
29999000047.2086	1.9954E-012	1.7683E-013
30084000011.0989	1.9986E-012	1.7719E-013
30169999979.4299	2.0017E-012	1.7755E-013
30256999952.2016	2.0049E-012	1.7791E-013
30342999920.5326	2.0081E-012	1.7827E-013
30429999893.3042	2.0113E-012	1.7863E-013
30516999866.0759	2.0146E-012	1.7899E-013
30603999838.8476	2.0178E-012	1.7935E-013
30690999811.6192	2.0210E-012	1.7971E-013
30779000202.3983	2.0242E-012	1.8008E-013
30867000179.6107	2.0274E-012	1.8044E-013
30955000156.823	2.0307E-012	1.8081E-013
31044000138.476	2.0339E-012	1.8117E-013
31132000115.6883	2.0372E-012	1.8154E-013
31221000097.3413	2.0404E-012	1.8191E-013
31311000083.435	2.0437E-012	1.8227E-013
31400000065.088	2.0469E-012	1.8264E-013
31490000051.1817	2.0502E-012	1.8301E-013
31580000037.2754	2.0535E-012	1.8338E-013
31670000023.3691	2.0568E-012	1.8375E-013
31760000009.4627	2.0600E-012	1.8413E-013
31850999999.9971	2.0633E-012	1.8450E-013
31941999990.5314	2.0666E-012	1.8487E-013
32032999981.0658	2.0699E-012	1.8525E-013
32124999976.0408	2.0732E-012	1.8562E-013
32216999971.0158	2.0765E-012	1.8600E-013
32308999965.9909	2.0799E-012	1.8638E-013
32400999960.9659	2.0832E-012	1.8676E-013
32493999960.3816	2.0865E-012	1.8713E-013
32586999959.7973	2.0898E-012	1.8751E-013
32679999959.213	2.0932E-012	1.8789E-013
32772999958.6286	2.0965E-012	1.8827E-013
32866999962.485	2.0999E-012	1.8866E-013
32960999966.3414	2.1032E-012	1.8904E-013
33054999970.1977	2.1066E-012	1.8942E-013
33148999974.0541	2.1099E-012	1.8981E-013
33243999982.3511	2.1133E-012	1.9019E-013
33338999990.6482	2.1167E-012	1.9058E-013
33433999998.9452	2.1200E-012	1.9096E-013
33530000011.6829	2.1234E-012	1.9135E-013
33626000024.4206	2.1268E-012	1.9174E-013
33722000037.1583	2.1302E-012	1.9213E-013
33818000049.896	2.1336E-012	1.9252E-013
33915000067.0744	2.1370E-012	1.9291E-013
34012000084.2528	2.1404E-012	1.9330E-013
34109000101.4312	2.1438E-012	1.9370E-013
34206000118.6096	2.1473E-012	1.9409E-013
34304000140.2286	2.1507E-012	1.9448E-013
34402000161.8477	2.1541E-012	1.9488E-013
34500000183.4667	2.1576E-012	1.9527E-013
34598999795.9597	2.1610E-012	1.9567E-013
34697999822.0194	2.1645E-012	1.9607E-013
34796999848.0791	2.1679E-012	1.9647E-013
34895999874.1388	2.1714E-012	1.9687E-013
34995999904.6392	2.1748E-012	1.9727E-013
35095999935.1396	2.1783E-012	1.9767E-013
35195999965.64	2.1818E-012	1.9807E-013
35297000000.5811	2.1853E-012	1.9847E-013
35398000035.5221	2.1888E-012	1.9887E-013
35499000070.4632	2.1923E-012	1.9928E-013
35600000105.4043	2.1958E-012	1.9968E-013
35702000144.786	2.1993E-012	2.0009E-013
35804000184.1678	2.2028E-012	2.0050E-013
35905999809.9827	2.2063E-012	2.0091E-013
36008999853.8051	2.2098E-012	2.0131E-013
36111999897.6275	2.2133E-012	2.0172E-013
36214999941.4499	2.2169E-012	2.0213E-013
36317999985.2724	2.2204E-012	2.0255E-013
36422000033.5354	2.2240E-012	2.0296E-013
36526000081.7985	2.2275E-012	2.0337E-013
36631000134.5023	2.2311E-012	2.0378E-013
36735000182.7654	2.2346E-012	2.0420E-013
36839999821.9023	2.2382E-012	2.0462E-013
36945999879.0468	2.2418E-012	2.0503E-013
37050999931.7505	2.2453E-012	2.0545E-013
37156999988.8949	2.2489E-012	2.0587E-013
37263000046.0394	2.2525E-012	2.0629E-013
37370000107.6245	2.2561E-012	2.0671E-013
37476000164.7689	2.2597E-012	2.0713E-013
37583999817.2279	2.2633E-012	2.0755E-013
37690999878.813	2.2669E-012	2.0797E-013
37798999944.8387	2.2705E-012	2.0840E-013
37907000010.8645	2.2742E-012	2.0882E-013
38015000076.8903	2.2778E-012	2.0925E-013
38124000147.3567	2.2814E-012	2.0967E-013
38232999804.2564	2.2851E-012	2.1010E-013
38341999874.7228	2.2887E-012	2.1053E-013
38450999945.1893	2.2924E-012	2.1096E-013
38561000020.0964	2.2960E-012	2.1139E-013
38671000095.0035	2.2997E-012	2.1182E-013
38782000174.3513	2.3034E-012	2.1225E-013
38892999840.1323	2.3070E-012	2.1268E-013
39003999919.4801	2.3107E-012	2.1312E-013
39114999998.8278	2.3144E-012	2.1355E-013
39227000082.6163	2.3181E-012	2.1399E-013
39339000166.4047	2.3218E-012	2.1442E-013
39451999841.0671	2.3255E-012	2.1486E-013
39563999924.8556	2.3292E-012	2.1530E-013
39677000013.0847	2.3330E-012	2.1574E-013
39791000105.7545	2.3367E-012	2.1618E-013
39904000193.9836	2.3404E-012	2.1662E-013
40017999873.0866	2.3441E-012	2.1706E-013
40132999970.1971	2.3479E-012	2.1750E-013
40247000062.8669	2.3516E-012	2.1795E-013
40362000159.9774	2.3554E-012	2.1839E-013
40477999847.9617	2.3591E-012	2.1884E-013
40592999945.0722	2.3629E-012	2.1928E-013
40709000046.6233	2.3667E-012	2.1973E-013
40826000152.6152	2.3705E-012	2.2018E-013
40941999840.5995	2.3742E-012	2.2063E-013
41058999946.5913	2.3780E-012	2.2108E-013
41177000057.0238	2.3818E-012	2.2153E-013
41294000163.0156	2.3856E-012	2.2198E-013
41411999446.3146	2.3894E-012	2.2244E-013
41530999147.621	2.3933E-012	2.2289E-013
41648998017.3532	2.3971E-012	2.2335E-013
41768001854.3272	2.4009E-012	2.2380E-013
41887998251.5401	2.4047E-012	2.2426E-013
42006997952.8465	2.4086E-012	2.2472E-013
42126998485.7271	2.4124E-012	2.2518E-013
42247999850.1819	2.4163E-012	2.2564E-013
42369001214.6367	2.4201E-012	2.2610E-013
42489998443.4238	2.4240E-012	2.2656E-013
42610999807.8787	2.4279E-012	2.2702E-013
42733002003.9076	2.4317E-012	2.2749E-013
42855000064.269	2.4356E-012	2.2795E-013
42976998124.6303	2.4395E-012	2.2842E-013
43100001152.2335	2.4434E-012	2.2889E-013
43223000044.1691	2.4473E-012	2.2935E-013
43346999767.6788	2.4512E-012	2.2982E-013
43470999491.1886	2.4551E-012	2.3029E-013
43594999214.6983	2.4590E-012	2.3076E-013
43718998938.2081	2.4630E-012	2.3123E-013
43843999493.292	2.4669E-012	2.3171E-013
43970000879.9502	2.4708E-012	2.3218E-013
44095001435.0341	2.4748E-012	2.3266E-013
44220998686.0246	2.4787E-012	2.3313E-013
44348000904.2569	2.4827E-012	2.3361E-013
44473998155.2474	2.4866E-012	2.3409E-013
44601000373.4798	2.4906E-012	2.3456E-013
44728999287.6187	2.4946E-012	2.3504E-013
44856998201.7576	2.4986E-012	2.3553E-013
44985001251.5642	2.5026E-012	2.3601E-013
45113000165.7031	2.5065E-012	2.3649E-013
45241999911.4162	2.5105E-012	2.3697E-013
45372000488.7035	2.5146E-012	2.3746E-013
45501000234.4166	2.5186E-012	2.3794E-013
45631000811.7039	2.5226E-012	2.3843E-013
45761998084.8977	2.5266E-012	2.3892E-013
45891998662.1851	2.5306E-012	2.3941E-013
46024000902.6208	2.5347E-012	2.3990E-013
46154998175.8146	2.5387E-012	2.4039E-013
46287000416.2503	2.5428E-012	2.4088E-013
46418998521.0184	2.5468E-012	2.4137E-013
46552001593.0283	2.5509E-012	2.4187E-013
46685000529.3706	2.5550E-012	2.4236E-013
46817999465.7128	2.5591E-012	2.4286E-013
46951999233.6293	2.5631E-012	2.4336E-013
47085999001.5457	2.5672E-012	2.4386E-013
47220999601.0364	2.5713E-012	2.4436E-013
47356000200.5271	2.5754E-012	2.4486E-013
47491000800.0177	2.5796E-012	2.4536E-013
47626998095.415	2.5837E-012	2.4586E-013
47762999526.4798	2.5878E-012	2.4636E-013
47899000957.5447	2.5919E-012	2.4687E-013
48035999084.5161	2.5961E-012	2.4737E-013
48173001347.1552	2.6002E-012	2.4788E-013
48311000305.7008	2.6044E-012	2.4839E-013
48448999264.2464	2.6085E-012	2.4890E-013
48586998222.792	2.6127E-012	2.4941E-013
48725998012.9118	2.6168E-012	2.4992E-013
48865998634.6059	2.6210E-012	2.5043E-013
49004998424.7257	2.6252E-012	2.5094E-013
49144999046.4197	2.6294E-012	2.5146E-013
49286000499.6879	2.6336E-012	2.5197E-013
49426001121.382	2.6378E-012	2.5249E-013
49567999270.5567	2.6420E-012	2.5301E-013
49709000723.825	2.6462E-012	2.5353E-013
49850998872.9997	2.6505E-012	2.5404E-013
49994001989.4164	2.6547E-012	2.5457E-013
50137000970.1653	2.6589E-012	2.5509E-013
50279999950.9143	2.6632E-012	2.5561E-013
50423999763.2375	2.6674E-012	2.5613E-013
50567999575.5607	2.6717E-012	2.5666E-013
50711999387.8838	2.6759E-012	2.5719E-013
50857000031.7812	2.6802E-012	2.5771E-013
51002000675.6786	2.6845E-012	2.5824E-013
51147998015.4825	2.6888E-012	2.5877E-013
51293999490.9541	2.6931E-012	2.5930E-013
51441001797.9999	2.6974E-012	2.5983E-013
51587999969.378	2.7017E-012	2.6037E-013
51734998140.7562	2.7060E-012	2.6090E-013
51883001279.3762	2.7103E-012	2.6144E-013
52031000282.3285	2.7146E-012	2.6197E-013
52180000116.855	2.7190E-012	2.6251E-013
52328999951.3816	2.7233E-012	2.6305E-013
52479000617.4823	2.7276E-012	2.6359E-013
52629001283.583	2.7320E-012	2.6413E-013
52779001949.6838	2.7364E-012	2.6467E-013
52929999311.6911	2.7407E-012	2.6521E-013
53081000809.366	2.7451E-012	2.6576E-013
53232999002.9475	2.7495E-012	2.6630E-013
53385001332.1966	2.7539E-012	2.6685E-013
53536999525.7781	2.7583E-012	2.6740E-013
53689998550.9338	2.7627E-012	2.6794E-013
53843998407.6637	2.7671E-012	2.6849E-013
53997998264.3936	2.7715E-012	2.6904E-013
54151998121.1235	2.7759E-012	2.6960E-013
54306998809.4276	2.7804E-012	2.7015E-013
54461999497.7317	2.7848E-012	2.7070E-013
54617000186.0358	2.7892E-012	2.7126E-013
54773001705.9141	2.7937E-012	2.7182E-013
54929999921.6989	2.7981E-012	2.7238E-013
55086998137.4838	2.8026E-012	2.7293E-013
55244000488.9363	2.8071E-012	2.7349E-013
55401999536.2953	2.8116E-012	2.7406E-013
55559998583.6544	2.8161E-012	2.7462E-013
55718998462.5876	2.8206E-012	2.7518E-013
55877998341.5209	2.8251E-012	2.7575E-013
56037999052.0283	2.8296E-012	2.7631E-013
56197999762.5358	2.8341E-012	2.7688E-013
56359001304.6175	2.8386E-012	2.7745E-013
56519998711.0315	2.8431E-012	2.7802E-013
56681000253.1131	2.8477E-012	2.7859E-013
56842998491.1013	2.8522E-012	2.7916E-013
57006001696.3314	2.8568E-012	2.7973E-013
57169000765.8938	2.8613E-012	2.8031E-013
57331999835.4562	2.8659E-012	2.8088E-013
57495999736.5928	2.8705E-012	2.8146E-013
57659999637.7294	2.8751E-012	2.8204E-013
57825000370.4402	2.8796E-012	2.8262E-013
57990001103.1511	2.8842E-012	2.8320E-013
58155998531.7684	2.8888E-012	2.8378E-013
58322000096.0534	2.8935E-012	2.8436E-013
58488998356.245	2.8981E-012	2.8495E-013
58656000752.1042	2.9027E-012	2.8553E-013
58822999012.2958	2.9073E-012	2.8612E-013
58990998104.0615	2.9120E-012	2.8671E-013
59159998027.4015	2.9166E-012	2.8730E-013
59328997950.7415	2.9213E-012	2.8789E-013
59498998705.6557	2.9259E-012	2.8848E-013
59668999460.5698	2.9306E-012	2.8907E-013
59839000215.484	2.9353E-012	2.8967E-013
60010001801.9724	2.9400E-012	2.9026E-013
60180999252.7931	2.9447E-012	2.9086E-013
60353001670.8557	2.9494E-012	2.9145E-013
60526000784.8248	2.9541E-012	2.9205E-013
60698999898.7939	2.9588E-012	2.9265E-013
60871999012.763	2.9635E-012	2.9325E-013
61045998958.3064	2.9682E-012	2.9386E-013
61220999735.4239	2.9730E-012	2.9446E-013
61396000512.5414	2.9777E-012	2.9507E-013
61571001289.6589	2.9825E-012	2.9567E-013
61746998762.683	2.9872E-012	2.9628E-013
61923000371.3747	2.9920E-012	2.9689E-013
62099998675.973	2.9968E-012	2.9750E-013
62278001947.8132	3.0016E-012	2.9811E-013
62456001083.9856	3.0064E-012	2.9872E-013
62634000220.1581	3.0112E-012	2.9934E-013
62813000187.9048	3.0160E-012	2.9995E-013
62993000987.2257	3.0208E-012	3.0057E-013
63173001786.5466	3.0256E-012	3.0119E-013
63352998450.1998	3.0304E-012	3.0181E-013
63534000081.0949	3.0353E-012	3.0243E-013
63715998407.8965	3.0401E-012	3.0305E-013
63898000870.3658	3.0450E-012	3.0367E-013
64079999197.1675	3.0498E-012	3.0430E-013
64262998355.5433	3.0547E-012	3.0492E-013
64446998345.4933	3.0596E-012	3.0555E-013
64630998335.4434	3.0645E-012	3.0618E-013
64815999156.9676	3.0693E-012	3.0681E-013
65000999978.4919	3.0742E-012	3.0744E-013
65187001631.5903	3.0792E-012	3.0807E-013
65372999149.0211	3.0841E-012	3.0870E-013
65560001633.6938	3.0890E-012	3.0934E-013
65746999982.6988	3.0939E-012	3.0997E-013
65934999163.278	3.0989E-012	3.1061E-013
66122998343.8572	3.1038E-012	3.1125E-013
66311998356.0106	3.1088E-012	3.1189E-013
66501999199.7382	3.1137E-012	3.1253E-013
66692000043.4658	3.1187E-012	3.1317E-013
66882000887.1934	3.1237E-012	3.1382E-013
67073999258.4017	3.1287E-012	3.1446E-013
67265000933.7035	3.1337E-012	3.1511E-013
67456999304.9119	3.1387E-012	3.1576E-013
67649998507.6944	3.1437E-012	3.1641E-013
67843998542.0512	3.1487E-012	3.1706E-013
68037001880.5014	3.1537E-012	3.1771E-013
68231998610.7647	3.1587E-012	3.1836E-013
68426999476.6957	3.1638E-012	3.1902E-013
68622000342.6266	3.1688E-012	3.1967E-013
68818002040.1318	3.1739E-012	3.2033E-013
69015000433.5435	3.1790E-012	3.2099E-013
69211998826.9552	3.1840E-012	3.2165E-013
69409998051.9411	3.1891E-012	3.2231E-013
69608001412.5947	3.1942E-012	3.2297E-013
69807001469.1548	3.1993E-012	3.2364E-013
70006998221.6215	3.2044E-012	3.2430E-013
70206999109.7558	3.2095E-012	3.2497E-013
70406999997.8901	3.2147E-012	3.2564E-013
70608001717.5986	3.2198E-012	3.2631E-013
70810000133.2137	3.2249E-012	3.2698E-013
71012999380.403	3.2301E-012	3.2765E-013
71215001931.6857	3.2352E-012	3.2833E-013
71419002010.4492	3.2404E-012	3.2900E-013
71622997953.545	3.2456E-012	3.2968E-013
71827998863.8827	3.2507E-012	3.3036E-013
72032999774.2203	3.2559E-012	3.3104E-013
72239001516.1322	3.2611E-012	3.3172E-013
72444999122.3765	3.2663E-012	3.3240E-013
72652001695.8625	3.2715E-012	3.3309E-013
72860000965.2552	3.2768E-012	3.3377E-013
73068000234.6478	3.2820E-012	3.3446E-013
73277000335.6146	3.2872E-012	3.3515E-013
73486000436.5815	3.2925E-012	3.3583E-013
73696001369.1225	3.2977E-012	3.3653E-013
73906998997.5701	3.3030E-012	3.3722E-013
74118000761.6853	3.3083E-012	3.3791E-013
74329999221.7071	3.3136E-012	3.3861E-013
74542001817.3965	3.3188E-012	3.3930E-013
74755001108.9925	3.3241E-012	3.4000E-013
74969001232.1627	3.3295E-012	3.4070E-013
75183001355.3329	3.3348E-012	3.4140E-013
75397998174.4096	3.3401E-012	3.4210E-013
75612999129.154	3.3454E-012	3.4281E-013
75829000915.4726	3.3508E-012	3.4351E-013
76045999397.6978	3.3561E-012	3.4422E-013
76263002015.5906	3.3615E-012	3.4493E-013
76481001329.3899	3.3668E-012	3.4564E-013
76700001474.7635	3.3722E-012	3.4635E-013
76919001620.137	3.3776E-012	3.4706E-013
77138998461.4171	3.3830E-012	3.4778E-013
77358999438.3648	3.3884E-012	3.4849E-013
77580001246.8868	3.3938E-012	3.4921E-013
77801999751.3153	3.3992E-012	3.4993E-013
78023998255.7438	3.4046E-012	3.5065E-013
78247001727.4142	3.4101E-012	3.5137E-013
78471001894.9911	3.4155E-012	3.5209E-013
78695002062.568	3.4210E-012	3.5282E-013
78919998926.0514	3.4264E-012	3.5354E-013
79144999925.2025	3.4319E-012	3.5427E-013
79371001755.9279	3.4374E-012	3.5500E-013
79598000282.5597	3.4429E-012	3.5573E-013
79824998809.1916	3.4484E-012	3.5646E-013
80053998998.9718	3.4539E-012	3.5720E-013
80281998357.1779	3.4594E-012	3.5793E-013
80511999378.5324	3.4649E-012	3.5867E-013
80742000399.8868	3.4704E-012	3.5941E-013
80972001421.2413	3.4760E-012	3.6015E-013
81203999970.0765	3.4815E-012	3.6089E-013
81435998518.9117	3.4871E-012	3.6163E-013
81669002034.9888	3.4926E-012	3.6237E-013
81902001415.3982	3.4982E-012	3.6312E-013
82136001627.3818	3.5038E-012	3.6387E-013
82370998535.272	3.5094E-012	3.6462E-013
82605999578.8298	3.5150E-012	3.6537E-013
82842001453.9619	3.5206E-012	3.6612E-013
83079000025.0004	3.5262E-012	3.6687E-013
83315998596.039	3.5318E-012	3.6763E-013
83553997998.6518	3.5375E-012	3.6838E-013
83792998232.8387	3.5431E-012	3.6914E-013
84031998467.0257	3.5488E-012	3.6990E-013
84273000364.3611	3.5545E-012	3.7066E-013
84513001430.1223	3.5601E-012	3.7142E-013
84755000023.3642	3.5658E-012	3.7219E-013
84996998616.6062	3.5715E-012	3.7295E-013
85239998041.4223	3.5772E-012	3.7372E-013
85483001601.9061	3.5829E-012	3.7449E-013
85727998554.203	3.5886E-012	3.7526E-013
85972999642.1675	3.5944E-012	3.7603E-013
86218000730.1321	3.6001E-012	3.7681E-013
86464999345.5774	3.6058E-012	3.7758E-013
86711997961.0226	3.6116E-012	3.7836E-013
86960001543.7098	3.6174E-012	3.7914E-013
87208000990.7293	3.6231E-012	3.7992E-013
87457001269.323	3.6289E-012	3.8070E-013
87706998243.8232	3.6347E-012	3.8149E-013
87958000185.5653	3.6405E-012	3.8227E-013
88208997991.6398	3.6463E-012	3.8306E-013
88461000764.9561	3.6521E-012	3.8385E-013
88714000234.1789	3.6580E-012	3.8464E-013
88966999703.4018	3.6638E-012	3.8543E-013
89222000835.773	3.6697E-012	3.8622E-013
89476001136.5701	3.6755E-012	3.8701E-013
89731998964.8479	3.6814E-012	3.8781E-013
89989001760.3675	3.6873E-012	3.8861E-013
90246000420.2196	3.6931E-012	3.8941E-013
90503999911.6458	3.6990E-012	3.9021E-013
90761999403.072	3.7049E-012	3.9101E-013
91020999726.0724	3.7109E-012	3.9182E-013
91282001712.2212	3.7168E-012	3.9262E-013
91541998731.1282	3.7227E-012	3.9343E-013
91804001548.8512	3.7287E-012	3.9424E-013
92066000230.9065	3.7346E-012	3.9505E-013
92328999744.5361	3.7406E-012	3.9587E-013
92593000089.7399	3.7465E-012	3.9668E-013
92858001266.5179	3.7525E-012	3.9750E-013
93122998307.6282	3.7585E-012	3.9831E-013
93389000315.9804	3.7645E-012	3.9913E-013
93655999020.2391	3.7705E-012	3.9996E-013
93923998556.072	3.7765E-012	4.0078E-013
94191998091.9049	3.7826E-012	4.0160E-013
94460998459.312	3.7886E-012	4.0243E-013
94730999658.2934	3.7947E-012	4.0326E-013
95002001688.8489	3.8007E-012	4.0409E-013
95272999583.7368	3.8068E-012	4.0492E-013
95544998310.1989	3.8129E-012	4.0575E-013
95818002003.9028	3.8189E-012	4.0659E-013
96091998257.8456	3.8250E-012	4.0742E-013
96366999479.0303	3.8311E-012	4.0826E-013
96642000700.215	3.8373E-012	4.0910E-013
96917998617.3062	3.8434E-012	4.0994E-013
97195001501.6393	3.8495E-012	4.1079E-013
97473001081.879	3.8557E-012	4.1163E-013
97751000662.1186	3.8618E-012	4.1248E-013
98031001905.5067	3.8680E-012	4.1333E-013
98310999013.2271	3.8742E-012	4.1418E-013
98592001088.1893	3.8803E-012	4.1503E-013
98873999859.0581	3.8865E-012	4.1588E-013
99155998629.9269	3.8927E-012	4.1674E-013
99438998232.3699	3.8990E-012	4.1760E-013
99723999497.9613	3.9052E-012	4.1846E-013
100010001595.127	3.9114E-012	4.1932E-013
100289998702.847	3.9177E-012	4.2018E-013
100579999990.642	3.9239E-012	4.2105E-013
100870001278.437	3.9302E-012	4.2191E-013
101159998430.564	3.9364E-012	4.2278E-013
101449999718.359	3.9427E-012	4.2365E-013
101740001006.153	3.9490E-012	4.2452E-013
102029998158.281	3.9553E-012	4.2539E-013
102319999446.075	3.9616E-012	4.2627E-013
102610000733.87	3.9680E-012	4.2715E-013
102900002021.665	3.9743E-012	4.2802E-013
103199999218.199	3.9806E-012	4.2891E-013
103490000505.993	3.9870E-012	4.2979E-013
103790001838.195	3.9934E-012	4.3067E-013
104079998990.322	3.9997E-012	4.3156E-013
104380000322.524	4.0061E-012	4.3245E-013
104680001654.725	4.0125E-012	4.3334E-013
104979998851.259	4.0189E-012	4.3423E-013
105280000183.46	4.0253E-012	4.3512E-013
105580001515.662	4.0318E-012	4.3601E-013
105879998712.196	4.0382E-012	4.3691E-013
106180000044.397	4.0446E-012	4.3781E-013
106490001421.005	4.0511E-012	4.3871E-013
106789998617.539	4.0576E-012	4.3961E-013
107099999994.147	4.0640E-012	4.4052E-013
107400001326.349	4.0705E-012	4.4142E-013
107709998567.289	4.0770E-012	4.4233E-013
108019999943.897	4.0835E-012	4.4324E-013
108330001320.506	4.0900E-012	4.4415E-013
108639998561.446	4.0966E-012	4.4507E-013
108949999938.054	4.1031E-012	4.4598E-013
109260001314.663	4.1097E-012	4.4690E-013
109569998555.603	4.1162E-012	4.4782E-013
109879999932.211	4.1228E-012	4.4874E-013
110200001353.226	4.1294E-012	4.4966E-013
110509998594.167	4.1360E-012	4.5059E-013
110830000015.182	4.1426E-012	4.5151E-013
111140001391.79	4.1492E-012	4.5244E-013
111459998677.137	4.1558E-012	4.5337E-013
111780000098.152	4.1624E-012	4.5430E-013
112100001519.167	4.1691E-012	4.5524E-013
112419998804.514	4.1757E-012	4.5617E-013
112740000225.529	4.1824E-012	4.5711E-013
113060001646.544	4.1891E-012	4.5805E-013
113389998976.298	4.1958E-012	4.5899E-013
113710000397.313	4.2025E-012	4.5994E-013
114040001862.735	4.2092E-012	4.6088E-013
114359999148.082	4.2159E-012	4.6183E-013
114690000613.503	4.2226E-012	4.6278E-013
115019997943.257	4.2294E-012	4.6373E-013
115339999364.272	4.2361E-012	4.6469E-013
115670000829.694	4.2429E-012	4.6564E-013
115999998159.448	4.2496E-012	4.6660E-013
116339999669.276	4.2564E-012	4.6756E-013
116670001134.698	4.2632E-012	4.6852E-013
116999998464.452	4.2700E-012	4.6948E-013
117339999974.28	4.2768E-012	4.7045E-013
117670001439.702	4.2837E-012	4.7141E-013
118009998813.862	4.2905E-012	4.7238E-013
118340000279.284	4.2974E-012	4.7335E-013
118680001789.112	4.3042E-012	4.7433E-013
119019999163.273	4.3111E-012	4.7530E-013
119360000673.101	4.3180E-012	4.7628E-013
119699998047.262	4.3249E-012	4.7726E-013
120049999601.497	4.3318E-012	4.7824E-013
120390001111.326	4.3387E-012	4.7922E-013
120729998485.486	4.3456E-012	4.8021E-013
121080000039.721	4.3525E-012	4.8119E-013
121420001549.55	4.3595E-012	4.8218E-013
121769998968.117	4.3664E-012	4.8317E-013
122120000522.352	4.3734E-012	4.8417E-013
122469997940.92	4.3804E-012	4.8516E-013
122819999495.155	4.3874E-012	4.8616E-013
123170001049.39	4.3944E-012	4.8716E-013
123519998467.957	4.4014E-012	4.8816E-013
123870000022.192	4.4084E-012	4.8916E-013
124230001620.834	4.4155E-012	4.9017E-013
124579999039.401	4.4225E-012	4.9118E-013
124940000638.043	4.4296E-012	4.9218E-013
125289998056.61	4.4366E-012	4.9320E-013
125649999655.252	4.4437E-012	4.9421E-013
126010001253.894	4.4508E-012	4.9522E-013
126369998716.868	4.4579E-012	4.9624E-013
126730000315.51	4.4650E-012	4.9726E-013
127090001914.152	4.4722E-012	4.9828E-013
127459999421.532	4.4793E-012	4.9931E-013
127820001020.174	4.4865E-012	5.0033E-013
128189998527.555	4.4936E-012	5.0136E-013
128550000126.197	4.5008E-012	5.0239E-013
128920001769.245	4.5080E-012	5.0342E-013
129289999276.626	4.5152E-012	5.0446E-013
129660000919.675	4.5224E-012	5.0549E-013
130029998427.056	4.5296E-012	5.0653E-013
130400000070.104	4.5368E-012	5.0757E-013
130770001713.152	4.5441E-012	5.0862E-013
131149999264.94	4.5513E-012	5.0966E-013
131520000907.989	4.5586E-012	5.1071E-013
131899998459.776	4.5659E-012	5.1176E-013
132270000102.825	4.5732E-012	5.1281E-013
132650001790.28	4.5805E-012	5.1386E-013
133029999342.067	4.5878E-012	5.1492E-013
133410001029.523	4.5951E-012	5.1597E-013
133789998581.31	4.6024E-012	5.1703E-013
134180000313.172	4.6098E-012	5.1809E-013
134560002000.627	4.6171E-012	5.1916E-013
134939999552.415	4.6245E-012	5.2022E-013
135330001284.277	4.6319E-012	5.2129E-013
135719998880.471	4.6393E-012	5.2236E-013
136100000567.926	4.6467E-012	5.2344E-013
136489998164.12	4.6541E-012	5.2451E-013
136879999895.982	4.6615E-012	5.2559E-013
137270001627.844	4.6690E-012	5.2667E-013
137669999268.445	4.6764E-012	5.2775E-013
138060001000.307	4.6839E-012	5.2883E-013
138449998596.501	4.6914E-012	5.2992E-013
138850000372.77	4.6988E-012	5.3101E-013
139249998013.371	4.7063E-012	5.3210E-013
139639999745.233	4.7139E-012	5.3319E-013
140040001521.502	4.7214E-012	5.3428E-013
140439999162.103	4.7289E-012	5.3538E-013
140840000938.371	4.7365E-012	5.3648E-013
141249998623.379	4.7440E-012	5.3758E-013
141650000399.648	4.7516E-012	5.3868E-013
142049998040.249	4.7592E-012	5.3979E-013
142459999860.924	4.7668E-012	5.4090E-013
142870001681.599	4.7744E-012	5.4201E-013
143279999366.607	4.7820E-012	5.4312E-013
143690001187.282	4.7896E-012	5.4423E-013
144099998872.29	4.7973E-012	5.4535E-013
144510000692.965	4.8049E-012	5.4647E-013
144919998377.973	4.8126E-012	5.4759E-013
145330000198.648	4.8203E-012	5.4872E-013
145750002063.73	4.8280E-012	5.4984E-013
146169999793.145	4.8357E-012	5.5097E-013
146580001613.82	4.8434E-012	5.5210E-013
146999999343.235	4.8512E-012	5.5323E-013
147420001208.317	4.8589E-012	5.5437E-013
147839998937.731	4.8667E-012	5.5551E-013
148270000847.22	4.8744E-012	5.5665E-013
148689998576.634	4.8822E-012	5.5779E-013
149120000486.123	4.8900E-012	5.5893E-013
149539998215.538	4.8978E-012	5.6008E-013
149970000125.026	4.9056E-012	5.6123E-013
150400002034.515	4.9134E-012	5.6238E-013
150829999808.336	4.9213E-012	5.6353E-013
151260001717.825	4.9291E-012	5.6469E-013
151689999491.646	4.9370E-012	5.6585E-013
152120001401.135	4.9449E-012	5.6701E-013
152559999219.363	4.9528E-012	5.6817E-013
152990001128.852	4.9607E-012	5.6934E-013
153429998947.079	4.9686E-012	5.7051E-013
153870000900.975	4.9765E-012	5.7168E-013
154309998719.203	4.9845E-012	5.7285E-013
154750000673.098	4.9924E-012	5.7402E-013
155189998491.326	5.0004E-012	5.7520E-013
155640000489.628	5.0084E-012	5.7638E-013
156079998307.856	5.0164E-012	5.7756E-013
156530000306.158	5.0244E-012	5.7875E-013
156969998124.386	5.0324E-012	5.7993E-013
157420000122.688	5.0404E-012	5.8112E-013
157869997985.323	5.0485E-012	5.8231E-013
158319999983.625	5.0566E-012	5.8351E-013
158780002026.334	5.0646E-012	5.8470E-013
159229999888.969	5.0727E-012	5.8590E-013
159680001887.271	5.0808E-012	5.8710E-013
160139999794.312	5.0889E-012	5.8831E-013
160600001837.021	5.0970E-012	5.8951E-013
161059999744.062	5.1052E-012	5.9072E-013
161520001786.771	5.1133E-012	5.9193E-013
161979999693.813	5.1215E-012	5.9315E-013
162440001736.522	5.1297E-012	5.9436E-013
162909999687.97	5.1378E-012	5.9558E-013
163370001730.679	5.1460E-012	5.9680E-013
163839999682.126	5.1543E-012	5.9803E-013
164310001769.242	5.1625E-012	5.9925E-013
164779999720.69	5.1707E-012	6.0048E-013
165250001807.806	5.1790E-012	6.0171E-013
165719999759.254	5.1873E-012	6.0294E-013
166190001846.369	5.1955E-012	6.0418E-013
166669999842.224	5.2038E-012	6.0542E-013
167140001929.34	5.2121E-012	6.0666E-013
167619999925.194	5.2205E-012	6.0790E-013
168100002056.717	5.2288E-012	6.0915E-013
168580000052.572	5.2371E-012	6.1039E-013
169059998048.426	5.2455E-012	6.1164E-013
169550000224.355	5.2539E-012	6.1290E-013
170029998220.21	5.2622E-012	6.1415E-013
170520000396.139	5.2706E-012	6.1541E-013
170999998391.994	5.2791E-012	6.1667E-013
171490000567.923	5.2875E-012	6.1794E-013
171979998608.184	5.2959E-012	6.1920E-013
172470000784.113	5.3044E-012	6.2047E-013
172969998868.782	5.3128E-012	6.2174E-013
173460001044.711	5.3213E-012	6.2301E-013
173959999129.379	5.3298E-012	6.2429E-013
174450001305.308	5.3383E-012	6.2557E-013
174949999389.976	5.3469E-012	6.2685E-013
175450001610.312	5.3554E-012	6.2813E-013
175949999694.98	5.3639E-012	6.2942E-013
176450001915.316	5.3725E-012	6.3071E-013
176960000044.391	5.3811E-012	6.3200E-013
177459998129.059	5.3897E-012	6.3330E-013
177970000393.801	5.3983E-012	6.3459E-013
178479998522.876	5.4069E-012	6.3589E-013
178990000787.619	5.4155E-012	6.3719E-013
179499998916.693	5.4242E-012	6.3850E-013
180010001181.436	5.4328E-012	6.3981E-013
180529999354.918	5.4415E-012	6.4112E-013
181040001619.66	5.4502E-012	6.4243E-013
181559999793.142	5.4589E-012	6.4374E-013
182079997966.623	5.4676E-012	6.4506E-013
182600000275.772	5.4763E-012	6.4638E-013
183119998449.254	5.4851E-012	6.4770E-013
183650000802.81	5.4938E-012	6.4903E-013
184169998976.292	5.5026E-012	6.5036E-013
184700001329.848	5.5114E-012	6.5169E-013
185229999547.736	5.5202E-012	6.5302E-013
185750001856.885	5.5290E-012	6.5436E-013
186290000119.18	5.5378E-012	6.5570E-013
186819998337.068	5.5466E-012	6.5704E-013
187350000690.624	5.5555E-012	6.5839E-013
187889998952.919	5.5644E-012	6.5973E-013
188420001306.475	5.5732E-012	6.6108E-013
188959999568.77	5.5821E-012	6.6244E-013
189500001966.733	5.5910E-012	6.6379E-013
190040000229.028	5.6000E-012	6.6515E-013
190589998535.73	5.6089E-012	6.6651E-013
191130000933.692	5.6179E-012	6.6787E-013
191679999240.394	5.6268E-012	6.6924E-013
192220001638.357	5.6358E-012	6.7061E-013
192769999945.058	5.6448E-012	6.7198E-013
193319998251.76	5.6538E-012	6.7336E-013
193880000738.536	5.6628E-012	6.7473E-013
194429999045.238	5.6719E-012	6.7611E-013
194990001532.014	5.6809E-012	6.7750E-013
195539999838.716	5.6900E-012	6.7888E-013
196099998189.824	5.6991E-012	6.8027E-013
196660000676.6	5.7082E-012	6.8166E-013
197219999027.709	5.7173E-012	6.8306E-013
197790001558.892	5.7264E-012	6.8445E-013
198349999910	5.7356E-012	6.8585E-013
198919998305.515	5.7447E-012	6.8725E-013
199490000836.698	5.7539E-012	6.8866E-013
200059999232.213	5.7631E-012	6.9007E-013
200630001763.396	5.7723E-012	6.9148E-013
201200000158.911	5.7815E-012	6.9289E-013
201779998598.833	5.7907E-012	6.9431E-013
202360001174.422	5.8000E-012	6.9573E-013
202929999569.938	5.8092E-012	6.9715E-013
203509998009.859	5.8185E-012	6.9858E-013
204090000585.449	5.8278E-012	7.0000E-013
204679999069.778	5.8371E-012	7.0143E-013
205260001645.367	5.8464E-012	7.0287E-013
205850000129.696	5.8557E-012	7.0431E-013
206439998614.024	5.8651E-012	7.0574E-013
207030001234.02	5.8744E-012	7.0719E-013
207619999718.349	5.8838E-012	7.0863E-013
208209998202.678	5.8932E-012	7.1008E-013
208810000867.081	5.9026E-012	7.1153E-013
209399999351.409	5.9120E-012	7.1299E-013
210000002015.812	5.9215E-012	7.1444E-013
210600000544.547	5.9309E-012	7.1590E-013
211199999073.283	5.9404E-012	7.1736E-013
211810001782.092	5.9499E-012	7.1883E-013
212410000310.828	5.9594E-012	7.2030E-013
213019998883.97	5.9689E-012	7.2177E-013
213630001592.779	5.9784E-012	7.2324E-013
214240000165.921	5.9880E-012	7.2472E-013
214849998739.063	5.9975E-012	7.2620E-013
215460001447.873	6.0071E-012	7.2769E-013
216080000065.422	6.0167E-012	7.2917E-013
216699998682.971	6.0263E-012	7.3066E-013
217320001436.187	6.0359E-012	7.3215E-013
217940000053.736	6.0455E-012	7.3365E-013
218559998671.284	6.0552E-012	7.3515E-013
219190001468.907	6.0648E-012	7.3665E-013
219810000086.456	6.0745E-012	7.3815E-013
220439998748.412	6.0842E-012	7.3966E-013
221070001546.035	6.0939E-012	7.4117E-013
221700000207.99	6.1037E-012	7.4268E-013
222329998869.946	6.1134E-012	7.4420E-013
222970001711.975	6.1232E-012	7.4572E-013
223610000418.338	6.1329E-012	7.4724E-013
224249999124.7	6.1427E-012	7.4877E-013
224890001966.73	6.1525E-012	7.5030E-013
225530000673.092	6.1624E-012	7.5183E-013
226169999379.454	6.1722E-012	7.5336E-013
226819998130.223	6.1820E-012	7.5490E-013
227470001016.659	6.1919E-012	7.5644E-013
228119999767.428	6.2018E-012	7.5798E-013
228769998518.197	6.2117E-012	7.5953E-013
229420001404.634	6.2216E-012	7.6108E-013
230080000199.809	6.2315E-012	7.6263E-013
230739998994.985	6.2415E-012	7.6419E-013
231400001925.828	6.2514E-012	7.6575E-013
232060000721.004	6.2614E-012	7.6731E-013
232719999516.179	6.2714E-012	7.6888E-013
233389998355.762	6.2814E-012	7.7045E-013
234050001286.605	6.2915E-012	7.7202E-013
234720000126.187	6.3015E-012	7.7359E-013
235389998965.769	6.3116E-012	7.7517E-013
236060001941.019	6.3216E-012	7.7675E-013
236740000825.008	6.3317E-012	7.7834E-013
237419999708.997	6.3418E-012	7.7993E-013
238089998548.58	6.3520E-012	7.8152E-013
238770001568.236	6.3621E-012	7.8311E-013
239460000496.632	6.3722E-012	7.8471E-013
240139999380.621	6.3824E-012	7.8631E-013
240829998309.017	6.3926E-012	7.8791E-013
241510001328.674	6.4028E-012	7.8952E-013
242200000257.069	6.4130E-012	7.9113E-013
242899999229.872	6.4233E-012	7.9274E-013
243589998158.268	6.4335E-012	7.9436E-013
244290001266.738	6.4438E-012	7.9598E-013
244980000195.134	6.4541E-012	7.9760E-013
245679999167.936	6.4644E-012	7.9923E-013
246389998185.145	6.4747E-012	8.0086E-013
247090001293.615	6.4850E-012	8.0249E-013
247800000310.824	6.4954E-012	8.0412E-013
248509999328.034	6.5058E-012	8.0576E-013
249219998345.243	6.5161E-012	8.0741E-013
249930001498.12	6.5265E-012	8.0905E-013
250640000515.329	6.5370E-012	8.1070E-013
251359999576.945	6.5474E-012	8.1235E-013
252079998638.561	6.5578E-012	8.1401E-013
252800001835.844	6.5683E-012	8.1567E-013
253520000897.46	6.5788E-012	8.1733E-013
254239999959.076	6.5893E-012	8.1899E-013
254969999065.099	6.5998E-012	8.2066E-013
255699998171.121	6.6103E-012	8.2233E-013
256430001412.811	6.6209E-012	8.2401E-013
257160000518.834	6.6315E-012	8.2569E-013
257899999669.263	6.6421E-012	8.2737E-013
258629998775.286	6.6527E-012	8.2906E-013
259370002061.383	6.6633E-012	8.3075E-013
260110001211.812	6.6739E-012	8.3244E-013
260860000406.648	6.6846E-012	8.3413E-013
261599999557.078	6.6952E-012	8.3583E-013
262349998751.914	6.7059E-012	8.3753E-013
263099997946.75	6.7166E-012	8.3924E-013
263850001277.253	6.7273E-012	8.4095E-013
264600000472.089	6.7381E-012	8.4266E-013
265359999711.332	6.7488E-012	8.4438E-013
266119998950.575	6.7596E-012	8.4610E-013
266879998189.818	6.7704E-012	8.4782E-013
267640001564.728	6.7812E-012	8.4955E-013
268410000848.378	6.7920E-012	8.5128E-013
269170000087.62	6.8029E-012	8.5301E-013
269939999371.27	6.8137E-012	8.5475E-013
270709998654.919	6.8246E-012	8.5649E-013
271489997982.975	6.8355E-012	8.5823E-013
272260001402.293	6.8464E-012	8.5998E-013
273040000730.349	6.8573E-012	8.6173E-013
273820000058.405	6.8683E-012	8.6348E-013
274599999386.461	6.8793E-012	8.6524E-013
275389998758.924	6.8902E-012	8.6700E-013
276179998131.387	6.9012E-012	8.6876E-013
276960001595.111	6.9122E-012	8.7053E-013
277760001011.98	6.9233E-012	8.7230E-013
278550000384.443	6.9343E-012	8.7408E-013
279349999801.313	6.9454E-012	8.7586E-013
280139999173.776	6.9565E-012	8.7764E-013
280939998590.645	6.9676E-012	8.7942E-013
281749998051.922	6.9787E-012	8.8121E-013
282550001604.459	6.9899E-012	8.8301E-013
283360001065.735	7.0010E-012	8.8480E-013
284170000527.012	7.0122E-012	8.8660E-013
284979999988.288	7.0234E-012	8.8840E-013
285799999493.971	7.0346E-012	8.9021E-013
286609998955.247	7.0458E-012	8.9202E-013
287429998460.93	7.0571E-012	8.9384E-013
288249997966.614	7.0683E-012	8.9565E-013
289080001652.371	7.0796E-012	8.9748E-013
289900001158.054	7.0909E-012	8.9930E-013
290730000708.144	7.1022E-012	9.0113E-013
291560000258.234	7.1136E-012	9.0296E-013
292389999808.323	7.1249E-012	9.0480E-013
293229999402.82	7.1363E-012	9.0664E-013
294069998997.316	7.1477E-012	9.0848E-013
294909998591.813	7.1591E-012	9.1033E-013
295749998186.309	7.1705E-012	9.1218E-013
296600001960.88	7.1820E-012	9.1403E-013
297440001555.377	7.1934E-012	9.1589E-013
298290001194.28	7.2049E-012	9.1775E-013
299150000877.59	7.2164E-012	9.1962E-013
300000000516.493	7.2279E-012	9.2149E-013