1.362693e+16 4.751294e-32 6.474554e-16 1.613440e+01 -1.518879e+01
1.303445e+16 5.851802e-31 7.627504e-15 1.611509e+01 -1.411762e+01
1.249135e+16 5.952525e-31 7.435507e-15 1.609661e+01 -1.412869e+01
1.199170e+16 6.074805e-31 7.284722e-15 1.607888e+01 -1.413759e+01
1.153048e+16 6.299016e-31 7.263066e-15 1.606185e+01 -1.413888e+01
1.110342e+16 6.612097e-31 7.341690e-15 1.604546e+01 -1.413420e+01
1.070687e+16 6.660838e-31 7.131674e-15 1.602966e+01 -1.414681e+01
1.033767e+16 6.993230e-31 7.229369e-15 1.601442e+01 -1.414090e+01
9.993080e+15 6.928310e-31 6.923516e-15 1.599970e+01 -1.415967e+01
9.670723e+15 7.138866e-31 6.903799e-15 1.598546e+01 -1.416091e+01
9.368512e+15 7.237012e-31 6.780003e-15 1.597167e+01 -1.416877e+01
9.084618e+15 7.335349e-31 6.663884e-15 1.595831e+01 -1.417627e+01
8.817424e+15 7.300570e-31 6.437221e-15 1.594534e+01 -1.419130e+01
8.565497e+15 7.505198e-31 6.428575e-15 1.593275e+01 -1.419189e+01
8.327567e+15 8.806523e-31 7.333691e-15 1.592052e+01 -1.413468e+01
8.102497e+15 1.010331e-30 8.186201e-15 1.590862e+01 -1.408692e+01
7.889274e+15 9.761608e-31 7.701199e-15 1.589704e+01 -1.411344e+01
7.686985e+15 1.043383e-30 8.020467e-15 1.588576e+01 -1.409580e+01
7.494810e+15 1.251107e-30 9.376807e-15 1.587476e+01 -1.402795e+01
7.312010e+15 1.354770e-30 9.906090e-15 1.586404e+01 -1.400410e+01
7.137914e+15 1.325617e-30 9.462138e-15 1.585357e+01 -1.402401e+01
6.971916e+15 1.312742e-30 9.152326e-15 1.584335e+01 -1.403847e+01
6.813464e+15 1.433477e-30 9.766941e-15 1.583337e+01 -1.401024e+01
6.662053e+15 1.493371e-30 9.948918e-15 1.582361e+01 -1.400222e+01
6.517226e+15 1.433863e-30 9.344807e-15 1.581406e+01 -1.402943e+01
6.378562e+15 1.470684e-30 9.380847e-15 1.580472e+01 -1.402776e+01
6.245675e+15 1.571814e-30 9.817041e-15 1.579558e+01 -1.400802e+01
6.118212e+15 1.520851e-30 9.304889e-15 1.578662e+01 -1.403129e+01
5.995848e+15 1.676552e-30 1.005235e-14 1.577785e+01 -1.399773e+01
5.878282e+15 2.114454e-30 1.242936e-14 1.576925e+01 -1.390555e+01
5.765238e+15 2.369465e-30 1.366053e-14 1.576082e+01 -1.386453e+01
5.656460e+15 2.243417e-30 1.268980e-14 1.575254e+01 -1.389655e+01
5.551711e+15 2.071070e-30 1.149798e-14 1.574443e+01 -1.393938e+01
5.450771e+15 2.118318e-30 1.154647e-14 1.573646e+01 -1.393755e+01
5.353436e+15 2.538388e-30 1.358910e-14 1.572863e+01 -1.386681e+01
5.259516e+15 2.779606e-30 1.461938e-14 1.572095e+01 -1.383507e+01
5.168834e+15 2.802732e-30 1.448686e-14 1.571339e+01 -1.383903e+01
5.081227e+15 2.830779e-30 1.438383e-14 1.570597e+01 -1.384213e+01
4.996540e+15 2.610246e-30 1.304220e-14 1.569867e+01 -1.388465e+01
4.914630e+15 2.649837e-30 1.302297e-14 1.569149e+01 -1.388529e+01
4.835361e+15 3.043084e-30 1.471441e-14 1.568443e+01 -1.383226e+01
4.758610e+15 3.066083e-30 1.459029e-14 1.567748e+01 -1.383594e+01
4.684256e+15 3.235954e-30 1.515804e-14 1.567064e+01 -1.381936e+01
4.612191e+15 3.198932e-30 1.475409e-14 1.566391e+01 -1.383109e+01
4.542309e+15 3.168965e-30 1.439442e-14 1.565728e+01 -1.384181e+01
4.474513e+15 3.462947e-30 1.549500e-14 1.565075e+01 -1.380981e+01
4.408712e+15 3.367672e-30 1.484710e-14 1.564431e+01 -1.382836e+01
4.344817e+15 3.399435e-30 1.476992e-14 1.563797e+01 -1.383062e+01
4.282749e+15 3.375853e-30 1.445793e-14 1.563172e+01 -1.383989e+01
4.222428e+15 3.430873e-30 1.448662e-14 1.562556e+01 -1.383903e+01
4.163783e+15 3.841195e-30 1.599390e-14 1.561949e+01 -1.379605e+01
4.106745e+15 3.908417e-30 1.605087e-14 1.561350e+01 -1.379450e+01
4.051249e+15 3.911433e-30 1.584619e-14 1.560759e+01 -1.380008e+01
3.997232e+15 3.890503e-30 1.555124e-14 1.560176e+01 -1.380823e+01
3.944637e+15 3.784764e-30 1.492952e-14 1.559601e+01 -1.382595e+01
3.893408e+15 3.824290e-30 1.488952e-14 1.559033e+01 -1.382712e+01
3.843492e+15 3.907868e-30 1.501986e-14 1.558473e+01 -1.382333e+01
3.794841e+15 3.934695e-30 1.493154e-14 1.557919e+01 -1.382590e+01
3.747405e+15 4.095315e-30 1.534680e-14 1.557373e+01 -1.381398e+01
3.701141e+15 4.175348e-30 1.545355e-14 1.556834e+01 -1.381097e+01
3.656005e+15 4.257330e-30 1.556482e-14 1.556301e+01 -1.380786e+01
3.611957e+15 3.979284e-30 1.437300e-14 1.555774e+01 -1.384245e+01
3.568957e+15 3.974948e-30 1.418642e-14 1.555254e+01 -1.384813e+01
3.526969e+15 4.309689e-30 1.520014e-14 1.554740e+01 -1.381815e+01
3.485958e+15 4.383780e-30 1.528167e-14 1.554232e+01 -1.381583e+01
3.445890e+15 4.494482e-30 1.548749e-14 1.553730e+01 -1.381002e+01
3.406732e+15 4.548301e-30 1.549484e-14 1.553234e+01 -1.380981e+01
3.368454e+15 4.603153e-30 1.550551e-14 1.552743e+01 -1.380951e+01
3.331027e+15 4.613294e-30 1.536701e-14 1.552258e+01 -1.381341e+01
3.294422e+15 4.470853e-30 1.472888e-14 1.551778e+01 -1.383183e+01
3.258613e+15 2.347565e-29 7.649806e-14 1.551303e+01 -1.311635e+01
3.223574e+15 4.165979e-29 1.342934e-13 1.550834e+01 -1.287195e+01
3.189281e+15 6.518642e-29 2.078978e-13 1.550369e+01 -1.268215e+01
3.155709e+15 8.937437e-29 2.820395e-13 1.549910e+01 -1.254969e+01
3.122838e+15 1.087291e-28 3.395432e-13 1.549455e+01 -1.246910e+01
3.090643e+15 8.036970e-29 2.483941e-13 1.549005e+01 -1.260486e+01
3.059106e+15 7.590017e-29 2.321867e-13 1.548559e+01 -1.263416e+01
3.028206e+15 1.077319e-28 3.262343e-13 1.548119e+01 -1.248647e+01
2.997924e+15 1.174125e-28 3.519939e-13 1.547682e+01 -1.245346e+01
2.968242e+15 1.276914e-28 3.790189e-13 1.547250e+01 -1.242134e+01
2.939141e+15 9.759020e-29 2.868314e-13 1.546822e+01 -1.254237e+01
2.910606e+15 8.913287e-29 2.594306e-13 1.546398e+01 -1.258598e+01
2.882619e+15 1.356812e-28 3.911172e-13 1.545979e+01 -1.240769e+01
2.855166e+15 1.613337e-28 4.606344e-13 1.545563e+01 -1.233664e+01
2.828230e+15 1.481276e-28 4.189390e-13 1.545151e+01 -1.237785e+01
2.801798e+15 1.447328e-28 4.055121e-13 1.544744e+01 -1.239200e+01
2.775856e+15 1.446841e-28 4.016221e-13 1.544340e+01 -1.239618e+01
2.750389e+15 1.469275e-28 4.041077e-13 1.543939e+01 -1.239350e+01
2.725385e+15 1.559304e-28 4.249704e-13 1.543543e+01 -1.237164e+01
2.700832e+15 1.521031e-28 4.108050e-13 1.543150e+01 -1.238636e+01
2.676718e+15 1.436645e-28 3.845493e-13 1.542760e+01 -1.241505e+01
2.653030e+15 1.485129e-28 3.940093e-13 1.542374e+01 -1.240449e+01
2.629758e+15 1.554968e-28 4.089189e-13 1.541992e+01 -1.238836e+01
2.606890e+15 1.521768e-28 3.967083e-13 1.541612e+01 -1.240153e+01
2.584417e+15 1.554152e-28 4.016577e-13 1.541236e+01 -1.239614e+01
2.562328e+15 1.351191e-28 3.462194e-13 1.540863e+01 -1.246065e+01
2.540614e+15 1.317340e-28 3.346851e-13 1.540494e+01 -1.247536e+01
2.519264e+15 1.372206e-28 3.456950e-13 1.540127e+01 -1.246131e+01
2.498270e+15 1.141910e-28 2.852799e-13 1.539764e+01 -1.254473e+01
2.477623e+15 8.678059e-29 2.150096e-13 1.539404e+01 -1.266754e+01
2.457315e+15 7.678709e-29 1.886901e-13 1.539046e+01 -1.272425e+01
2.437337e+15 1.063925e-28 2.593143e-13 1.538692e+01 -1.258617e+01
2.417681e+15 1.717472e-28 4.152300e-13 1.538340e+01 -1.238171e+01
2.398339e+15 1.850575e-28 4.438307e-13 1.537991e+01 -1.235278e+01
2.379305e+15 1.650935e-28 3.928077e-13 1.537645e+01 -1.240582e+01
2.360570e+15 1.856794e-28 4.383091e-13 1.537302e+01 -1.235822e+01
2.342128e+15 1.883500e-28 4.411398e-13 1.536961e+01 -1.235542e+01
2.323972e+15 1.896448e-28 4.407293e-13 1.536623e+01 -1.235583e+01
2.306095e+15 1.602541e-28 3.695612e-13 1.536288e+01 -1.243231e+01
2.288492e+15 1.761896e-28 4.032083e-13 1.535955e+01 -1.239447e+01
2.271155e+15 1.871556e-28 4.250593e-13 1.535625e+01 -1.237155e+01
2.254078e+15 1.712641e-28 3.860426e-13 1.535297e+01 -1.241336e+01
2.237257e+15 1.695416e-28 3.793082e-13 1.534972e+01 -1.242101e+01
2.220684e+15 1.831836e-28 4.067929e-13 1.534649e+01 -1.239063e+01
2.204356e+15 1.710010e-28 3.769470e-13 1.534328e+01 -1.242372e+01
2.188266e+15 1.633563e-28 3.574669e-13 1.534010e+01 -1.244676e+01
2.172409e+15 1.592306e-28 3.459140e-13 1.533694e+01 -1.246103e+01
2.156780e+15 1.363408e-28 2.940571e-13 1.533381e+01 -1.253157e+01
2.141374e+15 1.544228e-28 3.306771e-13 1.533069e+01 -1.248060e+01
2.126187e+15 1.642462e-28 3.492182e-13 1.532760e+01 -1.245690e+01
2.111214e+15 1.579425e-28 3.334504e-13 1.532453e+01 -1.247697e+01
2.096450e+15 1.591827e-28 3.337186e-13 1.532148e+01 -1.247662e+01
2.081892e+15 1.650498e-28 3.436158e-13 1.531846e+01 -1.246393e+01
2.067534e+15 1.634965e-28 3.380345e-13 1.531545e+01 -1.247104e+01
2.053373e+15 1.627717e-28 3.342310e-13 1.531247e+01 -1.247595e+01
2.039404e+15 1.710084e-28 3.487551e-13 1.530950e+01 -1.245748e+01
2.025624e+15 1.748189e-28 3.541175e-13 1.530656e+01 -1.245085e+01
2.012030e+15 1.834128e-28 3.690320e-13 1.530363e+01 -1.243294e+01
1.998616e+15 1.716916e-28 3.431455e-13 1.530073e+01 -1.246452e+01
1.985380e+15 1.734353e-28 3.443350e-13 1.529784e+01 -1.246302e+01
1.972318e+15 1.741832e-28 3.435447e-13 1.529498e+01 -1.246402e+01
1.959427e+15 1.405804e-28 2.754570e-13 1.529213e+01 -1.255995e+01
1.946704e+15 1.141054e-28 2.221295e-13 1.528930e+01 -1.265339e+01
1.934145e+15 1.670743e-28 3.231459e-13 1.528649e+01 -1.249060e+01
1.921746e+15 1.803884e-28 3.466606e-13 1.528370e+01 -1.246010e+01
1.909506e+15 1.696199e-28 3.238901e-13 1.528092e+01 -1.248960e+01
1.897420e+15 1.710473e-28 3.245487e-13 1.527816e+01 -1.248872e+01
1.885487e+15 1.706981e-28 3.218489e-13 1.527542e+01 -1.249235e+01
1.873702e+15 1.625705e-28 3.046088e-13 1.527270e+01 -1.251626e+01
1.862065e+15 1.531507e-28 2.851765e-13 1.526999e+01 -1.254489e+01
1.850570e+15 1.552713e-28 2.873405e-13 1.526731e+01 -1.254160e+01
1.839217e+15 1.559767e-28 2.868750e-13 1.526463e+01 -1.254231e+01
1.828002e+15 1.588388e-28 2.903578e-13 1.526198e+01 -1.253707e+01
1.816924e+15 1.624696e-28 2.951949e-13 1.525934e+01 -1.252989e+01
1.805978e+15 1.529323e-28 2.761924e-13 1.525671e+01 -1.255879e+01
1.795164e+15 1.562087e-28 2.804202e-13 1.525410e+01 -1.255219e+01
1.784479e+15 1.694203e-28 3.023269e-13 1.525151e+01 -1.251952e+01
1.773920e+15 1.661313e-28 2.947036e-13 1.524893e+01 -1.253061e+01
1.763485e+15 1.631956e-28 2.877930e-13 1.524637e+01 -1.254092e+01
1.753172e+15 1.550327e-28 2.717989e-13 1.524382e+01 -1.256575e+01
1.742979e+15 1.516680e-28 2.643542e-13 1.524129e+01 -1.257781e+01
1.732904e+15 1.647307e-28 2.854625e-13 1.523877e+01 -1.254445e+01
1.722945e+15 1.690072e-28 2.911901e-13 1.523627e+01 -1.253582e+01
1.713099e+15 1.689743e-28 2.894697e-13 1.523378e+01 -1.253840e+01
1.703366e+15 1.716624e-28 2.924038e-13 1.523131e+01 -1.253402e+01
1.693742e+15 1.709164e-28 2.894883e-13 1.522885e+01 -1.253837e+01
1.684227e+15 1.717429e-28 2.892540e-13 1.522640e+01 -1.253872e+01
1.674818e+15 1.530370e-28 2.563091e-13 1.522397e+01 -1.259124e+01
1.665513e+15 1.695981e-28 2.824678e-13 1.522155e+01 -1.254903e+01
1.656312e+15 1.663660e-28 2.755540e-13 1.521914e+01 -1.255979e+01
1.647211e+15 1.724057e-28 2.839886e-13 1.521675e+01 -1.254670e+01
1.638210e+15 1.711461e-28 2.803733e-13 1.521437e+01 -1.255226e+01
1.629307e+15 1.648999e-28 2.686725e-13 1.521200e+01 -1.257078e+01
1.620499e+15 1.594094e-28 2.583228e-13 1.520965e+01 -1.258784e+01
1.611787e+15 1.587128e-28 2.558113e-13 1.520731e+01 -1.259208e+01
1.603168e+15 1.651368e-28 2.647421e-13 1.520498e+01 -1.257718e+01
1.594640e+15 1.628112e-28 2.596254e-13 1.520266e+01 -1.258565e+01
1.586203e+15 1.575192e-28 2.498575e-13 1.520036e+01 -1.260231e+01
1.577855e+15 1.573417e-28 2.482623e-13 1.519807e+01 -1.260509e+01
1.569594e+15 1.578223e-28 2.477169e-13 1.519579e+01 -1.260604e+01
1.561419e+15 1.546104e-28 2.414116e-13 1.519352e+01 -1.261724e+01
1.553328e+15 1.559239e-28 2.422010e-13 1.519126e+01 -1.261582e+01
1.545322e+15 1.657609e-28 2.561539e-13 1.518902e+01 -1.259150e+01
1.537397e+15 1.671667e-28 2.570016e-13 1.518679e+01 -1.259006e+01
1.529553e+15 1.645367e-28 2.516675e-13 1.518456e+01 -1.259917e+01
1.521789e+15 1.661153e-28 2.527924e-13 1.518235e+01 -1.259724e+01
1.514103e+15 1.721385e-28 2.606355e-13 1.518016e+01 -1.258397e+01
1.506494e+15 1.714266e-28 2.582533e-13 1.517797e+01 -1.258795e+01
1.498962e+15 1.690568e-28 2.534097e-13 1.517579e+01 -1.259618e+01
1.491504e+15 1.673758e-28 2.496417e-13 1.517362e+01 -1.260268e+01
1.484121e+15 1.744346e-28 2.588820e-13 1.517147e+01 -1.258690e+01
1.476810e+15 1.723893e-28 2.545863e-13 1.516932e+01 -1.259417e+01
1.469571e+15 1.737554e-28 2.553459e-13 1.516719e+01 -1.259287e+01
1.462402e+15 1.711586e-28 2.503027e-13 1.516507e+01 -1.260153e+01
1.455303e+15 1.608223e-28 2.340452e-13 1.516295e+01 -1.263070e+01
1.448272e+15 1.728977e-28 2.504029e-13 1.516085e+01 -1.260136e+01
1.441310e+15 1.811026e-28 2.610250e-13 1.515876e+01 -1.258332e+01
1.434413e+15 1.803757e-28 2.587333e-13 1.515667e+01 -1.258715e+01
1.427583e+15 1.686738e-28 2.407958e-13 1.515460e+01 -1.261835e+01
1.420817e+15 1.807243e-28 2.567761e-13 1.515254e+01 -1.259045e+01
1.414115e+15 1.795339e-28 2.538816e-13 1.515048e+01 -1.259537e+01
1.407476e+15 1.862455e-28 2.621360e-13 1.514844e+01 -1.258147e+01
1.400899e+15 1.729387e-28 2.422697e-13 1.514641e+01 -1.261570e+01
1.394383e+15 1.780475e-28 2.482664e-13 1.514438e+01 -1.260508e+01
1.387928e+15 1.788273e-28 2.481993e-13 1.514237e+01 -1.260520e+01
1.381532e+15 1.676675e-28 2.316380e-13 1.514036e+01 -1.263519e+01
1.375194e+15 1.694726e-28 2.330578e-13 1.513836e+01 -1.263254e+01
1.368915e+15 1.771069e-28 2.424443e-13 1.513638e+01 -1.261539e+01
1.362693e+15 1.881210e-28 2.563511e-13 1.513440e+01 -1.259116e+01
1.356527e+15 1.773286e-28 2.405510e-13 1.513243e+01 -1.261879e+01
1.350416e+15 1.665828e-28 2.249561e-13 1.513047e+01 -1.264790e+01
1.344361e+15 1.698294e-28 2.283120e-13 1.512852e+01 -1.264147e+01
1.338359e+15 1.712207e-28 2.291548e-13 1.512657e+01 -1.263987e+01
1.332411e+15 1.715248e-28 2.285415e-13 1.512464e+01 -1.264103e+01
1.326515e+15 1.762193e-28 2.337576e-13 1.512271e+01 -1.263123e+01
1.320671e+15 1.684764e-28 2.225020e-13 1.512079e+01 -1.265267e+01
1.314879e+15 1.743077e-28 2.291936e-13 1.511889e+01 -1.263980e+01
1.309137e+15 1.772536e-28 2.320493e-13 1.511699e+01 -1.263442e+01
1.303445e+15 1.711053e-28 2.230264e-13 1.511509e+01 -1.265164e+01
1.297803e+15 1.807948e-28 2.346359e-13 1.511321e+01 -1.262961e+01
1.292209e+15 1.790267e-28 2.313398e-13 1.511133e+01 -1.263575e+01
1.286663e+15 1.773540e-28 2.281948e-13 1.510946e+01 -1.264169e+01
1.281164e+15 1.751899e-28 2.244470e-13 1.510760e+01 -1.264889e+01
1.275712e+15 1.728202e-28 2.204689e-13 1.510575e+01 -1.265665e+01
1.270307e+15 1.828512e-28 2.322772e-13 1.510391e+01 -1.263399e+01
1.264947e+15 1.816789e-28 2.298142e-13 1.510207e+01 -1.263862e+01
1.259632e+15 1.768028e-28 2.227064e-13 1.510024e+01 -1.265227e+01
1.254362e+15 1.681299e-28 2.108957e-13 1.509842e+01 -1.267593e+01
1.249135e+15 1.729555e-28 2.160447e-13 1.509661e+01 -1.266546e+01
1.243952e+15 1.690770e-28 2.103236e-13 1.509480e+01 -1.267711e+01
1.238812e+15 1.791650e-28 2.219517e-13 1.509301e+01 -1.265374e+01
1.233714e+15 1.965650e-28 2.425049e-13 1.509121e+01 -1.261528e+01
1.228657e+15 1.887181e-28 2.318699e-13 1.508943e+01 -1.263476e+01
1.223642e+15 1.889738e-28 2.312364e-13 1.508765e+01 -1.263594e+01
1.218668e+15 1.973705e-28 2.405292e-13 1.508589e+01 -1.261883e+01
1.213734e+15 1.876317e-28 2.277350e-13 1.508412e+01 -1.264257e+01
1.208840e+15 1.846780e-28 2.232462e-13 1.508237e+01 -1.265122e+01
1.203986e+15 1.794856e-28 2.160981e-13 1.508062e+01 -1.266535e+01
1.199170e+15 1.917118e-28 2.298950e-13 1.507888e+01 -1.263847e+01
1.194392e+15 1.905316e-28 2.275694e-13 1.507715e+01 -1.264289e+01
1.189652e+15 1.821249e-28 2.166653e-13 1.507542e+01 -1.266421e+01
1.184950e+15 1.875414e-28 2.222272e-13 1.507370e+01 -1.265320e+01
1.180285e+15 1.904181e-28 2.247476e-13 1.507199e+01 -1.264830e+01
1.175656e+15 1.956010e-28 2.299596e-13 1.507028e+01 -1.263835e+01
1.171064e+15 2.024376e-28 2.370674e-13 1.506858e+01 -1.262513e+01
1.166507e+15 2.218252e-28 2.587608e-13 1.506689e+01 -1.258710e+01
1.161986e+15 2.018453e-28 2.345414e-13 1.506520e+01 -1.262978e+01
1.157500e+15 2.104646e-28 2.436127e-13 1.506352e+01 -1.261330e+01
1.153048e+15 2.079021e-28 2.397211e-13 1.506185e+01 -1.262029e+01
1.148630e+15 2.061994e-28 2.368468e-13 1.506018e+01 -1.262553e+01
1.144246e+15 2.207342e-28 2.525742e-13 1.505852e+01 -1.259761e+01
1.139895e+15 2.235411e-28 2.548133e-13 1.505686e+01 -1.259378e+01
1.135577e+15 2.810387e-28 3.191411e-13 1.505522e+01 -1.249602e+01
1.131292e+15 2.835503e-28 3.207783e-13 1.505357e+01 -1.249380e+01
1.127039e+15 2.931324e-28 3.303716e-13 1.505194e+01 -1.248100e+01
1.122818e+15 2.759330e-28 3.098225e-13 1.505031e+01 -1.250889e+01
1.118628e+15 2.838116e-28 3.174797e-13 1.504869e+01 -1.249828e+01
1.114470e+15 2.802773e-28 3.123606e-13 1.504707e+01 -1.250534e+01
1.110342e+15 2.841335e-28 3.154854e-13 1.504546e+01 -1.250102e+01
1.106245e+15 2.925766e-28 3.236614e-13 1.504385e+01 -1.248991e+01
1.102178e+15 2.644283e-28 2.914471e-13 1.504225e+01 -1.253544e+01
1.098141e+15 2.774250e-28 3.046517e-13 1.504066e+01 -1.251620e+01
1.094133e+15 2.541660e-28 2.780913e-13 1.503907e+01 -1.255581e+01
1.090154e+15 2.454248e-28 2.675509e-13 1.503749e+01 -1.257259e+01
1.086204e+15 2.765747e-28 3.004166e-13 1.503591e+01 -1.252228e+01
1.082283e+15 2.940937e-28 3.182926e-13 1.503434e+01 -1.249717e+01
1.078390e+15 2.768479e-28 2.985500e-13 1.503278e+01 -1.252498e+01
1.074525e+15 2.454827e-28 2.637772e-13 1.503122e+01 -1.257876e+01
1.070687e+15 2.102433e-28 2.251048e-13 1.502966e+01 -1.264762e+01
1.066877e+15 2.494404e-28 2.661222e-13 1.502811e+01 -1.257492e+01
1.063094e+15 3.210973e-28 3.413565e-13 1.502657e+01 -1.246679e+01
1.059337e+15 3.147437e-28 3.334197e-13 1.502503e+01 -1.247701e+01
1.055607e+15 3.111021e-28 3.284016e-13 1.502350e+01 -1.248359e+01
1.051903e+15 2.671014e-28 2.809648e-13 1.502198e+01 -1.255135e+01
1.048225e+15 3.046960e-28 3.193900e-13 1.502045e+01 -1.249568e+01
1.044573e+15 3.372471e-28 3.522791e-13 1.501894e+01 -1.245311e+01
1.040946e+15 3.371421e-28 3.509466e-13 1.501743e+01 -1.245476e+01
1.037344e+15 3.547958e-28 3.680453e-13 1.501592e+01 -1.243410e+01
1.033767e+15 3.966986e-28 4.100939e-13 1.501442e+01 -1.238712e+01
1.030214e+15 4.135907e-28 4.260871e-13 1.501293e+01 -1.237050e+01
1.026686e+15 4.033383e-28 4.141019e-13 1.501144e+01 -1.238289e+01
1.023182e+15 4.042544e-28 4.136259e-13 1.500995e+01 -1.238339e+01
1.019702e+15 4.032908e-28 4.112365e-13 1.500847e+01 -1.238591e+01
1.016245e+15 4.072118e-28 4.138271e-13 1.500700e+01 -1.238318e+01
1.012812e+15 4.321765e-28 4.377136e-13 1.500553e+01 -1.235881e+01
1.009402e+15 4.072836e-28 4.111128e-13 1.500406e+01 -1.238604e+01
1.006015e+15 4.191267e-28 4.216476e-13 1.500260e+01 -1.237505e+01
1.002650e+15 4.233902e-28 4.245122e-13 1.500115e+01 -1.237211e+01
9.993080e+14 4.109439e-28 4.106595e-13 1.499970e+01 -1.238652e+01
9.959880e+14 4.222354e-28 4.205414e-13 1.499825e+01 -1.237619e+01
9.926901e+14 4.115248e-28 4.085165e-13 1.499681e+01 -1.238879e+01
9.894139e+14 4.726561e-28 4.676525e-13 1.499538e+01 -1.233008e+01
9.861592e+14 4.877379e-28 4.809872e-13 1.499395e+01 -1.231787e+01
9.829259e+14 4.974712e-28 4.889774e-13 1.499252e+01 -1.231071e+01
9.797137e+14 4.777713e-28 4.680791e-13 1.499110e+01 -1.232968e+01
9.765225e+14 4.984279e-28 4.867261e-13 1.498968e+01 -1.231272e+01
9.733519e+14 5.234147e-28 5.094667e-13 1.498827e+01 -1.229288e+01
9.702019e+14 4.977371e-28 4.829055e-13 1.498686e+01 -1.231614e+01
9.670723e+14 4.934521e-28 4.772038e-13 1.498546e+01 -1.232130e+01
9.639627e+14 5.691164e-28 5.486070e-13 1.498406e+01 -1.226074e+01
9.608731e+14 5.554650e-28 5.337313e-13 1.498267e+01 -1.227268e+01
9.578032e+14 5.717066e-28 5.475824e-13 1.498128e+01 -1.226155e+01
9.547529e+14 5.865273e-28 5.599886e-13 1.497989e+01 -1.225182e+01
9.517219e+14 5.806408e-28 5.526086e-13 1.497851e+01 -1.225758e+01
9.487101e+14 5.496124e-28 5.214229e-13 1.497713e+01 -1.228281e+01
9.457174e+14 6.145817e-28 5.812206e-13 1.497576e+01 -1.223566e+01
9.427434e+14 6.192830e-28 5.838250e-13 1.497439e+01 -1.223372e+01
9.397881e+14 5.845093e-28 5.493149e-13 1.497303e+01 -1.226018e+01
9.368512e+14 5.641667e-28 5.285403e-13 1.497167e+01 -1.227692e+01
9.339327e+14 6.218574e-28 5.807729e-13 1.497032e+01 -1.223599e+01
9.310323e+14 6.100875e-28 5.680111e-13 1.496896e+01 -1.224564e+01
9.281498e+14 5.694514e-28 5.285363e-13 1.496762e+01 -1.227693e+01
9.252852e+14 5.817545e-28 5.382888e-13 1.496628e+01 -1.226898e+01
9.224382e+14 6.730399e-28 6.208377e-13 1.496494e+01 -1.220702e+01
9.196086e+14 7.135683e-28 6.562035e-13 1.496360e+01 -1.218296e+01
9.167963e+14 7.424513e-28 6.806766e-13 1.496227e+01 -1.216706e+01
9.140012e+14 7.246705e-28 6.623497e-13 1.496095e+01 -1.217891e+01
9.112231e+14 7.862799e-28 7.164764e-13 1.495962e+01 -1.214480e+01
9.084618e+14 8.166042e-28 7.418538e-13 1.495831e+01 -1.212968e+01
9.057172e+14 7.524576e-28 6.815138e-13 1.495699e+01 -1.216653e+01
9.029892e+14 7.543371e-28 6.811583e-13 1.495568e+01 -1.216675e+01
9.002775e+14 7.454380e-28 6.711011e-13 1.495438e+01 -1.217321e+01
8.975820e+14 7.730750e-28 6.938982e-13 1.495307e+01 -1.215870e+01
8.949027e+14 7.946508e-28 7.111351e-13 1.495178e+01 -1.214805e+01
8.922393e+14 7.397588e-28 6.600419e-13 1.495048e+01 -1.218043e+01
8.895917e+14 7.147815e-28 6.358637e-13 1.494919e+01 -1.219664e+01
8.869598e+14 7.750741e-28 6.874596e-13 1.494790e+01 -1.216275e+01
8.843434e+14 8.121920e-28 7.182566e-13 1.494662e+01 -1.214372e+01
8.817424e+14 8.397369e-28 7.404316e-13 1.494534e+01 -1.213052e+01
8.791566e+14 8.334004e-28 7.326895e-13 1.494407e+01 -1.213508e+01
8.765860e+14 8.446009e-28 7.403653e-13 1.494279e+01 -1.213055e+01
8.740303e+14 8.568409e-28 7.489050e-13 1.494153e+01 -1.212557e+01
8.714895e+14 7.588186e-28 6.613024e-13 1.494026e+01 -1.217960e+01
8.689635e+14 7.917899e-28 6.880365e-13 1.493900e+01 -1.216239e+01
8.664520e+14 8.557607e-28 7.414756e-13 1.493774e+01 -1.212990e+01
8.639550e+14 8.130052e-28 7.023999e-13 1.493649e+01 -1.215342e+01
8.614724e+14 8.131278e-28 7.004872e-13 1.493524e+01 -1.215460e+01
8.590040e+14 8.220757e-28 7.061663e-13 1.493400e+01 -1.215109e+01
8.565497e+14 9.086804e-28 7.783299e-13 1.493275e+01 -1.210884e+01
8.541094e+14 9.401144e-28 8.029606e-13 1.493151e+01 -1.209531e+01
8.516830e+14 8.846957e-28 7.534802e-13 1.493028e+01 -1.212293e+01
8.492703e+14 9.189505e-28 7.804373e-13 1.492905e+01 -1.210766e+01
8.468712e+14 1.041374e-27 8.819095e-13 1.492782e+01 -1.205458e+01
8.444856e+14 1.021449e-27 8.625991e-13 1.492659e+01 -1.206419e+01
8.421135e+14 9.233634e-28 7.775768e-13 1.492537e+01 -1.210926e+01
8.397546e+14 8.241254e-28 6.920631e-13 1.492415e+01 -1.215985e+01
8.374089e+14 7.372030e-28 6.173404e-13 1.492294e+01 -1.220948e+01
8.350763e+14 8.438068e-28 7.046431e-13 1.492173e+01 -1.215203e+01
8.327567e+14 9.714772e-28 8.090041e-13 1.492052e+01 -1.209205e+01
8.304499e+14 9.277040e-28 7.704117e-13 1.491931e+01 -1.211328e+01
8.281558e+14 9.974898e-28 8.260769e-13 1.491811e+01 -1.208298e+01
8.258744e+14 1.048471e-27 8.659049e-13 1.491691e+01 -1.206253e+01
8.236055e+14 1.059255e-27 8.724083e-13 1.491572e+01 -1.205928e+01
8.213490e+14 1.159526e-27 9.523754e-13 1.491453e+01 -1.202119e+01
8.191049e+14 1.334507e-27 1.093101e-12 1.491334e+01 -1.196134e+01
8.168730e+14 1.284085e-27 1.048934e-12 1.491215e+01 -1.197925e+01
8.146533e+14 1.196916e-27 9.750715e-13 1.491097e+01 -1.201096e+01
8.124455e+14 1.239397e-27 1.006942e-12 1.490979e+01 -1.199700e+01
8.102497e+14 1.287821e-27 1.043457e-12 1.490862e+01 -1.198153e+01
8.080658e+14 1.197960e-27 9.680308e-13 1.490745e+01 -1.201411e+01
8.058935e+14 1.144747e-27 9.225440e-13 1.490628e+01 -1.203501e+01
8.037330e+14 9.937798e-28 7.987336e-13 1.490511e+01 -1.209760e+01
8.015840e+14 9.338902e-28 7.485914e-13 1.490395e+01 -1.212576e+01
7.994464e+14 1.029482e-27 8.230160e-13 1.490279e+01 -1.208459e+01
7.973202e+14 1.139393e-27 9.084610e-13 1.490163e+01 -1.204169e+01
7.952053e+14 1.309810e-27 1.041568e-12 1.490048e+01 -1.198231e+01
7.931016e+14 1.475443e-27 1.170176e-12 1.489933e+01 -1.193175e+01
7.910090e+14 1.298965e-27 1.027493e-12 1.489818e+01 -1.198822e+01
7.889274e+14 1.277027e-27 1.007481e-12 1.489704e+01 -1.199676e+01
7.868567e+14 1.245804e-27 9.802690e-13 1.489590e+01 -1.200865e+01
7.847969e+14 1.043496e-27 8.189320e-13 1.489476e+01 -1.208675e+01
7.827478e+14 8.844843e-28 6.923282e-13 1.489362e+01 -1.215969e+01
7.807094e+14 9.936400e-28 7.757441e-13 1.489249e+01 -1.211028e+01
7.786816e+14 1.145449e-27 8.919400e-13 1.489136e+01 -1.204966e+01
7.766642e+14 1.140564e-27 8.858351e-13 1.489023e+01 -1.205265e+01
7.746574e+14 1.148903e-27 8.900063e-13 1.488911e+01 -1.205061e+01
7.726608e+14 1.139835e-27 8.807055e-13 1.488799e+01 -1.205517e+01
7.706746e+14 1.290513e-27 9.945653e-13 1.488687e+01 -1.200237e+01
7.686985e+14 1.439417e-27 1.106478e-12 1.488576e+01 -1.195606e+01
7.667325e+14 1.570844e-27 1.204417e-12 1.488464e+01 -1.191922e+01
7.647765e+14 1.433923e-27 1.096631e-12 1.488353e+01 -1.195994e+01
7.628305e+14 1.056582e-27 8.059933e-13 1.488243e+01 -1.209367e+01
7.608944e+14 1.153183e-27 8.774506e-13 1.488132e+01 -1.205678e+01
7.589681e+14 1.578336e-27 1.197906e-12 1.488022e+01 -1.192158e+01
7.570515e+14 1.346252e-27 1.019182e-12 1.487913e+01 -1.199175e+01
7.551446e+14 1.197575e-27 9.043423e-13 1.487803e+01 -1.204367e+01
7.532472e+14 1.849187e-27 1.392895e-12 1.487694e+01 -1.185608e+01
7.513594e+14 2.279881e-27 1.713010e-12 1.487585e+01 -1.176624e+01
7.494810e+14 2.452186e-27 1.837867e-12 1.487476e+01 -1.173569e+01
7.476120e+14 2.591023e-27 1.937080e-12 1.487368e+01 -1.171285e+01
7.457522e+14 2.663638e-27 1.986414e-12 1.487259e+01 -1.170193e+01
7.439017e+14 2.595921e-27 1.931110e-12 1.487152e+01 -1.171419e+01
7.420604e+14 2.526552e-27 1.874854e-12 1.487044e+01 -1.172703e+01
7.402281e+14 2.579307e-27 1.909276e-12 1.486937e+01 -1.171913e+01
7.384049e+14 2.469433e-27 1.823441e-12 1.486829e+01 -1.173911e+01
7.365907e+14 2.496347e-27 1.838786e-12 1.486723e+01 -1.173547e+01
7.347853e+14 2.665222e-27 1.958366e-12 1.486616e+01 -1.170811e+01
7.329888e+14 2.824392e-27 2.070248e-12 1.486510e+01 -1.168398e+01
7.312010e+14 2.598077e-27 1.899716e-12 1.486404e+01 -1.172131e+01
7.294219e+14 2.685893e-27 1.959149e-12 1.486298e+01 -1.170793e+01
7.276515e+14 2.778589e-27 2.021844e-12 1.486192e+01 -1.169425e+01
7.258896e+14 2.737383e-27 1.987038e-12 1.486087e+01 -1.170179e+01
7.241362e+14 2.594504e-27 1.878775e-12 1.485982e+01 -1.172613e+01
7.223913e+14 2.594519e-27 1.874258e-12 1.485877e+01 -1.172717e+01
7.206548e+14 2.723653e-27 1.962814e-12 1.485773e+01 -1.170712e+01
7.189266e+14 2.623337e-27 1.885987e-12 1.485668e+01 -1.172446e+01
7.172067e+14 2.636876e-27 1.891185e-12 1.485564e+01 -1.172327e+01
7.154950e+14 2.741310e-27 1.961394e-12 1.485461e+01 -1.170744e+01
7.137914e+14 2.710667e-27 1.934851e-12 1.485357e+01 -1.171335e+01
7.120960e+14 2.904176e-27 2.068052e-12 1.485254e+01 -1.168444e+01
7.104085e+14 2.713984e-27 1.928038e-12 1.485151e+01 -1.171488e+01
7.087291e+14 2.665129e-27 1.888854e-12 1.485048e+01 -1.172380e+01
7.070575e+14 2.997563e-27 2.119449e-12 1.484945e+01 -1.167378e+01
7.053939e+14 2.963519e-27 2.090448e-12 1.484843e+01 -1.167976e+01
7.037380e+14 2.993135e-27 2.106383e-12 1.484741e+01 -1.167646e+01
7.020899e+14 2.925622e-27 2.054050e-12 1.484639e+01 -1.168739e+01
7.004495e+14 2.933910e-27 2.055056e-12 1.484538e+01 -1.168718e+01
6.988168e+14 2.778477e-27 1.941646e-12 1.484436e+01 -1.171183e+01
6.971916e+14 2.541257e-27 1.771743e-12 1.484335e+01 -1.175160e+01
6.955740e+14 2.836990e-27 1.973336e-12 1.484234e+01 -1.170480e+01
6.939639e+14 3.324527e-27 2.307102e-12 1.484134e+01 -1.163693e+01
6.923612e+14 3.339936e-27 2.312442e-12 1.484033e+01 -1.163593e+01
6.907659e+14 3.530537e-27 2.438775e-12 1.483933e+01 -1.161283e+01
6.891779e+14 3.677396e-27 2.534380e-12 1.483833e+01 -1.159613e+01
6.875972e+14 3.880833e-27 2.668450e-12 1.483733e+01 -1.157374e+01
6.860238e+14 3.756586e-27 2.577108e-12 1.483634e+01 -1.158887e+01
6.844575e+14 3.368909e-27 2.305875e-12 1.483535e+01 -1.163716e+01
6.828984e+14 3.441970e-27 2.350516e-12 1.483436e+01 -1.162884e+01
6.813464e+14 3.590736e-27 2.446535e-12 1.483337e+01 -1.161145e+01
6.798014e+14 3.745992e-27 2.546530e-12 1.483238e+01 -1.159405e+01
6.782633e+14 4.061575e-27 2.754818e-12 1.483140e+01 -1.155991e+01
6.767323e+14 3.933977e-27 2.662249e-12 1.483042e+01 -1.157475e+01
6.752081e+14 4.041027e-27 2.728534e-12 1.482944e+01 -1.156407e+01
6.736908e+14 4.106755e-27 2.766683e-12 1.482846e+01 -1.155804e+01
6.721803e+14 3.845893e-27 2.585133e-12 1.482749e+01 -1.158752e+01
6.706765e+14 4.312864e-27 2.892536e-12 1.482651e+01 -1.153872e+01
6.691795e+14 4.578329e-27 3.063724e-12 1.482554e+01 -1.151375e+01
6.676891e+14 4.623244e-27 3.086889e-12 1.482457e+01 -1.151048e+01
6.662053e+14 4.712088e-27 3.139218e-12 1.482361e+01 -1.150318e+01
6.647282e+14 4.859700e-27 3.230379e-12 1.482264e+01 -1.149075e+01
6.632575e+14 4.510663e-27 2.991731e-12 1.482168e+01 -1.152408e+01
6.617934e+14 4.262932e-27 2.821180e-12 1.482072e+01 -1.154957e+01
6.603357e+14 4.604004e-27 3.040188e-12 1.481976e+01 -1.151710e+01
6.588844e+14 4.704663e-27 3.099829e-12 1.481881e+01 -1.150866e+01
6.574395e+14 4.932741e-27 3.242979e-12 1.481786e+01 -1.148906e+01
6.560009e+14 4.853634e-27 3.183988e-12 1.481690e+01 -1.149703e+01
6.545686e+14 4.891295e-27 3.201688e-12 1.481596e+01 -1.149462e+01
6.531425e+14 4.761624e-27 3.110019e-12 1.481501e+01 -1.150724e+01
6.517226e+14 4.894183e-27 3.189650e-12 1.481406e+01 -1.149626e+01
6.503089e+14 5.190445e-27 3.375393e-12 1.481312e+01 -1.147168e+01
6.489013e+14 5.324600e-27 3.455140e-12 1.481218e+01 -1.146153e+01
6.474998e+14 5.188776e-27 3.359731e-12 1.481124e+01 -1.147370e+01
6.461043e+14 4.959358e-27 3.204263e-12 1.481030e+01 -1.149427e+01
6.447148e+14 4.963273e-27 3.199896e-12 1.480937e+01 -1.149486e+01
6.433313e+14 5.098782e-27 3.280206e-12 1.480843e+01 -1.148410e+01
6.419537e+14 4.967262e-27 3.188753e-12 1.480750e+01 -1.149638e+01
6.405821e+14 5.165076e-27 3.308655e-12 1.480657e+01 -1.148035e+01
6.392162e+14 5.183616e-27 3.313451e-12 1.480565e+01 -1.147972e+01
6.378562e+14 5.092615e-27 3.248356e-12 1.480472e+01 -1.148834e+01
6.365019e+14 5.104741e-27 3.249177e-12 1.480380e+01 -1.148823e+01
6.351534e+14 5.384654e-27 3.420081e-12 1.480288e+01 -1.146596e+01
6.338106e+14 5.355029e-27 3.394074e-12 1.480196e+01 -1.146928e+01
6.324734e+14 5.575726e-27 3.526499e-12 1.480104e+01 -1.145266e+01
6.311419e+14 5.676513e-27 3.582685e-12 1.480013e+01 -1.144579e+01
6.298160e+14 5.443938e-27 3.428679e-12 1.479921e+01 -1.146487e+01
6.284956e+14 5.441691e-27 3.420079e-12 1.479830e+01 -1.146596e+01
6.271808e+14 5.633893e-27 3.533469e-12 1.479739e+01 -1.145180e+01
6.258714e+14 5.709439e-27 3.573375e-12 1.479649e+01 -1.144692e+01
6.245675e+14 5.859992e-27 3.659961e-12 1.479558e+01 -1.143652e+01
6.232690e+14 5.759711e-27 3.589849e-12 1.479468e+01 -1.144492e+01
6.219759e+14 5.868223e-27 3.649894e-12 1.479377e+01 -1.143772e+01
6.206882e+14 5.883166e-27 3.651612e-12 1.479287e+01 -1.143752e+01
6.194058e+14 5.787583e-27 3.584862e-12 1.479198e+01 -1.144553e+01
6.181287e+14 5.568055e-27 3.441774e-12 1.479108e+01 -1.146322e+01
6.168568e+14 5.256163e-27 3.242300e-12 1.479018e+01 -1.148915e+01
6.155901e+14 5.536081e-27 3.407957e-12 1.478929e+01 -1.146751e+01
6.143287e+14 5.610834e-27 3.446896e-12 1.478840e+01 -1.146257e+01
6.130724e+14 5.700884e-27 3.495054e-12 1.478751e+01 -1.145655e+01
6.118212e+14 6.050398e-27 3.701762e-12 1.478662e+01 -1.143159e+01
6.105752e+14 5.877575e-27 3.588701e-12 1.478574e+01 -1.144506e+01
6.093341e+14 5.807586e-27 3.538760e-12 1.478486e+01 -1.145115e+01
6.080982e+14 6.000894e-27 3.649132e-12 1.478397e+01 -1.143781e+01
6.068672e+14 6.158134e-27 3.737170e-12 1.478309e+01 -1.142746e+01
6.056412e+14 6.222058e-27 3.768334e-12 1.478222e+01 -1.142385e+01
6.044202e+14 5.873888e-27 3.550296e-12 1.478134e+01 -1.144974e+01
6.032040e+14 5.960847e-27 3.595607e-12 1.478046e+01 -1.144423e+01
6.019928e+14 5.998228e-27 3.610890e-12 1.477959e+01 -1.144239e+01
6.007864e+14 5.778710e-27 3.471770e-12 1.477872e+01 -1.145945e+01
5.995848e+14 5.760789e-27 3.454081e-12 1.477785e+01 -1.146167e+01
5.983880e+14 5.396866e-27 3.229420e-12 1.477698e+01 -1.149088e+01
5.971960e+14 5.634436e-27 3.364863e-12 1.477612e+01 -1.147303e+01
5.960087e+14 5.946742e-27 3.544310e-12 1.477525e+01 -1.145047e+01
5.948262e+14 5.827997e-27 3.466645e-12 1.477439e+01 -1.146009e+01
5.936483e+14 5.957006e-27 3.536367e-12 1.477353e+01 -1.145144e+01
5.924751e+14 6.369162e-27 3.773570e-12 1.477267e+01 -1.142325e+01
5.913065e+14 6.014677e-27 3.556518e-12 1.477181e+01 -1.144898e+01
5.901425e+14 5.831141e-27 3.441204e-12 1.477096e+01 -1.146329e+01
5.889831e+14 5.923255e-27 3.488697e-12 1.477010e+01 -1.145734e+01
5.878282e+14 5.868031e-27 3.449395e-12 1.476925e+01 -1.146226e+01
5.866779e+14 6.092362e-27 3.574254e-12 1.476840e+01 -1.144681e+01
5.855320e+14 6.044864e-27 3.539462e-12 1.476755e+01 -1.145106e+01
5.843906e+14 5.894709e-27 3.444813e-12 1.476670e+01 -1.146283e+01
5.832537e+14 5.951182e-27 3.471049e-12 1.476586e+01 -1.145954e+01
5.821212e+14 5.786344e-27 3.368354e-12 1.476501e+01 -1.147258e+01
5.809930e+14 5.650232e-27 3.282745e-12 1.476417e+01 -1.148376e+01
5.798692e+14 5.288870e-27 3.066853e-12 1.476333e+01 -1.151331e+01
5.787498e+14 5.246428e-27 3.036369e-12 1.476249e+01 -1.151765e+01
5.776347e+14 5.694342e-27 3.289249e-12 1.476165e+01 -1.148290e+01
5.765238e+14 5.937146e-27 3.422906e-12 1.476082e+01 -1.146561e+01
5.754173e+14 6.007560e-27 3.456854e-12 1.475998e+01 -1.146132e+01
5.743149e+14 6.372902e-27 3.660053e-12 1.475915e+01 -1.143651e+01
5.732168e+14 6.429783e-27 3.685660e-12 1.475832e+01 -1.143348e+01
5.721229e+14 6.813342e-27 3.898069e-12 1.475749e+01 -1.140915e+01
5.710331e+14 6.583062e-27 3.759147e-12 1.475666e+01 -1.142491e+01
5.699475e+14 6.504504e-27 3.707226e-12 1.475583e+01 -1.143095e+01
5.688660e+14 6.013476e-27 3.420863e-12 1.475501e+01 -1.146586e+01
5.677886e+14 6.940302e-27 3.940625e-12 1.475419e+01 -1.140443e+01
5.667153e+14 7.110686e-27 4.029734e-12 1.475336e+01 -1.139472e+01
5.656460e+14 7.321580e-27 4.141423e-12 1.475254e+01 -1.138285e+01
5.645808e+14 7.565836e-27 4.271526e-12 1.475173e+01 -1.136942e+01
5.635195e+14 7.071794e-27 3.985094e-12 1.475091e+01 -1.139956e+01
5.624623e+14 6.779857e-27 3.813414e-12 1.475009e+01 -1.141869e+01
5.614090e+14 7.120454e-27 3.997487e-12 1.474928e+01 -1.139821e+01
5.603596e+14 7.357766e-27 4.122995e-12 1.474847e+01 -1.138479e+01
5.593142e+14 7.707441e-27 4.310881e-12 1.474766e+01 -1.136543e+01
5.582726e+14 7.210788e-27 4.025586e-12 1.474685e+01 -1.139517e+01
5.572349e+14 7.520092e-27 4.190458e-12 1.474604e+01 -1.137774e+01
5.562011e+14 7.363268e-27 4.095458e-12 1.474523e+01 -1.138770e+01
5.551711e+14 7.033778e-27 3.904950e-12 1.474443e+01 -1.140838e+01
5.541449e+14 7.197910e-27 3.988685e-12 1.474362e+01 -1.139917e+01
5.531225e+14 7.557900e-27 4.180444e-12 1.474282e+01 -1.137878e+01
5.521039e+14 7.488061e-27 4.134187e-12 1.474202e+01 -1.138361e+01
5.510890e+14 7.703917e-27 4.245544e-12 1.474122e+01 -1.137207e+01
5.500778e+14 7.546526e-27 4.151176e-12 1.474042e+01 -1.138183e+01
5.490703e+14 7.527639e-27 4.133203e-12 1.473963e+01 -1.138371e+01
5.480665e+14 7.502816e-27 4.112042e-12 1.473883e+01 -1.138594e+01
5.470664e+14 7.408857e-27 4.053137e-12 1.473804e+01 -1.139221e+01
5.460699e+14 7.697515e-27 4.203381e-12 1.473725e+01 -1.137640e+01
5.450771e+14 7.756566e-27 4.227926e-12 1.473646e+01 -1.137387e+01
5.440878e+14 7.544208e-27 4.104712e-12 1.473567e+01 -1.138672e+01
5.431022e+14 7.937918e-27 4.311101e-12 1.473488e+01 -1.136541e+01
5.421201e+14 7.923842e-27 4.295674e-12 1.473410e+01 -1.136697e+01
5.411415e+14 8.142798e-27 4.406406e-12 1.473331e+01 -1.135592e+01
5.401665e+14 8.143161e-27 4.398663e-12 1.473253e+01 -1.135668e+01
5.391950e+14 8.135870e-27 4.386820e-12 1.473175e+01 -1.135785e+01
5.382269e+14 7.924321e-27 4.265083e-12 1.473097e+01 -1.137007e+01
5.372624e+14 8.009030e-27 4.302951e-12 1.473019e+01 -1.136623e+01
5.363013e+14 7.716016e-27 4.138109e-12 1.472941e+01 -1.138320e+01
5.353436e+14 7.803662e-27 4.177640e-12 1.472863e+01 -1.137907e+01
5.343893e+14 8.072476e-27 4.313845e-12 1.472786e+01 -1.136514e+01
5.334384e+14 8.175347e-27 4.361044e-12 1.472708e+01 -1.136041e+01
5.324909e+14 8.088273e-27 4.306932e-12 1.472631e+01 -1.136583e+01
5.315468e+14 8.203629e-27 4.360613e-12 1.472554e+01 -1.136045e+01
5.306060e+14 8.441834e-27 4.479288e-12 1.472477e+01 -1.134879e+01
5.296686e+14 8.301634e-27 4.397115e-12 1.472400e+01 -1.135683e+01
5.287344e+14 8.300665e-27 4.388847e-12 1.472324e+01 -1.135765e+01
5.278035e+14 8.557808e-27 4.516841e-12 1.472247e+01 -1.134517e+01
5.268759e+14 8.698797e-27 4.583187e-12 1.472171e+01 -1.133883e+01
5.259516e+14 8.602417e-27 4.524455e-12 1.472095e+01 -1.134443e+01
5.250305e+14 8.426105e-27 4.423962e-12 1.472018e+01 -1.135419e+01
5.241126e+14 8.719332e-27 4.569912e-12 1.471942e+01 -1.134009e+01
5.231979e+14 8.973747e-27 4.695046e-12 1.471867e+01 -1.132836e+01
5.222864e+14 9.040619e-27 4.721793e-12 1.471791e+01 -1.132589e+01
5.213781e+14 9.054324e-27 4.720726e-12 1.471715e+01 -1.132599e+01
5.204729e+14 8.942760e-27 4.654465e-12 1.471640e+01 -1.133213e+01
5.195709e+14 8.929867e-27 4.639699e-12 1.471564e+01 -1.133351e+01
5.186720e+14 8.824871e-27 4.577213e-12 1.471489e+01 -1.133940e+01
5.177762e+14 8.987361e-27 4.653441e-12 1.471414e+01 -1.133223e+01
5.168834e+14 9.212475e-27 4.761776e-12 1.471339e+01 -1.132223e+01
5.159938e+14 9.125986e-27 4.708952e-12 1.471264e+01 -1.132708e+01
5.151072e+14 9.349159e-27 4.815819e-12 1.471190e+01 -1.131733e+01
5.142237e+14 9.427122e-27 4.847649e-12 1.471115e+01 -1.131447e+01
5.133432e+14 9.321596e-27 4.785177e-12 1.471041e+01 -1.132010e+01
5.124656e+14 9.371995e-27 4.802826e-12 1.470966e+01 -1.131850e+01
5.115911e+14 9.049560e-27 4.629675e-12 1.470892e+01 -1.133445e+01
5.107196e+14 8.870573e-27 4.530375e-12 1.470818e+01 -1.134387e+01
5.098510e+14 8.605402e-27 4.387473e-12 1.470744e+01 -1.135779e+01
5.089854e+14 8.699218e-27 4.427775e-12 1.470671e+01 -1.135381e+01
5.081227e+14 8.581473e-27 4.360441e-12 1.470597e+01 -1.136047e+01
5.072629e+14 8.769694e-27 4.448541e-12 1.470523e+01 -1.135178e+01
5.064061e+14 9.134747e-27 4.625891e-12 1.470450e+01 -1.133480e+01
5.055521e+14 9.110659e-27 4.605913e-12 1.470377e+01 -1.133668e+01
5.047010e+14 9.365858e-27 4.726958e-12 1.470303e+01 -1.132542e+01
5.038528e+14 9.267641e-27 4.669527e-12 1.470230e+01 -1.133073e+01
5.030074e+14 9.403182e-27 4.729870e-12 1.470157e+01 -1.132515e+01
5.021648e+14 9.411707e-27 4.726228e-12 1.470085e+01 -1.132549e+01
5.013251e+14 9.565678e-27 4.795514e-12 1.470012e+01 -1.131916e+01
5.004881e+14 9.556111e-27 4.782720e-12 1.469939e+01 -1.132033e+01
4.996540e+14 9.492950e-27 4.743190e-12 1.469867e+01 -1.132393e+01
4.988226e+14 9.480808e-27 4.729241e-12 1.469795e+01 -1.132521e+01
4.979940e+14 9.715565e-27 4.838293e-12 1.469722e+01 -1.131531e+01
4.971682e+14 9.759630e-27 4.852177e-12 1.469650e+01 -1.131406e+01
4.963450e+14 9.833327e-27 4.880723e-12 1.469578e+01 -1.131152e+01
4.955246e+14 9.964574e-27 4.937692e-12 1.469507e+01 -1.130648e+01
4.947069e+14 9.948049e-27 4.921369e-12 1.469435e+01 -1.130791e+01
4.938919e+14 1.011001e-26 4.993255e-12 1.469363e+01 -1.130162e+01
4.930796e+14 1.010350e-26 4.981829e-12 1.469292e+01 -1.130261e+01
4.922700e+14 1.002680e-26 4.935890e-12 1.469220e+01 -1.130663e+01
4.914630e+14 9.993555e-27 4.911462e-12 1.469149e+01 -1.130879e+01
4.906586e+14 1.008270e-26 4.947162e-12 1.469078e+01 -1.130564e+01
4.898569e+14 9.993573e-27 4.895420e-12 1.469007e+01 -1.131021e+01
4.890577e+14 1.000499e-26 4.893017e-12 1.468936e+01 -1.131042e+01
4.882612e+14 9.986850e-27 4.876192e-12 1.468865e+01 -1.131192e+01
4.874673e+14 9.944985e-27 4.847855e-12 1.468795e+01 -1.131445e+01
4.866760e+14 9.659264e-27 4.700932e-12 1.468724e+01 -1.132782e+01
4.858872e+14 9.583934e-27 4.656711e-12 1.468654e+01 -1.133192e+01
4.851010e+14 9.598555e-27 4.656268e-12 1.468583e+01 -1.133196e+01
4.843173e+14 9.623446e-27 4.660801e-12 1.468513e+01 -1.133154e+01
4.835361e+14 9.838994e-27 4.757509e-12 1.468443e+01 -1.132262e+01
4.827575e+14 9.767851e-27 4.715503e-12 1.468373e+01 -1.132647e+01
4.819814e+14 9.524032e-27 4.590406e-12 1.468303e+01 -1.133815e+01
4.812077e+14 9.506557e-27 4.574628e-12 1.468233e+01 -1.133964e+01
4.804365e+14 9.537100e-27 4.581971e-12 1.468164e+01 -1.133895e+01
4.796678e+14 9.592962e-27 4.601435e-12 1.468094e+01 -1.133711e+01
4.789016e+14 9.528619e-27 4.563271e-12 1.468025e+01 -1.134072e+01
4.781378e+14 9.803865e-27 4.687598e-12 1.467955e+01 -1.132905e+01
4.773764e+14 9.958474e-27 4.753941e-12 1.467886e+01 -1.132295e+01
4.766175e+14 1.006273e-26 4.796073e-12 1.467817e+01 -1.131911e+01
4.758610e+14 1.020066e-26 4.854097e-12 1.467748e+01 -1.131389e+01
4.751068e+14 1.029746e-26 4.892396e-12 1.467679e+01 -1.131048e+01
4.743551e+14 1.028814e-26 4.880232e-12 1.467610e+01 -1.131156e+01
4.736057e+14 1.035313e-26 4.903299e-12 1.467542e+01 -1.130951e+01
4.728587e+14 1.040211e-26 4.918730e-12 1.467473e+01 -1.130815e+01
4.721140e+14 1.050777e-26 4.960867e-12 1.467405e+01 -1.130444e+01
4.713717e+14 1.063575e-26 5.013392e-12 1.467336e+01 -1.129987e+01
4.706317e+14 1.071625e-26 5.043408e-12 1.467268e+01 -1.129728e+01
4.698940e+14 1.089036e-26 5.117315e-12 1.467200e+01 -1.129096e+01
4.691587e+14 1.074293e-26 5.040138e-12 1.467132e+01 -1.129756e+01
4.684256e+14 1.085055e-26 5.082675e-12 1.467064e+01 -1.129391e+01
4.676949e+14 1.091549e-26 5.105120e-12 1.466996e+01 -1.129199e+01
4.669664e+14 1.088736e-26 5.084033e-12 1.466929e+01 -1.129379e+01
4.662401e+14 1.098483e-26 5.121568e-12 1.466861e+01 -1.129060e+01
4.655161e+14 1.113752e-26 5.184695e-12 1.466793e+01 -1.128528e+01
4.647944e+14 1.112504e-26 5.170856e-12 1.466726e+01 -1.128644e+01
4.640749e+14 1.117081e-26 5.184092e-12 1.466659e+01 -1.128533e+01
4.633577e+14 1.123701e-26 5.206756e-12 1.466592e+01 -1.128343e+01
4.626426e+14 1.126951e-26 5.213757e-12 1.466525e+01 -1.128285e+01
4.619297e+14 1.110791e-26 5.131075e-12 1.466458e+01 -1.128979e+01
4.612191e+14 1.118886e-26 5.160516e-12 1.466391e+01 -1.128731e+01
4.605106e+14 1.150318e-26 5.297338e-12 1.466324e+01 -1.127594e+01
4.598043e+14 1.157293e-26 5.321281e-12 1.466257e+01 -1.127398e+01
4.591002e+14 1.172339e-26 5.382209e-12 1.466191e+01 -1.126904e+01
4.583982e+14 1.169015e-26 5.358743e-12 1.466124e+01 -1.127094e+01
4.576983e+14 1.148424e-26 5.256317e-12 1.466058e+01 -1.127932e+01
4.570006e+14 1.110987e-26 5.077219e-12 1.465992e+01 -1.129437e+01
4.563050e+14 1.130549e-26 5.158754e-12 1.465926e+01 -1.128746e+01
4.556116e+14 1.145314e-26 5.218182e-12 1.465859e+01 -1.128248e+01
4.549202e+14 1.141189e-26 5.191498e-12 1.465794e+01 -1.128471e+01
4.542309e+14 1.158979e-26 5.264442e-12 1.465728e+01 -1.127865e+01
4.535437e+14 1.167676e-26 5.295920e-12 1.465662e+01 -1.127606e+01
4.528586e+14 1.155265e-26 5.231715e-12 1.465596e+01 -1.128136e+01
4.521756e+14 1.136127e-26 5.137290e-12 1.465531e+01 -1.128927e+01
4.514946e+14 1.163087e-26 5.251277e-12 1.465465e+01 -1.127974e+01
4.508156e+14 1.145376e-26 5.163534e-12 1.465400e+01 -1.128705e+01
4.501387e+14 1.142846e-26 5.144391e-12 1.465335e+01 -1.128867e+01
4.494639e+14 1.139925e-26 5.123549e-12 1.465269e+01 -1.129043e+01
4.487910e+14 1.132400e-26 5.082110e-12 1.465204e+01 -1.129396e+01
4.481202e+14 1.150752e-26 5.156752e-12 1.465139e+01 -1.128762e+01
4.474513e+14 1.141611e-26 5.108154e-12 1.465075e+01 -1.129174e+01
4.467845e+14 1.143808e-26 5.110356e-12 1.465010e+01 -1.129155e+01
4.461196e+14 1.137117e-26 5.072901e-12 1.464945e+01 -1.129474e+01
4.454568e+14 1.150758e-26 5.126131e-12 1.464881e+01 -1.129021e+01
4.447958e+14 1.151487e-26 5.121766e-12 1.464816e+01 -1.129058e+01
4.441369e+14 1.156380e-26 5.135911e-12 1.464752e+01 -1.128938e+01
4.434799e+14 1.158824e-26 5.139149e-12 1.464687e+01 -1.128911e+01
4.428248e+14 1.183380e-26 5.240299e-12 1.464623e+01 -1.128064e+01
4.421717e+14 1.181426e-26 5.223933e-12 1.464559e+01 -1.128200e+01
4.415205e+14 1.169877e-26 5.165248e-12 1.464495e+01 -1.128691e+01
4.408712e+14 1.173326e-26 5.172855e-12 1.464431e+01 -1.128627e+01
4.402238e+14 1.187030e-26 5.225587e-12 1.464367e+01 -1.128186e+01
4.395783e+14 1.204309e-26 5.293881e-12 1.464304e+01 -1.127623e+01
4.389347e+14 1.199293e-26 5.264114e-12 1.464240e+01 -1.127867e+01
4.382930e+14 1.220841e-26 5.350860e-12 1.464176e+01 -1.127158e+01
4.376531e+14 1.206580e-26 5.280635e-12 1.464113e+01 -1.127731e+01
4.370152e+14 1.176365e-26 5.140892e-12 1.464050e+01 -1.128896e+01
4.363790e+14 1.194554e-26 5.212782e-12 1.463986e+01 -1.128293e+01
4.357448e+14 1.203648e-26 5.244832e-12 1.463923e+01 -1.128027e+01
4.351123e+14 1.205102e-26 5.243547e-12 1.463860e+01 -1.128037e+01
4.344817e+14 1.236578e-26 5.372707e-12 1.463797e+01 -1.126981e+01
4.338530e+14 1.219058e-26 5.288920e-12 1.463734e+01 -1.127663e+01
4.332260e+14 1.223234e-26 5.299370e-12 1.463671e+01 -1.127578e+01
4.326009e+14 1.237258e-26 5.352387e-12 1.463609e+01 -1.127145e+01
4.319775e+14 1.248620e-26 5.393758e-12 1.463546e+01 -1.126811e+01
4.313560e+14 1.247274e-26 5.380189e-12 1.463484e+01 -1.126920e+01
4.307362e+14 1.262747e-26 5.439110e-12 1.463421e+01 -1.126447e+01
4.301182e+14 1.258391e-26 5.412568e-12 1.463359e+01 -1.126660e+01
4.295020e+14 1.238235e-26 5.318244e-12 1.463297e+01 -1.127423e+01
4.288876e+14 1.238625e-26 5.312308e-12 1.463234e+01 -1.127472e+01
4.282749e+14 1.270039e-26 5.439259e-12 1.463172e+01 -1.126446e+01
4.276639e+14 1.272478e-26 5.441931e-12 1.463110e+01 -1.126425e+01
4.270547e+14 1.263625e-26 5.396372e-12 1.463048e+01 -1.126790e+01
4.264472e+14 1.304394e-26 5.562551e-12 1.462987e+01 -1.125473e+01
4.258415e+14 1.308775e-26 5.573308e-12 1.462925e+01 -1.125389e+01
4.252374e+14 1.323079e-26 5.626229e-12 1.462863e+01 -1.124978e+01
4.246351e+14 1.265035e-26 5.371782e-12 1.462802e+01 -1.126988e+01
4.240345e+14 1.262019e-26 5.351397e-12 1.462740e+01 -1.127153e+01
4.234356e+14 1.289912e-26 5.461946e-12 1.462679e+01 -1.126265e+01
4.228384e+14 1.249523e-26 5.283462e-12 1.462617e+01 -1.127708e+01
4.222428e+14 1.245441e-26 5.258785e-12 1.462556e+01 -1.127911e+01
4.216489e+14 1.260943e-26 5.316751e-12 1.462495e+01 -1.127435e+01
4.210567e+14 1.258206e-26 5.297763e-12 1.462434e+01 -1.127591e+01
4.204662e+14 1.213784e-26 5.103551e-12 1.462373e+01 -1.129213e+01
4.198773e+14 1.189983e-26 4.996471e-12 1.462312e+01 -1.130134e+01
4.192901e+14 1.216331e-26 5.099956e-12 1.462251e+01 -1.129243e+01
4.187045e+14 1.268376e-26 5.310747e-12 1.462191e+01 -1.127484e+01
4.181205e+14 1.253492e-26 5.241106e-12 1.462130e+01 -1.128058e+01
4.175382e+14 1.254767e-26 5.239133e-12 1.462070e+01 -1.128074e+01
4.169574e+14 1.236528e-26 5.155794e-12 1.462009e+01 -1.128770e+01
4.163783e+14 1.236616e-26 5.149001e-12 1.461949e+01 -1.128828e+01
4.158008e+14 1.237391e-26 5.145083e-12 1.461889e+01 -1.128861e+01
4.152249e+14 1.274407e-26 5.291657e-12 1.461828e+01 -1.127641e+01
4.146506e+14 1.280617e-26 5.310087e-12 1.461768e+01 -1.127490e+01
4.140779e+14 1.292781e-26 5.353119e-12 1.461708e+01 -1.127139e+01
4.135068e+14 1.259093e-26 5.206435e-12 1.461648e+01 -1.128346e+01
4.129372e+14 1.281322e-26 5.291055e-12 1.461588e+01 -1.127646e+01
4.123692e+14 1.308075e-26 5.394099e-12 1.461529e+01 -1.126808e+01
4.118027e+14 1.291677e-26 5.319161e-12 1.461469e+01 -1.127416e+01
4.112379e+14 1.316285e-26 5.413062e-12 1.461409e+01 -1.126656e+01
4.106745e+14 1.318750e-26 5.415768e-12 1.461350e+01 -1.126634e+01
4.101127e+14 1.353332e-26 5.550187e-12 1.461290e+01 -1.125569e+01
4.095525e+14 1.344617e-26 5.506910e-12 1.461231e+01 -1.125909e+01
4.089937e+14 1.367989e-26 5.594988e-12 1.461172e+01 -1.125220e+01
4.084365e+14 1.367367e-26 5.584827e-12 1.461112e+01 -1.125299e+01
4.078808e+14 1.347652e-26 5.496813e-12 1.461053e+01 -1.125989e+01
4.073266e+14 1.355702e-26 5.522134e-12 1.460994e+01 -1.125789e+01
4.067739e+14 1.370808e-26 5.576090e-12 1.460935e+01 -1.125367e+01
4.062228e+14 1.406387e-26 5.713064e-12 1.460876e+01 -1.124313e+01
4.056731e+14 1.399602e-26 5.677810e-12 1.460818e+01 -1.124582e+01
4.051249e+14 1.412544e-26 5.722567e-12 1.460759e+01 -1.124241e+01
4.045781e+14 1.425836e-26 5.768622e-12 1.460700e+01 -1.123893e+01
4.040329e+14 1.478808e-26 5.974870e-12 1.460642e+01 -1.122367e+01
4.034891e+14 1.456310e-26 5.876052e-12 1.460583e+01 -1.123091e+01
4.029468e+14 1.439494e-26 5.800394e-12 1.460525e+01 -1.123654e+01
4.024059e+14 1.455633e-26 5.857555e-12 1.460466e+01 -1.123228e+01
4.018665e+14 1.432093e-26 5.755102e-12 1.460408e+01 -1.123995e+01
4.013285e+14 1.478650e-26 5.934246e-12 1.460350e+01 -1.122663e+01
4.007920e+14 1.503876e-26 6.027415e-12 1.460292e+01 -1.121987e+01
4.002569e+14 1.480077e-26 5.924109e-12 1.460234e+01 -1.122738e+01
3.997232e+14 1.482212e-26 5.924745e-12 1.460176e+01 -1.122733e+01
3.991909e+14 1.527821e-26 6.098924e-12 1.460118e+01 -1.121475e+01
3.986601e+14 1.525796e-26 6.082739e-12 1.460060e+01 -1.121590e+01
3.981307e+14 1.497150e-26 5.960614e-12 1.460003e+01 -1.122471e+01
3.976027e+14 1.541584e-26 6.129380e-12 1.459945e+01 -1.121258e+01
3.970760e+14 1.553358e-26 6.168014e-12 1.459887e+01 -1.120985e+01
3.965508e+14 1.562098e-26 6.194510e-12 1.459830e+01 -1.120799e+01
3.960269e+14 1.543527e-26 6.112783e-12 1.459772e+01 -1.121376e+01
3.955045e+14 1.472651e-26 5.824401e-12 1.459715e+01 -1.123475e+01
3.949834e+14 1.408217e-26 5.562223e-12 1.459658e+01 -1.125475e+01
3.944637e+14 1.339224e-26 5.282753e-12 1.459601e+01 -1.127714e+01
3.939453e+14 1.383960e-26 5.452047e-12 1.459544e+01 -1.126344e+01
3.934283e+14 1.486983e-26 5.850211e-12 1.459487e+01 -1.123283e+01
3.929127e+14 1.442400e-26 5.667373e-12 1.459430e+01 -1.124662e+01
3.923984e+14 1.448071e-26 5.682209e-12 1.459373e+01 -1.124548e+01
3.918855e+14 1.475999e-26 5.784227e-12 1.459316e+01 -1.123775e+01
3.913739e+14 1.434944e-26 5.615998e-12 1.459259e+01 -1.125057e+01
3.908636e+14 1.439962e-26 5.628288e-12 1.459203e+01 -1.124962e+01
3.903547e+14 1.415579e-26 5.525780e-12 1.459146e+01 -1.125761e+01
3.898471e+14 1.416558e-26 5.522411e-12 1.459089e+01 -1.125787e+01
3.893408e+14 1.427596e-26 5.558214e-12 1.459033e+01 -1.125506e+01
3.888358e+14 1.444285e-26 5.615897e-12 1.458977e+01 -1.125058e+01
3.883321e+14 1.463616e-26 5.683693e-12 1.458920e+01 -1.124537e+01
3.878298e+14 1.485288e-26 5.760390e-12 1.458864e+01 -1.123955e+01
3.873287e+14 1.511417e-26 5.854153e-12 1.458808e+01 -1.123254e+01
3.868289e+14 1.478090e-26 5.717678e-12 1.458752e+01 -1.124278e+01
3.863304e+14 1.501059e-26 5.799049e-12 1.458696e+01 -1.123664e+01
3.858332e+14 1.522831e-26 5.875588e-12 1.458640e+01 -1.123095e+01
3.853373e+14 1.483682e-26 5.717179e-12 1.458584e+01 -1.124282e+01
3.848426e+14 1.530844e-26 5.891341e-12 1.458528e+01 -1.122979e+01
3.843492e+14 1.535105e-26 5.900164e-12 1.458473e+01 -1.122914e+01
3.838571e+14 1.540852e-26 5.914670e-12 1.458417e+01 -1.122807e+01
3.833662e+14 1.518098e-26 5.819875e-12 1.458361e+01 -1.123509e+01
3.828766e+14 1.496534e-26 5.729879e-12 1.458306e+01 -1.124185e+01
3.823883e+14 1.482300e-26 5.668142e-12 1.458250e+01 -1.124656e+01
3.819011e+14 1.495053e-26 5.709626e-12 1.458195e+01 -1.124339e+01
3.814153e+14 1.487042e-26 5.671804e-12 1.458140e+01 -1.124628e+01
3.809306e+14 1.539576e-26 5.864717e-12 1.458085e+01 -1.123175e+01
3.804472e+14 1.500477e-26 5.708523e-12 1.458029e+01 -1.124348e+01
3.799650e+14 1.520900e-26 5.778886e-12 1.457974e+01 -1.123816e+01
3.794841e+14 1.452927e-26 5.513625e-12 1.457919e+01 -1.125856e+01
3.790043e+14 1.467401e-26 5.561512e-12 1.457864e+01 -1.125481e+01
3.785258e+14 1.470775e-26 5.567263e-12 1.457810e+01 -1.125436e+01
3.780484e+14 1.517884e-26 5.738337e-12 1.457755e+01 -1.124121e+01
3.775723e+14 1.458331e-26 5.506254e-12 1.457700e+01 -1.125914e+01
3.770974e+14 1.479383e-26 5.578715e-12 1.457645e+01 -1.125347e+01
3.766236e+14 1.523584e-26 5.738176e-12 1.457591e+01 -1.124123e+01
3.761511e+14 1.555151e-26 5.849717e-12 1.457536e+01 -1.123287e+01
3.756797e+14 1.532966e-26 5.759042e-12 1.457482e+01 -1.123965e+01
3.752095e+14 1.518570e-26 5.697820e-12 1.457427e+01 -1.124429e+01
3.747405e+14 1.548767e-26 5.803859e-12 1.457373e+01 -1.123628e+01
3.742727e+14 1.570281e-26 5.877134e-12 1.457319e+01 -1.123083e+01
3.738060e+14 1.565536e-26 5.852068e-12 1.457265e+01 -1.123269e+01
3.733405e+14 1.558667e-26 5.819134e-12 1.457211e+01 -1.123514e+01
3.728761e+14 1.567953e-26 5.846521e-12 1.457156e+01 -1.123310e+01
3.724129e+14 1.525393e-26 5.680762e-12 1.457102e+01 -1.124559e+01
3.719509e+14 1.597476e-26 5.941826e-12 1.457049e+01 -1.122608e+01
3.714900e+14 1.584415e-26 5.885944e-12 1.456995e+01 -1.123018e+01
3.710302e+14 1.585881e-26 5.884096e-12 1.456941e+01 -1.123032e+01
3.705716e+14 1.598100e-26 5.922104e-12 1.456887e+01 -1.122752e+01
3.701141e+14 1.572343e-26 5.819462e-12 1.456834e+01 -1.123512e+01
3.696577e+14 1.599452e-26 5.912497e-12 1.456780e+01 -1.122823e+01
3.692025e+14 1.608553e-26 5.938815e-12 1.456726e+01 -1.122630e+01
3.687483e+14 1.621959e-26 5.980948e-12 1.456673e+01 -1.122323e+01
3.682953e+14 1.664886e-26 6.131698e-12 1.456620e+01 -1.121242e+01
3.678434e+14 1.628338e-26 5.989734e-12 1.456566e+01 -1.122259e+01
3.673926e+14 1.657822e-26 6.090716e-12 1.456513e+01 -1.121533e+01
3.669430e+14 1.635800e-26 6.002452e-12 1.456460e+01 -1.122167e+01
3.664944e+14 1.645217e-26 6.029629e-12 1.456407e+01 -1.121971e+01
3.660469e+14 1.722104e-26 6.303709e-12 1.456354e+01 -1.120040e+01
3.656005e+14 1.694776e-26 6.196110e-12 1.456301e+01 -1.120788e+01
3.651552e+14 1.658579e-26 6.056387e-12 1.456248e+01 -1.121779e+01
3.647109e+14 1.679924e-26 6.126866e-12 1.456195e+01 -1.121276e+01
3.642678e+14 1.661740e-26 6.053184e-12 1.456142e+01 -1.121802e+01
3.638257e+14 1.694148e-26 6.163746e-12 1.456089e+01 -1.121016e+01
3.633847e+14 1.705234e-26 6.196559e-12 1.456037e+01 -1.120785e+01
3.629448e+14 1.705876e-26 6.191388e-12 1.455984e+01 -1.120821e+01
3.625059e+14 1.723835e-26 6.249004e-12 1.455932e+01 -1.120419e+01
3.620681e+14 1.761639e-26 6.378333e-12 1.455879e+01 -1.119529e+01
3.616314e+14 1.648454e-26 5.961327e-12 1.455827e+01 -1.122466e+01
3.611957e+14 1.664132e-26 6.010772e-12 1.455774e+01 -1.122107e+01
3.607610e+14 1.626264e-26 5.866926e-12 1.455722e+01 -1.123159e+01
3.603274e+14 1.629620e-26 5.871969e-12 1.455670e+01 -1.123122e+01
3.598948e+14 1.722380e-26 6.198758e-12 1.455618e+01 -1.120770e+01
3.594633e+14 1.623591e-26 5.836214e-12 1.455565e+01 -1.123387e+01
3.590328e+14 1.684054e-26 6.046307e-12 1.455513e+01 -1.121851e+01
3.586033e+14 1.665108e-26 5.971132e-12 1.455461e+01 -1.122394e+01
3.581749e+14 1.739717e-26 6.231230e-12 1.455410e+01 -1.120543e+01
3.577475e+14 1.647342e-26 5.893323e-12 1.455358e+01 -1.122964e+01
3.573211e+14 1.620918e-26 5.791881e-12 1.455306e+01 -1.123718e+01
3.568957e+14 1.685264e-26 6.014635e-12 1.455254e+01 -1.122079e+01
3.564713e+14 1.705865e-26 6.080919e-12 1.455202e+01 -1.121603e+01
3.560480e+14 1.678393e-26 5.975885e-12 1.455151e+01 -1.122360e+01
3.556256e+14 1.704985e-26 6.063364e-12 1.455099e+01 -1.121729e+01
3.552043e+14 1.696552e-26 6.026226e-12 1.455048e+01 -1.121995e+01
3.547839e+14 1.680944e-26 5.963719e-12 1.454996e+01 -1.122448e+01
3.543645e+14 1.648850e-26 5.842938e-12 1.454945e+01 -1.123337e+01
3.539462e+14 1.640181e-26 5.805357e-12 1.454894e+01 -1.123617e+01
3.535288e+14 1.701042e-26 6.013672e-12 1.454842e+01 -1.122086e+01
3.531124e+14 1.655901e-26 5.847193e-12 1.454791e+01 -1.123305e+01
3.526969e+14 1.566327e-26 5.524389e-12 1.454740e+01 -1.125772e+01
3.522825e+14 1.614912e-26 5.689051e-12 1.454689e+01 -1.124496e+01
3.518690e+14 1.642189e-26 5.778353e-12 1.454638e+01 -1.123820e+01
3.514565e+14 1.659578e-26 5.832695e-12 1.454587e+01 -1.123413e+01
3.510450e+14 1.547882e-26 5.433761e-12 1.454536e+01 -1.126490e+01
3.506344e+14 1.686680e-26 5.914079e-12 1.454485e+01 -1.122811e+01
3.502248e+14 1.685295e-26 5.902320e-12 1.454435e+01 -1.122898e+01
3.498161e+14 1.743279e-26 6.098271e-12 1.454384e+01 -1.121479e+01
3.494084e+14 1.727904e-26 6.037442e-12 1.454333e+01 -1.121915e+01
3.490016e+14 1.761768e-26 6.148598e-12 1.454283e+01 -1.121122e+01
3.485958e+14 1.719423e-26 5.993835e-12 1.454232e+01 -1.122230e+01
3.481909e+14 1.721625e-26 5.994543e-12 1.454182e+01 -1.122224e+01
3.477870e+14 1.773694e-26 6.168678e-12 1.454131e+01 -1.120981e+01
3.473840e+14 1.726019e-26 5.995915e-12 1.454081e+01 -1.122214e+01
3.469819e+14 1.741491e-26 6.042659e-12 1.454031e+01 -1.121877e+01
3.465808e+14 1.729793e-26 5.995132e-12 1.453980e+01 -1.122220e+01
3.461806e+14 1.629286e-26 5.640274e-12 1.453930e+01 -1.124870e+01
3.457813e+14 1.721390e-26 5.952246e-12 1.453880e+01 -1.122532e+01
3.453829e+14 1.763339e-26 6.090273e-12 1.453830e+01 -1.121536e+01
3.449855e+14 1.729952e-26 5.968083e-12 1.453780e+01 -1.122417e+01
3.445890e+14 1.823295e-26 6.282873e-12 1.453730e+01 -1.120184e+01
3.441933e+14 1.842416e-26 6.341474e-12 1.453680e+01 -1.119781e+01
3.437986e+14 1.859561e-26 6.393146e-12 1.453630e+01 -1.119429e+01
3.434048e+14 1.880263e-26 6.456913e-12 1.453581e+01 -1.118998e+01
3.430119e+14 1.881896e-26 6.455128e-12 1.453531e+01 -1.119010e+01
3.426199e+14 1.853599e-26 6.350799e-12 1.453481e+01 -1.119717e+01
3.422288e+14 1.843566e-26 6.309214e-12 1.453432e+01 -1.120002e+01
3.418385e+14 1.849643e-26 6.322794e-12 1.453382e+01 -1.119909e+01
3.414492e+14 1.853241e-26 6.327875e-12 1.453333e+01 -1.119874e+01
3.338445e+14 1.899942e-26 6.342854e-12 1.452354e+01 -1.119772e+01
3.265712e+14 1.997099e-26 6.521952e-12 1.451398e+01 -1.118562e+01
3.196081e+14 2.018663e-26 6.451812e-12 1.450462e+01 -1.119032e+01
3.129357e+14 2.113086e-26 6.612601e-12 1.449546e+01 -1.117963e+01
3.065362e+14 2.169752e-26 6.651075e-12 1.448648e+01 -1.117711e+01
3.003932e+14 2.224501e-26 6.682250e-12 1.447769e+01 -1.117508e+01
2.944916e+14 2.303659e-26 6.784081e-12 1.446907e+01 -1.116851e+01
2.888173e+14 2.354988e-26 6.801613e-12 1.446062e+01 -1.116739e+01
2.833577e+14 2.405881e-26 6.817249e-12 1.445233e+01 -1.116639e+01
2.781006e+14 2.474208e-26 6.880787e-12 1.444420e+01 -1.116236e+01
2.730350e+14 2.484002e-26 6.782195e-12 1.443622e+01 -1.116863e+01
2.681506e+14 2.510969e-26 6.733179e-12 1.442838e+01 -1.117178e+01
2.634380e+14 2.551345e-26 6.721210e-12 1.442068e+01 -1.117255e+01
2.588881e+14 2.586871e-26 6.697100e-12 1.441311e+01 -1.117411e+01
2.544927e+14 2.619397e-26 6.666174e-12 1.440568e+01 -1.117612e+01
2.502441e+14 2.639850e-26 6.606069e-12 1.439836e+01 -1.118006e+01
2.461350e+14 2.705135e-26 6.658284e-12 1.439117e+01 -1.117664e+01
2.421586e+14 2.727366e-26 6.604553e-12 1.438410e+01 -1.118016e+01
2.383087e+14 2.723208e-26 6.489642e-12 1.437714e+01 -1.118778e+01
2.345793e+14 2.749732e-26 6.450302e-12 1.437029e+01 -1.119042e+01
2.309649e+14 2.809221e-26 6.488314e-12 1.436355e+01 -1.118787e+01
2.274601e+14 2.880071e-26 6.551012e-12 1.435691e+01 -1.118369e+01
2.240601e+14 2.904928e-26 6.508784e-12 1.435036e+01 -1.118650e+01
2.207602e+14 2.877595e-26 6.352586e-12 1.434392e+01 -1.119705e+01
2.175562e+14 2.936364e-26 6.388241e-12 1.433757e+01 -1.119462e+01
2.144438e+14 2.920020e-26 6.261801e-12 1.433131e+01 -1.120330e+01
2.114192e+14 2.892519e-26 6.115341e-12 1.432514e+01 -1.121358e+01
2.084787e+14 2.950722e-26 6.151628e-12 1.431906e+01 -1.121101e+01
2.056189e+14 2.978938e-26 6.125261e-12 1.431306e+01 -1.121288e+01
2.028365e+14 3.078301e-26 6.243919e-12 1.430715e+01 -1.120454e+01
2.001284e+14 3.129512e-26 6.263044e-12 1.430131e+01 -1.120321e+01
1.974917e+14 3.275125e-26 6.468101e-12 1.429555e+01 -1.118922e+01
1.949235e+14 3.288673e-26 6.410397e-12 1.428986e+01 -1.119312e+01
1.924213e+14 3.342046e-26 6.430809e-12 1.428425e+01 -1.119173e+01
1.899825e+14 3.437126e-26 6.529937e-12 1.427871e+01 -1.118509e+01
1.876048e+14 3.564725e-26 6.687594e-12 1.427324e+01 -1.117473e+01
1.852858e+14 3.564897e-26 6.605248e-12 1.426784e+01 -1.118011e+01
1.830234e+14 3.529907e-26 6.460557e-12 1.426251e+01 -1.118973e+01
1.808157e+14 3.614410e-26 6.535421e-12 1.425724e+01 -1.118473e+01
1.786605e+14 3.686198e-26 6.585781e-12 1.425203e+01 -1.118139e+01
1.765562e+14 3.645587e-26 6.436509e-12 1.424688e+01 -1.119135e+01
1.745008e+14 3.622185e-26 6.320742e-12 1.424180e+01 -1.119923e+01
1.724928e+14 3.566970e-26 6.152764e-12 1.423677e+01 -1.121093e+01
1.705304e+14 3.505420e-26 5.977806e-12 1.423180e+01 -1.122346e+01
1.686121e+14 3.449297e-26 5.815934e-12 1.422689e+01 -1.123538e+01
1.667366e+14 3.326045e-26 5.545735e-12 1.422203e+01 -1.125604e+01
1.649023e+14 3.365707e-26 5.550129e-12 1.421723e+01 -1.125570e+01
1.631079e+14 3.257141e-26 5.312656e-12 1.421248e+01 -1.127469e+01
1.613522e+14 3.216751e-26 5.190298e-12 1.420777e+01 -1.128481e+01
1.596339e+14 3.192262e-26 5.095931e-12 1.420313e+01 -1.129278e+01
1.579517e+14 3.165459e-26 4.999897e-12 1.419852e+01 -1.130104e+01
1.563047e+14 3.080811e-26 4.815452e-12 1.419397e+01 -1.131736e+01
1.546916e+14 3.029988e-26 4.687138e-12 1.418947e+01 -1.132909e+01
1.531115e+14 2.998813e-26 4.591529e-12 1.418501e+01 -1.133804e+01
1.515634e+14 2.944385e-26 4.462610e-12 1.418059e+01 -1.135041e+01
1.500462e+14 2.902008e-26 4.354353e-12 1.417623e+01 -1.136108e+01
1.485592e+14 2.913197e-26 4.327821e-12 1.417190e+01 -1.136373e+01
1.471013e+14 2.853677e-26 4.197795e-12 1.416762e+01 -1.137698e+01
1.456717e+14 2.849456e-26 4.150851e-12 1.416338e+01 -1.138186e+01
1.442697e+14 2.771259e-26 3.998086e-12 1.415918e+01 -1.139815e+01
1.428944e+14 2.796386e-26 3.995879e-12 1.415502e+01 -1.139839e+01
1.415450e+14 2.776198e-26 3.929570e-12 1.415089e+01 -1.140565e+01
1.402210e+14 2.736469e-26 3.837103e-12 1.414681e+01 -1.141600e+01
1.389214e+14 2.705059e-26 3.757906e-12 1.414277e+01 -1.142505e+01
1.376457e+14 2.692779e-26 3.706496e-12 1.413876e+01 -1.143104e+01
1.363933e+14 2.663025e-26 3.632187e-12 1.413479e+01 -1.143983e+01
1.351634e+14 2.637452e-26 3.564869e-12 1.413086e+01 -1.144796e+01
1.339555e+14 2.593428e-26 3.474039e-12 1.412696e+01 -1.145917e+01
1.327690e+14 2.580893e-26 3.426626e-12 1.412310e+01 -1.146513e+01
1.316033e+14 2.556879e-26 3.364939e-12 1.411927e+01 -1.147302e+01
1.304580e+14 2.327257e-26 3.036093e-12 1.411547e+01 -1.151768e+01
1.293324e+14 2.239046e-26 2.895811e-12 1.411171e+01 -1.153823e+01
1.282260e+14 2.183554e-26 2.799883e-12 1.410798e+01 -1.155286e+01
1.271384e+14 2.050219e-26 2.606616e-12 1.410428e+01 -1.158392e+01
1.260691e+14 2.013507e-26 2.538411e-12 1.410061e+01 -1.159544e+01
1.250177e+14 2.027369e-26 2.534569e-12 1.409697e+01 -1.159610e+01
1.239836e+14 1.891126e-26 2.344686e-12 1.409336e+01 -1.162992e+01
1.229665e+14 1.885691e-26 2.318769e-12 1.408979e+01 -1.163474e+01
1.219660e+14 1.835331e-26 2.238479e-12 1.408624e+01 -1.165005e+01
1.209816e+14 1.832217e-26 2.216645e-12 1.408272e+01 -1.165430e+01
1.200130e+14 1.781179e-26 2.137645e-12 1.407923e+01 -1.167006e+01
1.190597e+14 1.886719e-26 2.246322e-12 1.407576e+01 -1.164853e+01
1.181215e+14 1.840415e-26 2.173926e-12 1.407233e+01 -1.166276e+01
1.171980e+14 1.784877e-26 2.091839e-12 1.406892e+01 -1.167947e+01
1.162888e+14 1.719027e-26 1.999035e-12 1.406554e+01 -1.169918e+01
1.153935e+14 1.785827e-26 2.060729e-12 1.406218e+01 -1.168598e+01
1.145120e+14 1.792368e-26 2.052476e-12 1.405885e+01 -1.168772e+01
1.136438e+14 1.814418e-26 2.061974e-12 1.405555e+01 -1.168572e+01
1.127887e+14 1.760530e-26 1.985679e-12 1.405227e+01 -1.170209e+01
1.119464e+14 1.735898e-26 1.943274e-12 1.404901e+01 -1.171147e+01
1.111165e+14 1.707378e-26 1.897179e-12 1.404578e+01 -1.172189e+01
1.102989e+14 1.675437e-26 1.847988e-12 1.404257e+01 -1.173330e+01
1.094932e+14 1.682403e-26 1.842116e-12 1.403939e+01 -1.173468e+01
1.086992e+14 1.731059e-26 1.881648e-12 1.403623e+01 -1.172546e+01
1.079166e+14 1.674715e-26 1.807296e-12 1.403309e+01 -1.174297e+01
1.071452e+14 1.612609e-26 1.727834e-12 1.402997e+01 -1.176250e+01
1.063848e+14 1.620334e-26 1.723789e-12 1.402688e+01 -1.176352e+01
1.056351e+14 1.557228e-26 1.644979e-12 1.402381e+01 -1.178384e+01
1.048959e+14 1.567805e-26 1.644563e-12 1.402076e+01 -1.178395e+01
1.041669e+14 1.663946e-26 1.733282e-12 1.401773e+01 -1.176113e+01
1.034480e+14 1.632824e-26 1.689124e-12 1.401472e+01 -1.177234e+01
1.027390e+14 1.616193e-26 1.660460e-12 1.401174e+01 -1.177977e+01
1.020396e+14 1.608875e-26 1.641690e-12 1.400877e+01 -1.178471e+01
1.013497e+14 1.545007e-26 1.565860e-12 1.400582e+01 -1.180525e+01
1.006690e+14 1.494019e-26 1.504014e-12 1.400290e+01 -1.182275e+01
9.999746e+13 1.526509e-26 1.526470e-12 1.399999e+01 -1.181631e+01
9.933479e+13 1.505944e-26 1.495926e-12 1.399710e+01 -1.182509e+01
9.868084e+13 1.493132e-26 1.473435e-12 1.399423e+01 -1.183167e+01
9.803545e+13 1.491431e-26 1.462131e-12 1.399138e+01 -1.183501e+01
9.739844e+13 1.388683e-26 1.352555e-12 1.398855e+01 -1.186884e+01
9.676966e+13 1.377038e-26 1.332555e-12 1.398574e+01 -1.187531e+01
9.614894e+13 1.440209e-26 1.384746e-12 1.398294e+01 -1.185863e+01
9.553614e+13 1.427425e-26 1.363707e-12 1.398017e+01 -1.186528e+01
9.493110e+13 1.456968e-26 1.383116e-12 1.397741e+01 -1.185914e+01
9.433367e+13 1.401435e-26 1.322025e-12 1.397467e+01 -1.187876e+01
9.374371e+13 1.405346e-26 1.317424e-12 1.397194e+01 -1.188027e+01
9.316109e+13 1.403440e-26 1.307460e-12 1.396923e+01 -1.188357e+01
9.258567e+13 1.354527e-26 1.254098e-12 1.396654e+01 -1.190167e+01
9.201731e+13 1.321815e-26 1.216299e-12 1.396387e+01 -1.191496e+01
9.145589e+13 1.369374e-26 1.252373e-12 1.396121e+01 -1.190227e+01
9.090127e+13 1.352126e-26 1.229100e-12 1.395857e+01 -1.191041e+01
9.035335e+13 1.277179e-26 1.153974e-12 1.395594e+01 -1.193780e+01
8.981198e+13 1.324457e-26 1.189521e-12 1.395333e+01 -1.192463e+01
8.927707e+13 1.328826e-26 1.186337e-12 1.395074e+01 -1.192579e+01
8.874849e+13 1.317328e-26 1.169109e-12 1.394816e+01 -1.193215e+01
8.822613e+13 1.339820e-26 1.182072e-12 1.394560e+01 -1.192736e+01
8.770989e+13 1.275339e-26 1.118599e-12 1.394305e+01 -1.195133e+01
8.719965e+13 1.271511e-26 1.108753e-12 1.394051e+01 -1.195517e+01
8.669532e+13 1.274422e-26 1.104864e-12 1.393800e+01 -1.195669e+01
8.619678e+13 1.264753e-26 1.090176e-12 1.393549e+01 -1.196250e+01
8.570395e+13 1.247019e-26 1.068744e-12 1.393300e+01 -1.197113e+01
8.521671e+13 1.236633e-26 1.053818e-12 1.393052e+01 -1.197723e+01
8.473499e+13 1.255120e-26 1.063526e-12 1.392806e+01 -1.197325e+01
8.425868e+13 1.240346e-26 1.045099e-12 1.392561e+01 -1.198084e+01
8.378770e+13 1.226034e-26 1.027266e-12 1.392318e+01 -1.198832e+01
8.332196e+13 1.214306e-26 1.011784e-12 1.392076e+01 -1.199491e+01
8.286136e+13 1.196442e-26 9.913878e-13 1.391835e+01 -1.200376e+01
8.240583e+13 1.200431e-26 9.892248e-13 1.391596e+01 -1.200470e+01
8.195528e+13 1.177238e-26 9.648084e-13 1.391358e+01 -1.201556e+01
8.150962e+13 1.186135e-26 9.668142e-13 1.391121e+01 -1.201466e+01
8.106879e+13 1.154100e-26 9.356151e-13 1.390885e+01 -1.202890e+01
8.063271e+13 1.163637e-26 9.382717e-13 1.390651e+01 -1.202767e+01
8.020128e+13 1.158111e-26 9.288202e-13 1.390418e+01 -1.203207e+01
7.977445e+13 1.114961e-26 8.894538e-13 1.390186e+01 -1.205088e+01
7.935214e+13 1.108778e-26 8.798389e-13 1.389956e+01 -1.205560e+01
7.893428e+13 1.121715e-26 8.854173e-13 1.389727e+01 -1.205285e+01
7.852080e+13 1.107234e-26 8.694090e-13 1.389498e+01 -1.206078e+01
7.811162e+13 1.108542e-26 8.658998e-13 1.389272e+01 -1.206253e+01
7.770669e+13 1.083617e-26 8.420426e-13 1.389046e+01 -1.207467e+01
7.730593e+13 1.089206e-26 8.420206e-13 1.388821e+01 -1.207468e+01
7.690929e+13 1.052142e-26 8.091950e-13 1.388598e+01 -1.209195e+01
7.651669e+13 1.063380e-26 8.136634e-13 1.388376e+01 -1.208956e+01
7.612809e+13 1.045004e-26 7.955417e-13 1.388154e+01 -1.209934e+01
7.574341e+13 1.037489e-26 7.858292e-13 1.387934e+01 -1.210467e+01
7.536259e+13 1.034777e-26 7.798352e-13 1.387716e+01 -1.210800e+01
7.498559e+13 9.551639e-27 7.162353e-13 1.387498e+01 -1.214494e+01
7.461234e+13 8.485571e-27 6.331284e-13 1.387281e+01 -1.219851e+01
7.424279e+13 9.132818e-27 6.780459e-13 1.387065e+01 -1.216874e+01
7.387689e+13 8.184867e-27 6.046725e-13 1.386851e+01 -1.221848e+01
7.351457e+13 9.574637e-27 7.038753e-13 1.386637e+01 -1.215250e+01
7.315578e+13 8.831364e-27 6.460654e-13 1.386425e+01 -1.218972e+01
7.280049e+13 8.840071e-27 6.435615e-13 1.386213e+01 -1.219141e+01
7.244862e+13 8.584609e-27 6.219431e-13 1.386003e+01 -1.220625e+01
7.210014e+13 7.936157e-27 5.721980e-13 1.385794e+01 -1.224245e+01
7.175500e+13 8.897234e-27 6.384211e-13 1.385585e+01 -1.219489e+01
7.141315e+13 8.816363e-27 6.296042e-13 1.385378e+01 -1.220093e+01
7.107454e+13 8.392239e-27 5.964745e-13 1.385171e+01 -1.222441e+01
7.073912e+13 8.404236e-27 5.945083e-13 1.384966e+01 -1.222584e+01
7.040686e+13 8.151433e-27 5.739168e-13 1.384761e+01 -1.224115e+01
7.007770e+13 7.670763e-27 5.375494e-13 1.384558e+01 -1.226958e+01
6.975161e+13 7.687883e-27 5.362421e-13 1.384355e+01 -1.227064e+01
6.942853e+13 8.171700e-27 5.673492e-13 1.384154e+01 -1.224615e+01
6.910844e+13 7.446150e-27 5.145918e-13 1.383953e+01 -1.228854e+01
6.879128e+13 7.929622e-27 5.454889e-13 1.383753e+01 -1.226321e+01
6.847702e+13 6.984814e-27 4.782992e-13 1.383554e+01 -1.232030e+01
6.816562e+13 7.241680e-27 4.936336e-13 1.383357e+01 -1.230660e+01
6.785704e+13 7.039376e-27 4.776712e-13 1.383159e+01 -1.232087e+01
6.755124e+13 7.283755e-27 4.920267e-13 1.382963e+01 -1.230801e+01
6.724818e+13 6.953147e-27 4.675865e-13 1.382768e+01 -1.233014e+01
6.694783e+13 6.967031e-27 4.664276e-13 1.382574e+01 -1.233122e+01
6.665016e+13 6.484065e-27 4.321640e-13 1.382380e+01 -1.236435e+01
6.635511e+13 6.585871e-27 4.370062e-13 1.382187e+01 -1.235951e+01
6.606267e+13 5.922704e-27 3.912696e-13 1.381996e+01 -1.240752e+01
6.577280e+13 7.285386e-27 4.791802e-13 1.381805e+01 -1.231950e+01
6.548545e+13 6.208346e-27 4.065563e-13 1.381614e+01 -1.239088e+01
6.520061e+13 6.832564e-27 4.454874e-13 1.381425e+01 -1.235116e+01
6.491823e+13 6.501253e-27 4.220499e-13 1.381237e+01 -1.237464e+01
6.463829e+13 6.308368e-27 4.077621e-13 1.381049e+01 -1.238959e+01
6.436076e+13 5.871638e-27 3.779031e-13 1.380862e+01 -1.242262e+01
6.408559e+13 5.992952e-27 3.840618e-13 1.380676e+01 -1.241560e+01
6.381277e+13 6.401252e-27 4.084816e-13 1.380491e+01 -1.238883e+01
6.354226e+13 5.587087e-27 3.550162e-13 1.380306e+01 -1.244975e+01
6.327404e+13 5.943755e-27 3.760854e-13 1.380123e+01 -1.242471e+01
6.300807e+13 6.651230e-27 4.190812e-13 1.379940e+01 -1.237770e+01
6.274433e+13 6.288829e-27 3.945884e-13 1.379757e+01 -1.240386e+01
6.248278e+13 5.972386e-27 3.731713e-13 1.379576e+01 -1.242809e+01
6.222341e+13 6.021654e-27 3.746879e-13 1.379395e+01 -1.242633e+01
6.196618e+13 5.561986e-27 3.446551e-13 1.379215e+01 -1.246262e+01
6.171107e+13 5.804630e-27 3.582099e-13 1.379036e+01 -1.244586e+01
6.145806e+13 5.642152e-27 3.467557e-13 1.378858e+01 -1.245998e+01
6.120710e+13 5.504867e-27 3.369370e-13 1.378680e+01 -1.247245e+01
6.095819e+13 5.457340e-27 3.326696e-13 1.378503e+01 -1.247799e+01
6.071130e+13 5.888936e-27 3.575249e-13 1.378327e+01 -1.244669e+01
6.046640e+13 5.540511e-27 3.350147e-13 1.378151e+01 -1.247494e+01
6.022346e+13 5.284729e-27 3.182647e-13 1.377977e+01 -1.249721e+01
5.998247e+13 5.640371e-27 3.383234e-13 1.377802e+01 -1.247067e+01
5.974340e+13 5.698498e-27 3.404476e-13 1.377629e+01 -1.246795e+01
5.950623e+13 5.455991e-27 3.246655e-13 1.377456e+01 -1.248856e+01
5.927094e+13 5.209772e-27 3.087881e-13 1.377284e+01 -1.251034e+01
5.903750e+13 5.870338e-27 3.465700e-13 1.377113e+01 -1.246021e+01
5.880588e+13 5.103356e-27 3.001073e-13 1.376942e+01 -1.252272e+01
5.857608e+13 5.067930e-27 2.968595e-13 1.376772e+01 -1.252745e+01
5.834807e+13 5.098366e-27 2.974798e-13 1.376603e+01 -1.252654e+01
5.812183e+13 5.079331e-27 2.952200e-13 1.376434e+01 -1.252985e+01
5.789733e+13 5.027016e-27 2.910508e-13 1.376266e+01 -1.253603e+01
5.767457e+13 4.666827e-27 2.691572e-13 1.376098e+01 -1.256999e+01
5.745351e+13 4.748310e-27 2.728071e-13 1.375932e+01 -1.256414e+01
5.723414e+13 4.590282e-27 2.627208e-13 1.375766e+01 -1.258051e+01
5.701643e+13 5.372829e-27 3.063396e-13 1.375600e+01 -1.251380e+01
5.680038e+13 4.858887e-27 2.759866e-13 1.375435e+01 -1.255911e+01
5.658596e+13 4.183846e-27 2.367469e-13 1.375271e+01 -1.262572e+01
5.637315e+13 5.114240e-27 2.883058e-13 1.375107e+01 -1.254015e+01
5.616193e+13 5.022213e-27 2.820572e-13 1.374944e+01 -1.254966e+01
5.595230e+13 4.539919e-27 2.540189e-13 1.374782e+01 -1.259513e+01
5.574422e+13 4.644039e-27 2.588783e-13 1.374620e+01 -1.258690e+01
5.553768e+13 4.709274e-27 2.615422e-13 1.374459e+01 -1.258246e+01
5.533267e+13 4.701509e-27 2.601470e-13 1.374298e+01 -1.258478e+01
5.512917e+13 4.638242e-27 2.557024e-13 1.374138e+01 -1.259227e+01
5.492715e+13 5.024921e-27 2.760046e-13 1.373979e+01 -1.255908e+01
5.472662e+13 4.809452e-27 2.632050e-13 1.373820e+01 -1.257971e+01
5.452754e+13 5.057290e-27 2.757616e-13 1.373662e+01 -1.255947e+01
5.432990e+13 4.982534e-27 2.707006e-13 1.373504e+01 -1.256751e+01
5.413369e+13 4.645062e-27 2.514544e-13 1.373347e+01 -1.259954e+01
5.393890e+13 4.527131e-27 2.441884e-13 1.373190e+01 -1.261227e+01
5.374550e+13 4.371073e-27 2.349255e-13 1.373034e+01 -1.262907e+01
5.355348e+13 4.880563e-27 2.613712e-13 1.372879e+01 -1.258274e+01
5.336283e+13 4.538627e-27 2.421940e-13 1.372724e+01 -1.261584e+01
5.317354e+13 4.656679e-27 2.476121e-13 1.372570e+01 -1.260623e+01
5.298558e+13 4.256608e-27 2.255388e-13 1.372416e+01 -1.264678e+01
5.279894e+13 4.491836e-27 2.371642e-13 1.372263e+01 -1.262495e+01
5.261362e+13 4.821079e-27 2.536544e-13 1.372110e+01 -1.259576e+01
5.242959e+13 4.327095e-27 2.268678e-13 1.371958e+01 -1.264423e+01
5.224685e+13 4.371617e-27 2.284032e-13 1.371806e+01 -1.264130e+01
5.206537e+13 4.332440e-27 2.255701e-13 1.371655e+01 -1.264672e+01
5.188515e+13 4.403083e-27 2.284546e-13 1.371504e+01 -1.264120e+01
5.170617e+13 4.121008e-27 2.130816e-13 1.371354e+01 -1.267145e+01
5.152843e+13 4.084709e-27 2.104787e-13 1.371205e+01 -1.267679e+01
5.135190e+13 4.660362e-27 2.393185e-13 1.371056e+01 -1.262102e+01
5.117658e+13 4.308488e-27 2.204937e-13 1.370907e+01 -1.265660e+01
5.100245e+13 3.999898e-27 2.040046e-13 1.370759e+01 -1.269036e+01
5.082950e+13 4.005598e-27 2.036026e-13 1.370612e+01 -1.269122e+01
5.065772e+13 3.875161e-27 1.963068e-13 1.370465e+01 -1.270706e+01
5.048710e+13 4.458332e-27 2.250883e-13 1.370318e+01 -1.264765e+01
5.031762e+13 4.363073e-27 2.195395e-13 1.370172e+01 -1.265849e+01
5.014928e+13 4.259486e-27 2.136102e-13 1.370026e+01 -1.267038e+01
4.998206e+13 4.077609e-27 2.038073e-13 1.369881e+01 -1.269078e+01
4.981595e+13 4.027729e-27 2.006451e-13 1.369737e+01 -1.269757e+01
4.965094e+13 3.748930e-27 1.861379e-13 1.369593e+01 -1.273017e+01
4.948703e+13 4.354469e-27 2.154897e-13 1.369449e+01 -1.266657e+01
4.932419e+13 4.293651e-27 2.117809e-13 1.369306e+01 -1.267411e+01
4.916241e+13 4.285872e-27 2.107038e-13 1.369163e+01 -1.267633e+01
4.900170e+13 4.193973e-27 2.055118e-13 1.369021e+01 -1.268716e+01
4.884203e+13 4.098562e-27 2.001821e-13 1.368879e+01 -1.269857e+01
4.868340e+13 3.823787e-27 1.861550e-13 1.368738e+01 -1.273013e+01
4.852580e+13 4.129522e-27 2.003884e-13 1.368597e+01 -1.269813e+01
4.836922e+13 4.092104e-27 1.979319e-13 1.368457e+01 -1.270348e+01
4.821364e+13 4.032058e-27 1.944002e-13 1.368317e+01 -1.271130e+01
4.805906e+13 4.190194e-27 2.013768e-13 1.368178e+01 -1.269599e+01
4.790547e+13 4.179105e-27 2.002019e-13 1.368039e+01 -1.269853e+01
4.775285e+13 4.057130e-27 1.937395e-13 1.367900e+01 -1.271278e+01
4.760121e+13 3.794355e-27 1.806159e-13 1.367762e+01 -1.274324e+01
4.745052e+13 3.859377e-27 1.831295e-13 1.367624e+01 -1.273724e+01
4.730079e+13 4.032188e-27 1.907257e-13 1.367487e+01 -1.271959e+01
4.715200e+13 3.871354e-27 1.825421e-13 1.367350e+01 -1.273864e+01
4.700414e+13 3.790487e-27 1.781686e-13 1.367214e+01 -1.274917e+01
4.685721e+13 3.816503e-27 1.788307e-13 1.367078e+01 -1.274756e+01
4.671119e+13 3.953648e-27 1.846796e-13 1.366942e+01 -1.273358e+01
4.656608e+13 3.960452e-27 1.844227e-13 1.366807e+01 -1.273419e+01
4.642186e+13 3.655723e-27 1.697055e-13 1.366672e+01 -1.277030e+01
4.627854e+13 3.858249e-27 1.785541e-13 1.366538e+01 -1.274823e+01
4.613610e+13 3.845690e-27 1.774251e-13 1.366404e+01 -1.275098e+01
4.599454e+13 3.872834e-27 1.781292e-13 1.366271e+01 -1.274926e+01
4.585384e+13 3.776812e-27 1.731813e-13 1.366138e+01 -1.276150e+01
4.571400e+13 3.649255e-27 1.668220e-13 1.366005e+01 -1.277775e+01
4.557501e+13 3.564246e-27 1.624406e-13 1.365873e+01 -1.278931e+01
4.543686e+13 3.681000e-27 1.672531e-13 1.365741e+01 -1.277663e+01
4.529955e+13 3.643142e-27 1.650327e-13 1.365609e+01 -1.278243e+01
4.516306e+13 3.571368e-27 1.612939e-13 1.365478e+01 -1.279238e+01
4.502740e+13 3.701652e-27 1.666758e-13 1.365348e+01 -1.277813e+01
4.489254e+13 3.689065e-27 1.656115e-13 1.365217e+01 -1.278091e+01
4.475850e+13 3.621711e-27 1.621023e-13 1.365088e+01 -1.279021e+01
4.462525e+13 3.695680e-27 1.649206e-13 1.364958e+01 -1.278272e+01
4.449279e+13 3.613700e-27 1.607836e-13 1.364829e+01 -1.279376e+01
4.436111e+13 3.667191e-27 1.626807e-13 1.364700e+01 -1.278866e+01
4.423022e+13 3.513088e-27 1.553847e-13 1.364572e+01 -1.280859e+01
4.410009e+13 3.475307e-27 1.532613e-13 1.364444e+01 -1.281457e+01
4.397072e+13 3.509568e-27 1.543183e-13 1.364316e+01 -1.281158e+01
4.384212e+13 3.239052e-27 1.420069e-13 1.364189e+01 -1.284769e+01
4.371426e+13 3.258027e-27 1.424223e-13 1.364062e+01 -1.284642e+01
4.358715e+13 3.209476e-27 1.398919e-13 1.363936e+01 -1.285421e+01
4.346077e+13 3.507764e-27 1.524501e-13 1.363810e+01 -1.281687e+01
4.333513e+13 3.121786e-27 1.352830e-13 1.363684e+01 -1.286876e+01
4.321020e+13 3.391570e-27 1.465504e-13 1.363559e+01 -1.283401e+01
4.308600e+13 3.463350e-27 1.492219e-13 1.363434e+01 -1.282617e+01
4.296251e+13 3.148609e-27 1.352722e-13 1.363309e+01 -1.286879e+01
4.283973e+13 3.228724e-27 1.383177e-13 1.363185e+01 -1.285912e+01
4.271764e+13 3.119760e-27 1.332688e-13 1.363061e+01 -1.287527e+01
4.259625e+13 3.407264e-27 1.451367e-13 1.362937e+01 -1.283822e+01
4.247555e+13 3.100372e-27 1.316900e-13 1.362814e+01 -1.288045e+01
4.235552e+13 2.954575e-27 1.251426e-13 1.362691e+01 -1.290259e+01
4.223618e+13 3.020184e-27 1.275610e-13 1.362568e+01 -1.289428e+01
4.211750e+13 3.094586e-27 1.303362e-13 1.362446e+01 -1.288493e+01
4.199950e+13 3.077667e-27 1.292604e-13 1.362324e+01 -1.288853e+01
4.188215e+13 3.154323e-27 1.321098e-13 1.362203e+01 -1.287906e+01
4.176545e+13 3.280299e-27 1.370032e-13 1.362082e+01 -1.286327e+01
4.164940e+13 3.266484e-27 1.360471e-13 1.361961e+01 -1.286631e+01
4.153400e+13 2.937799e-27 1.220185e-13 1.361840e+01 -1.291357e+01
4.141923e+13 3.119317e-27 1.291997e-13 1.361720e+01 -1.288874e+01
4.130510e+13 3.105341e-27 1.282664e-13 1.361600e+01 -1.289189e+01
4.119159e+13 2.869768e-27 1.182103e-13 1.361481e+01 -1.292734e+01
4.107871e+13 2.998975e-27 1.231940e-13 1.361362e+01 -1.290941e+01
4.096644e+13 2.843660e-27 1.164946e-13 1.361243e+01 -1.293369e+01
4.085478e+13 2.970981e-27 1.213788e-13 1.361124e+01 -1.291586e+01
4.074373e+13 2.947797e-27 1.201043e-13 1.361006e+01 -1.292044e+01
4.063329e+13 2.971180e-27 1.207288e-13 1.360888e+01 -1.291819e+01
4.052344e+13 2.943054e-27 1.192627e-13 1.360771e+01 -1.292350e+01
4.041418e+13 2.973820e-27 1.201845e-13 1.360653e+01 -1.292015e+01
4.030551e+13 2.942158e-27 1.185852e-13 1.360536e+01 -1.292597e+01
4.019743e+13 2.983489e-27 1.199286e-13 1.360420e+01 -1.292108e+01
4.008992e+13 3.005541e-27 1.204919e-13 1.360304e+01 -1.291904e+01
3.998298e+13 2.909502e-27 1.163306e-13 1.360188e+01 -1.293431e+01
3.987662e+13 2.719377e-27 1.084396e-13 1.360072e+01 -1.296481e+01
3.977081e+13 2.819634e-27 1.121391e-13 1.359956e+01 -1.295024e+01
3.966557e+13 2.923919e-27 1.159789e-13 1.359841e+01 -1.293562e+01
3.956089e+13 2.795462e-27 1.105909e-13 1.359727e+01 -1.295628e+01
3.945675e+13 2.776004e-27 1.095321e-13 1.359612e+01 -1.296046e+01
3.935316e+13 2.795330e-27 1.100051e-13 1.359498e+01 -1.295859e+01
3.925012e+13 2.847767e-27 1.117752e-13 1.359384e+01 -1.295165e+01
3.914761e+13 2.720434e-27 1.064985e-13 1.359271e+01 -1.297266e+01
3.904564e+13 2.809345e-27 1.096927e-13 1.359157e+01 -1.295982e+01
3.894419e+13 2.718579e-27 1.058729e-13 1.359044e+01 -1.297522e+01
3.884328e+13 2.784103e-27 1.081437e-13 1.358932e+01 -1.296600e+01
3.874288e+13 2.766272e-27 1.071733e-13 1.358819e+01 -1.296991e+01
3.864300e+13 2.602139e-27 1.005545e-13 1.358707e+01 -1.299760e+01
3.854364e+13 2.625357e-27 1.011908e-13 1.358595e+01 -1.299486e+01
3.844478e+13 2.722468e-27 1.046647e-13 1.358484e+01 -1.298020e+01
3.834643e+13 2.565113e-27 9.836294e-14 1.358372e+01 -1.300717e+01
3.824858e+13 2.561695e-27 9.798121e-14 1.358262e+01 -1.300886e+01
3.815123e+13 2.609737e-27 9.956468e-14 1.358151e+01 -1.300189e+01
3.805438e+13 2.641440e-27 1.005183e-13 1.358040e+01 -1.299775e+01
3.795801e+13 2.602746e-27 9.879508e-14 1.357930e+01 -1.300526e+01
3.786214e+13 2.514552e-27 9.520630e-14 1.357821e+01 -1.302133e+01
3.776674e+13 2.528969e-27 9.551092e-14 1.357711e+01 -1.301995e+01
3.767183e+13 2.475156e-27 9.324363e-14 1.357602e+01 -1.303038e+01
3.757739e+13 2.499621e-27 9.392924e-14 1.357493e+01 -1.302720e+01
3.748342e+13 2.508721e-27 9.403546e-14 1.357384e+01 -1.302671e+01
3.738992e+13 2.471031e-27 9.239167e-14 1.357275e+01 -1.303437e+01
3.729689e+13 2.483374e-27 9.262213e-14 1.357167e+01 -1.303329e+01
3.720432e+13 2.564004e-27 9.539204e-14 1.357059e+01 -1.302049e+01
3.711221e+13 2.418449e-27 8.975399e-14 1.356952e+01 -1.304695e+01
3.702055e+13 2.538263e-27 9.396788e-14 1.356844e+01 -1.302702e+01
3.692934e+13 2.414038e-27 8.914885e-14 1.356737e+01 -1.304988e+01
3.683858e+13 2.463435e-27 9.074945e-14 1.356630e+01 -1.304216e+01
3.674827e+13 2.470176e-27 9.077471e-14 1.356524e+01 -1.304204e+01
3.665840e+13 2.305639e-27 8.452105e-14 1.356417e+01 -1.307304e+01
3.656897e+13 2.391203e-27 8.744381e-14 1.356311e+01 -1.305827e+01
3.647997e+13 2.353734e-27 8.586416e-14 1.356205e+01 -1.306619e+01
3.639141e+13 2.378009e-27 8.653910e-14 1.356100e+01 -1.306279e+01
3.630327e+13 2.431847e-27 8.828399e-14 1.355995e+01 -1.305412e+01
3.621556e+13 2.284795e-27 8.274511e-14 1.355890e+01 -1.308226e+01
3.612827e+13 2.412775e-27 8.716939e-14 1.355785e+01 -1.305964e+01
3.604140e+13 2.286414e-27 8.240558e-14 1.355680e+01 -1.308404e+01
3.595495e+13 2.342397e-27 8.422076e-14 1.355576e+01 -1.307458e+01
3.586892e+13 2.327286e-27 8.347724e-14 1.355472e+01 -1.307843e+01
3.578329e+13 2.253300e-27 8.063050e-14 1.355368e+01 -1.309350e+01
3.569807e+13 2.264071e-27 8.082298e-14 1.355264e+01 -1.309247e+01
3.561326e+13 2.242397e-27 7.985907e-14 1.355161e+01 -1.309768e+01
3.552885e+13 2.322154e-27 8.250345e-14 1.355058e+01 -1.308353e+01
3.544483e+13 2.273400e-27 8.058027e-14 1.354955e+01 -1.309377e+01
3.536122e+13 2.140798e-27 7.570123e-14 1.354853e+01 -1.312090e+01
3.527799e+13 2.333884e-27 8.233475e-14 1.354750e+01 -1.308442e+01
3.519516e+13 2.227541e-27 7.839865e-14 1.354648e+01 -1.310569e+01
3.511272e+13 2.243908e-27 7.878971e-14 1.354546e+01 -1.310353e+01
3.503066e+13 2.244562e-27 7.862850e-14 1.354445e+01 -1.310442e+01
3.494899e+13 2.165815e-27 7.569304e-14 1.354343e+01 -1.312094e+01
3.486769e+13 2.084266e-27 7.267355e-14 1.354242e+01 -1.313862e+01
3.478677e+13 2.174049e-27 7.562816e-14 1.354141e+01 -1.312132e+01
3.470623e+13 2.139906e-27 7.426806e-14 1.354041e+01 -1.312920e+01
3.462606e+13 2.214483e-27 7.667881e-14 1.353940e+01 -1.311532e+01
3.454625e+13 2.137442e-27 7.384061e-14 1.353840e+01 -1.313170e+01
3.446682e+13 2.019446e-27 6.960388e-14 1.353740e+01 -1.315737e+01
3.438775e+13 2.194067e-27 7.544902e-14 1.353640e+01 -1.312235e+01
3.430904e+13 2.097128e-27 7.195044e-14 1.353541e+01 -1.314297e+01
3.423069e+13 2.154290e-27 7.374285e-14 1.353442e+01 -1.313228e+01
3.415270e+13 2.078987e-27 7.100303e-14 1.353343e+01 -1.314872e+01
3.407506e+13 2.155236e-27 7.343981e-14 1.353244e+01 -1.313407e+01
3.399778e+13 2.075342e-27 7.055702e-14 1.353145e+01 -1.315146e+01
3.392084e+13 2.010236e-27 6.818889e-14 1.353047e+01 -1.316629e+01
3.384425e+13 1.969855e-27 6.666826e-14 1.352948e+01 -1.317608e+01
3.376801e+13 2.031235e-27 6.859077e-14 1.352851e+01 -1.316373e+01
3.369211e+13 2.144754e-27 7.226129e-14 1.352753e+01 -1.314109e+01
3.361655e+13 2.141115e-27 7.197692e-14 1.352655e+01 -1.314281e+01
3.354133e+13 2.067612e-27 6.935045e-14 1.352558e+01 -1.315895e+01
3.346644e+13 2.031453e-27 6.798551e-14 1.352461e+01 -1.316758e+01
3.339189e+13 1.983177e-27 6.622203e-14 1.352364e+01 -1.317900e+01
3.331767e+13 2.086080e-27 6.950334e-14 1.352267e+01 -1.315799e+01
3.324378e+13 1.936880e-27 6.438922e-14 1.352171e+01 -1.319119e+01
3.317021e+13 2.030469e-27 6.735110e-14 1.352075e+01 -1.317166e+01
3.309698e+13 2.019562e-27 6.684139e-14 1.351979e+01 -1.317495e+01
3.302406e+13 2.020715e-27 6.673223e-14 1.351883e+01 -1.317566e+01
3.295146e+13 1.949756e-27 6.424730e-14 1.351787e+01 -1.319215e+01
3.287918e+13 2.019066e-27 6.638525e-14 1.351692e+01 -1.317793e+01
3.280722e+13 1.940379e-27 6.365845e-14 1.351597e+01 -1.319614e+01
3.273558e+13 1.946847e-27 6.373117e-14 1.351502e+01 -1.319565e+01
3.266424e+13 1.976022e-27 6.454525e-14 1.351407e+01 -1.319014e+01
3.259322e+13 1.999010e-27 6.515415e-14 1.351313e+01 -1.318606e+01
3.252250e+13 1.930070e-27 6.277069e-14 1.351218e+01 -1.320224e+01
3.245209e+13 1.985380e-27 6.442973e-14 1.351124e+01 -1.319091e+01
3.238198e+13 1.863918e-27 6.035737e-14 1.351030e+01 -1.321927e+01
3.231218e+13 1.887758e-27 6.099757e-14 1.350937e+01 -1.321469e+01
3.224268e+13 1.908023e-27 6.151976e-14 1.350843e+01 -1.321099e+01
3.217347e+13 1.986215e-27 6.390343e-14 1.350750e+01 -1.319448e+01
3.210456e+13 1.963726e-27 6.304455e-14 1.350657e+01 -1.320035e+01
3.203595e+13 1.878201e-27 6.016995e-14 1.350564e+01 -1.322062e+01
3.196763e+13 1.932700e-27 6.178384e-14 1.350471e+01 -1.320913e+01
3.189960e+13 1.914051e-27 6.105746e-14 1.350379e+01 -1.321426e+01
3.183185e+13 1.962372e-27 6.246594e-14 1.350286e+01 -1.320436e+01
3.176440e+13 1.927018e-27 6.121056e-14 1.350194e+01 -1.321317e+01
3.169723e+13 1.853455e-27 5.874940e-14 1.350102e+01 -1.323100e+01
3.163034e+13 1.825466e-27 5.774012e-14 1.350010e+01 -1.323852e+01
3.156374e+13 1.879865e-27 5.933556e-14 1.349919e+01 -1.322668e+01
3.149742e+13 1.891697e-27 5.958357e-14 1.349827e+01 -1.322487e+01
3.143137e+13 1.906031e-27 5.990916e-14 1.349736e+01 -1.322251e+01
3.136560e+13 1.842130e-27 5.777952e-14 1.349645e+01 -1.323823e+01
3.130010e+13 1.826109e-27 5.715741e-14 1.349555e+01 -1.324293e+01
3.123488e+13 1.845911e-27 5.765680e-14 1.349464e+01 -1.323915e+01
3.116993e+13 1.798008e-27 5.604379e-14 1.349374e+01 -1.325147e+01
3.110525e+13 1.841298e-27 5.727404e-14 1.349283e+01 -1.324204e+01
3.104084e+13 1.831851e-27 5.686219e-14 1.349193e+01 -1.324518e+01
3.097669e+13 1.834397e-27 5.682354e-14 1.349104e+01 -1.324547e+01
3.091281e+13 1.843507e-27 5.698798e-14 1.349014e+01 -1.324422e+01
3.091281e+12 6.987882e-27 2.160151e-13 1.200000e+01 -2.000000e+01
3.091281e+11 6.987882e-27 2.160151e-13 1.100000e+01 -2.000000e+01
3.091281e+10 6.987882e-27 2.160151e-13 1.000000e+01 -2.000000e+01
3.091281e+09 6.987882e-27 2.160151e-13 9.000000e+00 -2.000000e+01
3.091281e+08 6.987882e-27 2.160151e-13 8.000000e+00 -2.000000e+01
3.091281e+07 6.987882e-27 2.160151e-13 7.000000e+00 -2.000000e+01