1.362693e+16 4.276165e-32 5.827099e-16 1.613440e+01 -1.523455e+01
1.303445e+16 5.266622e-31 6.864753e-15 1.611509e+01 -1.416338e+01
1.249135e+16 5.357272e-31 6.691956e-15 1.609661e+01 -1.417445e+01
1.199170e+16 5.467325e-31 6.556250e-15 1.607888e+01 -1.418334e+01
1.153048e+16 5.669114e-31 6.536759e-15 1.606185e+01 -1.418464e+01
1.110342e+16 5.950887e-31 6.607521e-15 1.604546e+01 -1.417996e+01
1.070687e+16 5.994754e-31 6.418507e-15 1.602966e+01 -1.419257e+01
1.033767e+16 6.293907e-31 6.506432e-15 1.601442e+01 -1.418666e+01
9.993080e+15 6.235479e-31 6.231164e-15 1.599970e+01 -1.420543e+01
9.670723e+15 6.424979e-31 6.213419e-15 1.598546e+01 -1.420667e+01
9.368512e+15 6.513310e-31 6.102003e-15 1.597167e+01 -1.421453e+01
9.084618e+15 6.601814e-31 5.997496e-15 1.595831e+01 -1.422203e+01
8.817424e+15 6.570513e-31 5.793499e-15 1.594534e+01 -1.423706e+01
8.565497e+15 6.754678e-31 5.785718e-15 1.593275e+01 -1.423764e+01
8.327567e+15 7.925871e-31 6.600322e-15 1.592052e+01 -1.418043e+01
8.102497e+15 9.092976e-31 7.367581e-15 1.590862e+01 -1.413268e+01
7.889274e+15 8.785447e-31 6.931079e-15 1.589704e+01 -1.415920e+01
7.686985e+15 9.390444e-31 7.218420e-15 1.588576e+01 -1.414156e+01
7.494810e+15 1.125996e-30 8.439126e-15 1.587476e+01 -1.407370e+01
7.312010e+15 1.219293e-30 8.915481e-15 1.586404e+01 -1.404986e+01
7.137914e+15 1.193055e-30 8.515925e-15 1.585357e+01 -1.406977e+01
6.971916e+15 1.181468e-30 8.237093e-15 1.584335e+01 -1.408423e+01
6.813464e+15 1.290129e-30 8.790247e-15 1.583337e+01 -1.405600e+01
6.662053e+15 1.344034e-30 8.954026e-15 1.582361e+01 -1.404798e+01
6.517226e+15 1.290476e-30 8.410326e-15 1.581406e+01 -1.407519e+01
6.378562e+15 1.323615e-30 8.442762e-15 1.580472e+01 -1.407352e+01
6.245675e+15 1.414633e-30 8.835337e-15 1.579558e+01 -1.405378e+01
6.118212e+15 1.368766e-30 8.374400e-15 1.578662e+01 -1.407705e+01
5.995848e+15 1.508897e-30 9.047115e-15 1.577785e+01 -1.404349e+01
5.878282e+15 1.903009e-30 1.118642e-14 1.576925e+01 -1.395131e+01
5.765238e+15 2.132518e-30 1.229448e-14 1.576082e+01 -1.391029e+01
5.656460e+15 2.019075e-30 1.142082e-14 1.575254e+01 -1.394230e+01
5.551711e+15 1.863963e-30 1.034818e-14 1.574443e+01 -1.398514e+01
5.450771e+15 1.906486e-30 1.039182e-14 1.573646e+01 -1.398331e+01
5.353436e+15 2.284549e-30 1.223019e-14 1.572863e+01 -1.391257e+01
5.259516e+15 2.501645e-30 1.315744e-14 1.572095e+01 -1.388083e+01
5.168834e+15 2.522459e-30 1.303817e-14 1.571339e+01 -1.388478e+01
5.081227e+15 2.547701e-30 1.294545e-14 1.570597e+01 -1.388788e+01
4.996540e+15 2.349221e-30 1.173798e-14 1.569867e+01 -1.393041e+01
4.914630e+15 2.384853e-30 1.172067e-14 1.569149e+01 -1.393105e+01
4.835361e+15 2.738776e-30 1.324297e-14 1.568443e+01 -1.387801e+01
4.758610e+15 2.759475e-30 1.313126e-14 1.567748e+01 -1.388169e+01
4.684256e+15 2.912359e-30 1.364224e-14 1.567064e+01 -1.386511e+01
4.612191e+15 2.879039e-30 1.327868e-14 1.566391e+01 -1.387685e+01
4.542309e+15 2.852068e-30 1.295497e-14 1.565728e+01 -1.388756e+01
4.474513e+15 3.116652e-30 1.394550e-14 1.565075e+01 -1.385557e+01
4.408712e+15 3.030905e-30 1.336239e-14 1.564431e+01 -1.387412e+01
4.344817e+15 3.059492e-30 1.329293e-14 1.563797e+01 -1.387638e+01
4.282749e+15 3.038268e-30 1.301214e-14 1.563172e+01 -1.388565e+01
4.222428e+15 3.087786e-30 1.303796e-14 1.562556e+01 -1.388479e+01
4.163783e+15 3.457075e-30 1.439451e-14 1.561949e+01 -1.384180e+01
4.106745e+15 3.517575e-30 1.444579e-14 1.561350e+01 -1.384026e+01
4.051249e+15 3.520290e-30 1.426157e-14 1.560759e+01 -1.384583e+01
3.997232e+15 3.501453e-30 1.399612e-14 1.560176e+01 -1.385399e+01
3.944637e+15 3.406287e-30 1.343657e-14 1.559601e+01 -1.387171e+01
3.893408e+15 3.441861e-30 1.340057e-14 1.559033e+01 -1.387288e+01
3.843492e+15 3.517081e-30 1.351787e-14 1.558473e+01 -1.386909e+01
3.794841e+15 3.541225e-30 1.343838e-14 1.557919e+01 -1.387165e+01
3.747405e+15 3.685783e-30 1.381212e-14 1.557373e+01 -1.385974e+01
3.701141e+15 3.757813e-30 1.390819e-14 1.556834e+01 -1.385673e+01
3.656005e+15 3.831597e-30 1.400834e-14 1.556301e+01 -1.385361e+01
3.611957e+15 3.581356e-30 1.293570e-14 1.555774e+01 -1.388821e+01
3.568957e+15 3.577453e-30 1.276778e-14 1.555254e+01 -1.389388e+01
3.526969e+15 3.878720e-30 1.368013e-14 1.554740e+01 -1.386391e+01
3.485958e+15 3.945402e-30 1.375351e-14 1.554232e+01 -1.386159e+01
3.445890e+15 4.045034e-30 1.393874e-14 1.553730e+01 -1.385578e+01
3.406732e+15 4.093471e-30 1.394536e-14 1.553234e+01 -1.385557e+01
3.368454e+15 4.142838e-30 1.395496e-14 1.552743e+01 -1.385527e+01
3.331027e+15 4.151965e-30 1.383030e-14 1.552258e+01 -1.385917e+01
3.294422e+15 4.023767e-30 1.325599e-14 1.551778e+01 -1.387759e+01
3.258613e+15 2.112809e-29 6.884826e-14 1.551303e+01 -1.316211e+01
3.223574e+15 3.749381e-29 1.208641e-13 1.550834e+01 -1.291770e+01
3.189281e+15 5.866778e-29 1.871080e-13 1.550369e+01 -1.272791e+01
3.155709e+15 8.043693e-29 2.538356e-13 1.549910e+01 -1.259545e+01
3.122838e+15 9.785615e-29 3.055889e-13 1.549455e+01 -1.251486e+01
3.090643e+15 7.233273e-29 2.235547e-13 1.549005e+01 -1.265062e+01
3.059106e+15 6.831015e-29 2.089680e-13 1.548559e+01 -1.267992e+01
3.028206e+15 9.695869e-29 2.936109e-13 1.548119e+01 -1.253223e+01
2.997924e+15 1.056713e-28 3.167945e-13 1.547682e+01 -1.249922e+01
2.968242e+15 1.149222e-28 3.411170e-13 1.547250e+01 -1.246710e+01
2.939141e+15 8.783118e-29 2.581482e-13 1.546822e+01 -1.258813e+01
2.910606e+15 8.021958e-29 2.334876e-13 1.546398e+01 -1.263174e+01
2.882619e+15 1.221131e-28 3.520055e-13 1.545979e+01 -1.245345e+01
2.855166e+15 1.452003e-28 4.145710e-13 1.545563e+01 -1.238240e+01
2.828230e+15 1.333148e-28 3.770451e-13 1.545151e+01 -1.242361e+01
2.801798e+15 1.302595e-28 3.649609e-13 1.544744e+01 -1.243775e+01
2.775856e+15 1.302157e-28 3.614599e-13 1.544340e+01 -1.244194e+01
2.750389e+15 1.322347e-28 3.636969e-13 1.543939e+01 -1.243926e+01
2.725385e+15 1.403373e-28 3.824733e-13 1.543543e+01 -1.241740e+01
2.700832e+15 1.368928e-28 3.697245e-13 1.543150e+01 -1.243212e+01
2.676718e+15 1.292980e-28 3.460943e-13 1.542760e+01 -1.246081e+01
2.653030e+15 1.336616e-28 3.546084e-13 1.542374e+01 -1.245025e+01
2.629758e+15 1.399471e-28 3.680271e-13 1.541992e+01 -1.243412e+01
2.606890e+15 1.369591e-28 3.570374e-13 1.541612e+01 -1.244729e+01
2.584417e+15 1.398737e-28 3.614919e-13 1.541236e+01 -1.244190e+01
2.562328e+15 1.216072e-28 3.115975e-13 1.540863e+01 -1.250641e+01
2.540614e+15 1.185606e-28 3.012166e-13 1.540494e+01 -1.252112e+01
2.519264e+15 1.234986e-28 3.111255e-13 1.540127e+01 -1.250706e+01
2.498270e+15 1.027719e-28 2.567519e-13 1.539764e+01 -1.259049e+01
2.477623e+15 7.810253e-29 1.935086e-13 1.539404e+01 -1.271330e+01
2.457315e+15 6.910838e-29 1.698210e-13 1.539046e+01 -1.277001e+01
2.437337e+15 9.575323e-29 2.333829e-13 1.538692e+01 -1.263193e+01
2.417681e+15 1.545725e-28 3.737070e-13 1.538340e+01 -1.242747e+01
2.398339e+15 1.665518e-28 3.994476e-13 1.537991e+01 -1.239854e+01
2.379305e+15 1.485841e-28 3.535269e-13 1.537645e+01 -1.245158e+01
2.360570e+15 1.671114e-28 3.944782e-13 1.537302e+01 -1.240398e+01
2.342128e+15 1.695150e-28 3.970258e-13 1.536961e+01 -1.240118e+01
2.323972e+15 1.706804e-28 3.966564e-13 1.536623e+01 -1.240159e+01
2.306095e+15 1.442287e-28 3.326051e-13 1.536288e+01 -1.247807e+01
2.288492e+15 1.585706e-28 3.628875e-13 1.535955e+01 -1.244023e+01
2.271155e+15 1.684400e-28 3.825533e-13 1.535625e+01 -1.241731e+01
2.254078e+15 1.541377e-28 3.474383e-13 1.535297e+01 -1.245912e+01
2.237257e+15 1.525875e-28 3.413773e-13 1.534972e+01 -1.246677e+01
2.220684e+15 1.648652e-28 3.661136e-13 1.534649e+01 -1.243638e+01
2.204356e+15 1.539009e-28 3.392523e-13 1.534328e+01 -1.246948e+01
2.188266e+15 1.470206e-28 3.217202e-13 1.534010e+01 -1.249252e+01
2.172409e+15 1.433076e-28 3.113226e-13 1.533694e+01 -1.250679e+01
2.156780e+15 1.227067e-28 2.646514e-13 1.533381e+01 -1.257733e+01
2.141374e+15 1.389805e-28 2.976094e-13 1.533069e+01 -1.252635e+01
2.126187e+15 1.478216e-28 3.142964e-13 1.532760e+01 -1.250266e+01
2.111214e+15 1.421482e-28 3.001053e-13 1.532453e+01 -1.252273e+01
2.096450e+15 1.432644e-28 3.003468e-13 1.532148e+01 -1.252238e+01
2.081892e+15 1.485448e-28 3.092543e-13 1.531846e+01 -1.250968e+01
2.067534e+15 1.471468e-28 3.042311e-13 1.531545e+01 -1.251680e+01
2.053373e+15 1.464945e-28 3.008079e-13 1.531247e+01 -1.252171e+01
2.039404e+15 1.539075e-28 3.138796e-13 1.530950e+01 -1.250324e+01
2.025624e+15 1.573370e-28 3.187057e-13 1.530656e+01 -1.249661e+01
2.012030e+15 1.650715e-28 3.321288e-13 1.530363e+01 -1.247869e+01
1.998616e+15 1.545224e-28 3.088310e-13 1.530073e+01 -1.251028e+01
1.985380e+15 1.560918e-28 3.099015e-13 1.529784e+01 -1.250878e+01
1.972318e+15 1.567649e-28 3.091903e-13 1.529498e+01 -1.250977e+01
1.959427e+15 1.265223e-28 2.479113e-13 1.529213e+01 -1.260570e+01
1.946704e+15 1.026949e-28 1.999165e-13 1.528930e+01 -1.269915e+01
1.934145e+15 1.503669e-28 2.908313e-13 1.528649e+01 -1.253636e+01
1.921746e+15 1.623495e-28 3.119946e-13 1.528370e+01 -1.250585e+01
1.909506e+15 1.526579e-28 2.915011e-13 1.528092e+01 -1.253536e+01
1.897420e+15 1.539426e-28 2.920938e-13 1.527816e+01 -1.253448e+01
1.885487e+15 1.536283e-28 2.896641e-13 1.527542e+01 -1.253811e+01
1.873702e+15 1.463135e-28 2.741480e-13 1.527270e+01 -1.256201e+01
1.862065e+15 1.378356e-28 2.566588e-13 1.526999e+01 -1.259064e+01
1.850570e+15 1.397442e-28 2.586064e-13 1.526731e+01 -1.258736e+01
1.839217e+15 1.403790e-28 2.581875e-13 1.526463e+01 -1.258806e+01
1.828002e+15 1.429550e-28 2.613220e-13 1.526198e+01 -1.258282e+01
1.816924e+15 1.462226e-28 2.656754e-13 1.525934e+01 -1.257565e+01
1.805978e+15 1.376390e-28 2.485731e-13 1.525671e+01 -1.260455e+01
1.795164e+15 1.405878e-28 2.523782e-13 1.525410e+01 -1.259795e+01
1.784479e+15 1.524783e-28 2.720942e-13 1.525151e+01 -1.256528e+01
1.773920e+15 1.495182e-28 2.652332e-13 1.524893e+01 -1.257637e+01
1.763485e+15 1.468761e-28 2.590137e-13 1.524637e+01 -1.258668e+01
1.753172e+15 1.395294e-28 2.446190e-13 1.524382e+01 -1.261151e+01
1.742979e+15 1.365012e-28 2.379188e-13 1.524129e+01 -1.262357e+01
1.732904e+15 1.482576e-28 2.569163e-13 1.523877e+01 -1.259021e+01
1.722945e+15 1.521065e-28 2.620711e-13 1.523627e+01 -1.258158e+01
1.713099e+15 1.520768e-28 2.605227e-13 1.523378e+01 -1.258415e+01
1.703366e+15 1.544961e-28 2.631634e-13 1.523131e+01 -1.257977e+01
1.693742e+15 1.538247e-28 2.605395e-13 1.522885e+01 -1.258413e+01
1.684227e+15 1.545686e-28 2.603286e-13 1.522640e+01 -1.258448e+01
1.674818e+15 1.377333e-28 2.306782e-13 1.522397e+01 -1.263699e+01
1.665513e+15 1.526382e-28 2.542210e-13 1.522155e+01 -1.259479e+01
1.656312e+15 1.497294e-28 2.479986e-13 1.521914e+01 -1.260555e+01
1.647211e+15 1.551651e-28 2.555897e-13 1.521675e+01 -1.259246e+01
1.638210e+15 1.540315e-28 2.523360e-13 1.521437e+01 -1.259802e+01
1.629307e+15 1.484099e-28 2.418052e-13 1.521200e+01 -1.261653e+01
1.620499e+15 1.434684e-28 2.324905e-13 1.520965e+01 -1.263359e+01
1.611787e+15 1.428416e-28 2.302302e-13 1.520731e+01 -1.263784e+01
1.603168e+15 1.486231e-28 2.382679e-13 1.520498e+01 -1.262293e+01
1.594640e+15 1.465301e-28 2.336628e-13 1.520266e+01 -1.263141e+01
1.586203e+15 1.417673e-28 2.248717e-13 1.520036e+01 -1.264807e+01
1.577855e+15 1.416075e-28 2.234361e-13 1.519807e+01 -1.265085e+01
1.569594e+15 1.420401e-28 2.229452e-13 1.519579e+01 -1.265180e+01
1.561419e+15 1.391493e-28 2.172704e-13 1.519352e+01 -1.266300e+01
1.553328e+15 1.403315e-28 2.179809e-13 1.519126e+01 -1.266158e+01
1.545322e+15 1.491848e-28 2.305385e-13 1.518902e+01 -1.263726e+01
1.537397e+15 1.504500e-28 2.313014e-13 1.518679e+01 -1.263582e+01
1.529553e+15 1.480830e-28 2.265008e-13 1.518456e+01 -1.264493e+01
1.521789e+15 1.495037e-28 2.275131e-13 1.518235e+01 -1.264299e+01
1.514103e+15 1.549247e-28 2.345719e-13 1.518016e+01 -1.262972e+01
1.506494e+15 1.542840e-28 2.324280e-13 1.517797e+01 -1.263371e+01
1.498962e+15 1.521511e-28 2.280688e-13 1.517579e+01 -1.264193e+01
1.491504e+15 1.506382e-28 2.246775e-13 1.517362e+01 -1.264844e+01
1.484121e+15 1.569911e-28 2.329938e-13 1.517147e+01 -1.263266e+01
1.476810e+15 1.551504e-28 2.291277e-13 1.516932e+01 -1.263992e+01
1.469571e+15 1.563799e-28 2.298113e-13 1.516719e+01 -1.263863e+01
1.462402e+15 1.540428e-28 2.252724e-13 1.516507e+01 -1.264729e+01
1.455303e+15 1.447401e-28 2.106407e-13 1.516295e+01 -1.267646e+01
1.448272e+15 1.556079e-28 2.253626e-13 1.516085e+01 -1.264712e+01
1.441310e+15 1.629924e-28 2.349225e-13 1.515876e+01 -1.262908e+01
1.434413e+15 1.623381e-28 2.328600e-13 1.515667e+01 -1.263291e+01
1.427583e+15 1.518064e-28 2.167162e-13 1.515460e+01 -1.266411e+01
1.420817e+15 1.626519e-28 2.310985e-13 1.515254e+01 -1.263620e+01
1.414115e+15 1.615805e-28 2.284935e-13 1.515048e+01 -1.264113e+01
1.407476e+15 1.676209e-28 2.359224e-13 1.514844e+01 -1.262723e+01
1.400899e+15 1.556449e-28 2.180428e-13 1.514641e+01 -1.266146e+01
1.394383e+15 1.602427e-28 2.234398e-13 1.514438e+01 -1.265084e+01
1.387928e+15 1.609445e-28 2.233794e-13 1.514237e+01 -1.265096e+01
1.381532e+15 1.509008e-28 2.084742e-13 1.514036e+01 -1.268095e+01
1.375194e+15 1.525253e-28 2.097520e-13 1.513836e+01 -1.267829e+01
1.368915e+15 1.593962e-28 2.181998e-13 1.513638e+01 -1.266115e+01
1.362693e+15 1.693089e-28 2.307160e-13 1.513440e+01 -1.263692e+01
1.356527e+15 1.595957e-28 2.164959e-13 1.513243e+01 -1.266455e+01
1.350416e+15 1.499245e-28 2.024605e-13 1.513047e+01 -1.269366e+01
1.344361e+15 1.528465e-28 2.054808e-13 1.512852e+01 -1.268723e+01
1.338359e+15 1.540987e-28 2.062393e-13 1.512657e+01 -1.268563e+01
1.332411e+15 1.543723e-28 2.056873e-13 1.512464e+01 -1.268679e+01
1.326515e+15 1.585974e-28 2.103818e-13 1.512271e+01 -1.267699e+01
1.320671e+15 1.516288e-28 2.002518e-13 1.512079e+01 -1.269842e+01
1.314879e+15 1.568770e-28 2.062742e-13 1.511889e+01 -1.268556e+01
1.309137e+15 1.595283e-28 2.088444e-13 1.511699e+01 -1.268018e+01
1.303445e+15 1.539948e-28 2.007238e-13 1.511509e+01 -1.269740e+01
1.297803e+15 1.627153e-28 2.111723e-13 1.511321e+01 -1.267536e+01
1.292209e+15 1.611240e-28 2.082058e-13 1.511133e+01 -1.268151e+01
1.286663e+15 1.596186e-28 2.053753e-13 1.510946e+01 -1.268745e+01
1.281164e+15 1.576709e-28 2.020023e-13 1.510760e+01 -1.269464e+01
1.275712e+15 1.555382e-28 1.984220e-13 1.510575e+01 -1.270241e+01
1.270307e+15 1.645661e-28 2.090495e-13 1.510391e+01 -1.267975e+01
1.264947e+15 1.635110e-28 2.068328e-13 1.510207e+01 -1.268438e+01
1.259632e+15 1.591225e-28 2.004358e-13 1.510024e+01 -1.269802e+01
1.254362e+15 1.513169e-28 1.898062e-13 1.509842e+01 -1.272169e+01
1.249135e+15 1.556599e-28 1.944403e-13 1.509661e+01 -1.271121e+01
1.243952e+15 1.521693e-28 1.892913e-13 1.509480e+01 -1.272287e+01
1.238812e+15 1.612485e-28 1.997565e-13 1.509301e+01 -1.269950e+01
1.233714e+15 1.769085e-28 2.182544e-13 1.509121e+01 -1.266104e+01
1.228657e+15 1.698463e-28 2.086829e-13 1.508943e+01 -1.268051e+01
1.223642e+15 1.700764e-28 2.081127e-13 1.508765e+01 -1.268170e+01
1.218668e+15 1.776334e-28 2.164762e-13 1.508589e+01 -1.266459e+01
1.213734e+15 1.688685e-28 2.049615e-13 1.508412e+01 -1.268833e+01
1.208840e+15 1.662102e-28 2.009216e-13 1.508237e+01 -1.269697e+01
1.203986e+15 1.615370e-28 1.944883e-13 1.508062e+01 -1.271111e+01
1.199170e+15 1.725406e-28 2.069055e-13 1.507888e+01 -1.268423e+01
1.194392e+15 1.714784e-28 2.048124e-13 1.507715e+01 -1.268864e+01
1.189652e+15 1.639124e-28 1.949988e-13 1.507542e+01 -1.270997e+01
1.184950e+15 1.687873e-28 2.000045e-13 1.507370e+01 -1.269896e+01
1.180285e+15 1.713763e-28 2.022728e-13 1.507199e+01 -1.269406e+01
1.175656e+15 1.760409e-28 2.069637e-13 1.507028e+01 -1.268411e+01
1.171064e+15 1.821938e-28 2.133607e-13 1.506858e+01 -1.267089e+01
1.166507e+15 1.996427e-28 2.328847e-13 1.506689e+01 -1.263286e+01
1.161986e+15 1.816607e-28 2.110872e-13 1.506520e+01 -1.267554e+01
1.157500e+15 1.894182e-28 2.192515e-13 1.506352e+01 -1.265906e+01
1.153048e+15 1.871119e-28 2.157490e-13 1.506185e+01 -1.266605e+01
1.148630e+15 1.855795e-28 2.131621e-13 1.506018e+01 -1.267129e+01
1.144246e+15 1.986608e-28 2.273168e-13 1.505852e+01 -1.264337e+01
1.139895e+15 2.011870e-28 2.293320e-13 1.505686e+01 -1.263954e+01
1.135577e+15 2.529348e-28 2.872270e-13 1.505522e+01 -1.254177e+01
1.131292e+15 2.551953e-28 2.887004e-13 1.505357e+01 -1.253955e+01
1.127039e+15 2.638191e-28 2.973345e-13 1.505194e+01 -1.252675e+01
1.122818e+15 2.483397e-28 2.788402e-13 1.505031e+01 -1.255464e+01
1.118628e+15 2.554305e-28 2.857318e-13 1.504869e+01 -1.254404e+01
1.114470e+15 2.522496e-28 2.811246e-13 1.504707e+01 -1.255110e+01
1.110342e+15 2.557202e-28 2.839369e-13 1.504546e+01 -1.254678e+01
1.106245e+15 2.633190e-28 2.912953e-13 1.504385e+01 -1.253567e+01
1.102178e+15 2.379855e-28 2.623023e-13 1.504225e+01 -1.258120e+01
1.098141e+15 2.496825e-28 2.741865e-13 1.504066e+01 -1.256195e+01
1.094133e+15 2.287494e-28 2.502822e-13 1.503907e+01 -1.260157e+01
1.090154e+15 2.208823e-28 2.407958e-13 1.503749e+01 -1.261835e+01
1.086204e+15 2.489172e-28 2.703749e-13 1.503591e+01 -1.256803e+01
1.082283e+15 2.646844e-28 2.864634e-13 1.503434e+01 -1.254293e+01
1.078390e+15 2.491631e-28 2.686950e-13 1.503278e+01 -1.257074e+01
1.074525e+15 2.209344e-28 2.373995e-13 1.503122e+01 -1.262452e+01
1.070687e+15 1.892189e-28 2.025943e-13 1.502966e+01 -1.269337e+01
1.066877e+15 2.244964e-28 2.395100e-13 1.502811e+01 -1.262068e+01
1.063094e+15 2.889876e-28 3.072208e-13 1.502657e+01 -1.251255e+01
1.059337e+15 2.832693e-28 3.000777e-13 1.502503e+01 -1.252277e+01
1.055607e+15 2.799919e-28 2.955614e-13 1.502350e+01 -1.252935e+01
1.051903e+15 2.403913e-28 2.528683e-13 1.502198e+01 -1.259711e+01
1.048225e+15 2.742264e-28 2.874510e-13 1.502045e+01 -1.254144e+01
1.044573e+15 3.035224e-28 3.170512e-13 1.501894e+01 -1.249887e+01
1.040946e+15 3.034279e-28 3.158520e-13 1.501743e+01 -1.250052e+01
1.037344e+15 3.193163e-28 3.312408e-13 1.501592e+01 -1.247986e+01
1.033767e+15 3.570287e-28 3.690845e-13 1.501442e+01 -1.243287e+01
1.030214e+15 3.722317e-28 3.834784e-13 1.501293e+01 -1.241626e+01
1.026686e+15 3.630045e-28 3.726917e-13 1.501144e+01 -1.242865e+01
1.023182e+15 3.638290e-28 3.722633e-13 1.500995e+01 -1.242915e+01
1.019702e+15 3.629617e-28 3.701128e-13 1.500847e+01 -1.243167e+01
1.016245e+15 3.664906e-28 3.724444e-13 1.500700e+01 -1.242894e+01
1.012812e+15 3.889588e-28 3.939422e-13 1.500553e+01 -1.240457e+01
1.009402e+15 3.665552e-28 3.700016e-13 1.500406e+01 -1.243180e+01
1.006015e+15 3.772140e-28 3.794829e-13 1.500260e+01 -1.242081e+01
1.002650e+15 3.810511e-28 3.820610e-13 1.500115e+01 -1.241787e+01
9.993080e+14 3.698495e-28 3.695936e-13 1.499970e+01 -1.243228e+01
9.959880e+14 3.800118e-28 3.784872e-13 1.499825e+01 -1.242195e+01
9.926901e+14 3.703723e-28 3.676649e-13 1.499681e+01 -1.243455e+01
9.894139e+14 4.253905e-28 4.208872e-13 1.499538e+01 -1.237583e+01
9.861592e+14 4.389641e-28 4.328885e-13 1.499395e+01 -1.236362e+01
9.829259e+14 4.477241e-28 4.400796e-13 1.499252e+01 -1.235647e+01
9.797137e+14 4.299942e-28 4.212712e-13 1.499110e+01 -1.237544e+01
9.765225e+14 4.485851e-28 4.380535e-13 1.498968e+01 -1.235847e+01
9.733519e+14 4.710732e-28 4.585200e-13 1.498827e+01 -1.233864e+01
9.702019e+14 4.479634e-28 4.346150e-13 1.498686e+01 -1.236190e+01
9.670723e+14 4.441069e-28 4.294834e-13 1.498546e+01 -1.236705e+01
9.639627e+14 5.122048e-28 4.937463e-13 1.498406e+01 -1.230650e+01
9.608731e+14 4.999185e-28 4.803582e-13 1.498267e+01 -1.231843e+01
9.578032e+14 5.145359e-28 4.928242e-13 1.498128e+01 -1.230731e+01
9.547529e+14 5.278746e-28 5.039898e-13 1.497989e+01 -1.229758e+01
9.517219e+14 5.225767e-28 4.973477e-13 1.497851e+01 -1.230334e+01
9.487101e+14 4.946512e-28 4.692806e-13 1.497713e+01 -1.232857e+01
9.457174e+14 5.531236e-28 5.230985e-13 1.497576e+01 -1.228142e+01
9.427434e+14 5.573547e-28 5.254425e-13 1.497439e+01 -1.227947e+01
9.397881e+14 5.260584e-28 4.943834e-13 1.497303e+01 -1.230594e+01
9.368512e+14 5.077501e-28 4.756863e-13 1.497167e+01 -1.232268e+01
9.339327e+14 5.596716e-28 5.226956e-13 1.497032e+01 -1.228175e+01
9.310323e+14 5.490787e-28 5.112100e-13 1.496896e+01 -1.229140e+01
9.281498e+14 5.125063e-28 4.756826e-13 1.496762e+01 -1.232268e+01
9.252852e+14 5.235790e-28 4.844599e-13 1.496628e+01 -1.231474e+01
9.224382e+14 6.057359e-28 5.587539e-13 1.496494e+01 -1.225278e+01
9.196086e+14 6.422115e-28 5.905832e-13 1.496360e+01 -1.222872e+01
9.167963e+14 6.682062e-28 6.126090e-13 1.496227e+01 -1.221282e+01
9.140012e+14 6.522034e-28 5.961147e-13 1.496095e+01 -1.222467e+01
9.112231e+14 7.076519e-28 6.448288e-13 1.495962e+01 -1.219056e+01
9.084618e+14 7.349438e-28 6.676684e-13 1.495831e+01 -1.217544e+01
9.057172e+14 6.772118e-28 6.133624e-13 1.495699e+01 -1.221228e+01
9.029892e+14 6.789034e-28 6.130424e-13 1.495568e+01 -1.221251e+01
9.002775e+14 6.708942e-28 6.039909e-13 1.495438e+01 -1.221897e+01
8.975820e+14 6.957675e-28 6.245084e-13 1.495307e+01 -1.220446e+01
8.949027e+14 7.151857e-28 6.400216e-13 1.495178e+01 -1.219381e+01
8.922393e+14 6.657829e-28 5.940377e-13 1.495048e+01 -1.222619e+01
8.895917e+14 6.433034e-28 5.722773e-13 1.494919e+01 -1.224239e+01
8.869598e+14 6.975667e-28 6.187136e-13 1.494790e+01 -1.220851e+01
8.843434e+14 7.309728e-28 6.464309e-13 1.494662e+01 -1.218948e+01
8.817424e+14 7.557632e-28 6.663884e-13 1.494534e+01 -1.217627e+01
8.791566e+14 7.500604e-28 6.594205e-13 1.494407e+01 -1.218084e+01
8.765860e+14 7.601408e-28 6.663288e-13 1.494279e+01 -1.217631e+01
8.740303e+14 7.711568e-28 6.740145e-13 1.494153e+01 -1.217133e+01
8.714895e+14 6.829367e-28 5.951722e-13 1.494026e+01 -1.222536e+01
8.689635e+14 7.126109e-28 6.192329e-13 1.493900e+01 -1.220815e+01
8.664520e+14 7.701846e-28 6.673280e-13 1.493774e+01 -1.217566e+01
8.639550e+14 7.317046e-28 6.321599e-13 1.493649e+01 -1.219917e+01
8.614724e+14 7.318151e-28 6.304385e-13 1.493524e+01 -1.220036e+01
8.590040e+14 7.398681e-28 6.355497e-13 1.493400e+01 -1.219685e+01
8.565497e+14 8.178123e-28 7.004969e-13 1.493275e+01 -1.215459e+01
8.541094e+14 8.461030e-28 7.226645e-13 1.493151e+01 -1.214106e+01
8.516830e+14 7.962261e-28 6.781322e-13 1.493028e+01 -1.216869e+01
8.492703e+14 8.270555e-28 7.023936e-13 1.492905e+01 -1.215342e+01
8.468712e+14 9.372365e-28 7.937186e-13 1.492782e+01 -1.210033e+01
8.444856e+14 9.193042e-28 7.763392e-13 1.492659e+01 -1.210995e+01
8.421135e+14 8.310271e-28 6.998191e-13 1.492537e+01 -1.215501e+01
8.397546e+14 7.417129e-28 6.228568e-13 1.492415e+01 -1.220561e+01
8.374089e+14 6.634827e-28 5.556063e-13 1.492294e+01 -1.225523e+01
8.350763e+14 7.594261e-28 6.341788e-13 1.492173e+01 -1.219779e+01
8.327567e+14 8.743295e-28 7.281037e-13 1.492052e+01 -1.213781e+01
8.304499e+14 8.349336e-28 6.933705e-13 1.491931e+01 -1.215903e+01
8.281558e+14 8.977408e-28 7.434693e-13 1.491811e+01 -1.212874e+01
8.258744e+14 9.436235e-28 7.793144e-13 1.491691e+01 -1.210829e+01
8.236055e+14 9.533295e-28 7.851674e-13 1.491572e+01 -1.210504e+01
8.213490e+14 1.043573e-27 8.571378e-13 1.491453e+01 -1.206695e+01
8.191049e+14 1.201056e-27 9.837909e-13 1.491334e+01 -1.200710e+01
8.168730e+14 1.155677e-27 9.440410e-13 1.491215e+01 -1.202501e+01
8.146533e+14 1.077224e-27 8.775644e-13 1.491097e+01 -1.205672e+01
8.124455e+14 1.115457e-27 9.062482e-13 1.490979e+01 -1.204275e+01
8.102497e+14 1.159039e-27 9.391109e-13 1.490862e+01 -1.202728e+01
8.080658e+14 1.078164e-27 8.712278e-13 1.490745e+01 -1.205987e+01
8.058935e+14 1.030272e-27 8.302896e-13 1.490628e+01 -1.208077e+01
8.037330e+14 8.944018e-28 7.188602e-13 1.490511e+01 -1.214336e+01
8.015840e+14 8.405012e-28 6.737323e-13 1.490395e+01 -1.217151e+01
7.994464e+14 9.265341e-28 7.407144e-13 1.490279e+01 -1.213035e+01
7.973202e+14 1.025454e-27 8.176149e-13 1.490163e+01 -1.208745e+01
7.952053e+14 1.178829e-27 9.374113e-13 1.490048e+01 -1.202807e+01
7.931016e+14 1.327899e-27 1.053158e-12 1.489933e+01 -1.197751e+01
7.910090e+14 1.169069e-27 9.247439e-13 1.489818e+01 -1.203398e+01
7.889274e+14 1.149324e-27 9.067333e-13 1.489704e+01 -1.204252e+01
7.868567e+14 1.121223e-27 8.822421e-13 1.489590e+01 -1.205441e+01
7.847969e+14 9.391460e-28 7.370388e-13 1.489476e+01 -1.213251e+01
7.827478e+14 7.960359e-28 6.230953e-13 1.489362e+01 -1.220545e+01
7.807094e+14 8.942760e-28 6.981697e-13 1.489249e+01 -1.215604e+01
7.786816e+14 1.030904e-27 8.027460e-13 1.489136e+01 -1.209542e+01
7.766642e+14 1.026507e-27 7.972516e-13 1.489023e+01 -1.209840e+01
7.746574e+14 1.034013e-27 8.010057e-13 1.488911e+01 -1.209636e+01
7.726608e+14 1.025851e-27 7.926349e-13 1.488799e+01 -1.210093e+01
7.706746e+14 1.161461e-27 8.951088e-13 1.488687e+01 -1.204812e+01
7.686985e+14 1.295475e-27 9.958300e-13 1.488576e+01 -1.200181e+01
7.667325e+14 1.413760e-27 1.083975e-12 1.488464e+01 -1.196498e+01
7.647765e+14 1.290531e-27 9.869676e-13 1.488353e+01 -1.200570e+01
7.628305e+14 9.509241e-28 7.253939e-13 1.488243e+01 -1.213943e+01
7.608944e+14 1.037865e-27 7.897055e-13 1.488132e+01 -1.210253e+01
7.589681e+14 1.420502e-27 1.078116e-12 1.488022e+01 -1.196733e+01
7.570515e+14 1.211627e-27 9.172640e-13 1.487913e+01 -1.203751e+01
7.551446e+14 1.077817e-27 8.139080e-13 1.487803e+01 -1.208942e+01
7.532472e+14 1.664269e-27 1.253606e-12 1.487694e+01 -1.190184e+01
7.513594e+14 2.051893e-27 1.541709e-12 1.487585e+01 -1.181200e+01
7.494810e+14 2.206968e-27 1.654080e-12 1.487476e+01 -1.178144e+01
7.476120e+14 2.331921e-27 1.743372e-12 1.487368e+01 -1.175861e+01
7.457522e+14 2.397274e-27 1.787773e-12 1.487259e+01 -1.174769e+01
7.439017e+14 2.336329e-27 1.737999e-12 1.487152e+01 -1.175995e+01
7.420604e+14 2.273896e-27 1.687368e-12 1.487044e+01 -1.177279e+01
7.402281e+14 2.321377e-27 1.718348e-12 1.486937e+01 -1.176489e+01
7.384049e+14 2.222490e-27 1.641097e-12 1.486829e+01 -1.178487e+01
7.365907e+14 2.246712e-27 1.654907e-12 1.486723e+01 -1.178123e+01
7.347853e+14 2.398700e-27 1.762529e-12 1.486616e+01 -1.175386e+01
7.329888e+14 2.541953e-27 1.863223e-12 1.486510e+01 -1.172974e+01
7.312010e+14 2.338269e-27 1.709745e-12 1.486404e+01 -1.176707e+01
7.294219e+14 2.417303e-27 1.763234e-12 1.486298e+01 -1.175369e+01
7.276515e+14 2.500730e-27 1.819660e-12 1.486192e+01 -1.174001e+01
7.258896e+14 2.463645e-27 1.788334e-12 1.486087e+01 -1.174755e+01
7.241362e+14 2.335054e-27 1.690897e-12 1.485982e+01 -1.177188e+01
7.223913e+14 2.335067e-27 1.686832e-12 1.485877e+01 -1.177293e+01
7.206548e+14 2.451288e-27 1.766532e-12 1.485773e+01 -1.175288e+01
7.189266e+14 2.361003e-27 1.697388e-12 1.485668e+01 -1.177022e+01
7.172067e+14 2.373188e-27 1.702066e-12 1.485564e+01 -1.176902e+01
7.154950e+14 2.467179e-27 1.765254e-12 1.485461e+01 -1.175319e+01
7.137914e+14 2.439601e-27 1.741366e-12 1.485357e+01 -1.175911e+01
7.120960e+14 2.613759e-27 1.861247e-12 1.485254e+01 -1.173020e+01
7.104085e+14 2.442586e-27 1.735234e-12 1.485151e+01 -1.176064e+01
7.087291e+14 2.398616e-27 1.699969e-12 1.485048e+01 -1.176956e+01
7.070575e+14 2.697806e-27 1.907504e-12 1.484945e+01 -1.171953e+01
7.053939e+14 2.667168e-27 1.881404e-12 1.484843e+01 -1.172552e+01
7.037380e+14 2.693821e-27 1.895744e-12 1.484741e+01 -1.172222e+01
7.020899e+14 2.633060e-27 1.848645e-12 1.484639e+01 -1.173315e+01
7.004495e+14 2.640519e-27 1.849550e-12 1.484538e+01 -1.173293e+01
6.988168e+14 2.500629e-27 1.747482e-12 1.484436e+01 -1.175759e+01
6.971916e+14 2.287131e-27 1.594569e-12 1.484335e+01 -1.179736e+01
6.955740e+14 2.553291e-27 1.776003e-12 1.484234e+01 -1.175056e+01
6.939639e+14 2.992074e-27 2.076392e-12 1.484134e+01 -1.168269e+01
6.923612e+14 3.005943e-27 2.081198e-12 1.484033e+01 -1.168169e+01
6.907659e+14 3.177483e-27 2.194897e-12 1.483933e+01 -1.165859e+01
6.891779e+14 3.309656e-27 2.280942e-12 1.483833e+01 -1.164189e+01
6.875972e+14 3.492749e-27 2.401605e-12 1.483733e+01 -1.161950e+01
6.860238e+14 3.380928e-27 2.319397e-12 1.483634e+01 -1.163462e+01
6.844575e+14 3.032018e-27 2.075288e-12 1.483535e+01 -1.168292e+01
6.828984e+14 3.097773e-27 2.115464e-12 1.483436e+01 -1.167459e+01
6.813464e+14 3.231663e-27 2.201882e-12 1.483337e+01 -1.165721e+01
6.798014e+14 3.371393e-27 2.291877e-12 1.483238e+01 -1.163981e+01
6.782633e+14 3.655418e-27 2.479336e-12 1.483140e+01 -1.160566e+01
6.767323e+14 3.540580e-27 2.396025e-12 1.483042e+01 -1.162051e+01
6.752081e+14 3.636925e-27 2.455681e-12 1.482944e+01 -1.160983e+01
6.736908e+14 3.696080e-27 2.490015e-12 1.482846e+01 -1.160380e+01
6.721803e+14 3.461303e-27 2.326620e-12 1.482749e+01 -1.163327e+01
6.706765e+14 3.881577e-27 2.603283e-12 1.482651e+01 -1.158448e+01
6.691795e+14 4.120496e-27 2.757351e-12 1.482554e+01 -1.155951e+01
6.676891e+14 4.160919e-27 2.778200e-12 1.482457e+01 -1.155624e+01
6.662053e+14 4.240879e-27 2.825296e-12 1.482361e+01 -1.154894e+01
6.647282e+14 4.373730e-27 2.907341e-12 1.482264e+01 -1.153650e+01
6.632575e+14 4.059597e-27 2.692558e-12 1.482168e+01 -1.156983e+01
6.617934e+14 3.836639e-27 2.539062e-12 1.482072e+01 -1.159533e+01
6.603357e+14 4.143603e-27 2.736169e-12 1.481976e+01 -1.156286e+01
6.588844e+14 4.234197e-27 2.789846e-12 1.481881e+01 -1.155442e+01
6.574395e+14 4.439467e-27 2.918681e-12 1.481786e+01 -1.153481e+01
6.560009e+14 4.368271e-27 2.865589e-12 1.481690e+01 -1.154279e+01
6.545686e+14 4.402166e-27 2.881519e-12 1.481596e+01 -1.154038e+01
6.531425e+14 4.285461e-27 2.799017e-12 1.481501e+01 -1.155299e+01
6.517226e+14 4.404765e-27 2.870685e-12 1.481406e+01 -1.154201e+01
6.503089e+14 4.671401e-27 3.037853e-12 1.481312e+01 -1.151743e+01
6.489013e+14 4.792140e-27 3.109626e-12 1.481218e+01 -1.150729e+01
6.474998e+14 4.669899e-27 3.023758e-12 1.481124e+01 -1.151945e+01
6.461043e+14 4.463422e-27 2.883836e-12 1.481030e+01 -1.154003e+01
6.447148e+14 4.466946e-27 2.879906e-12 1.480937e+01 -1.154062e+01
6.433313e+14 4.588904e-27 2.952186e-12 1.480843e+01 -1.152986e+01
6.419537e+14 4.470536e-27 2.869877e-12 1.480750e+01 -1.154214e+01
6.405821e+14 4.648569e-27 2.977790e-12 1.480657e+01 -1.152611e+01
6.392162e+14 4.665254e-27 2.982106e-12 1.480565e+01 -1.152548e+01
6.378562e+14 4.583353e-27 2.923520e-12 1.480472e+01 -1.153409e+01
6.365019e+14 4.594267e-27 2.924260e-12 1.480380e+01 -1.153398e+01
6.351534e+14 4.846188e-27 3.078073e-12 1.480288e+01 -1.151172e+01
6.338106e+14 4.819527e-27 3.054667e-12 1.480196e+01 -1.151504e+01
6.324734e+14 5.018154e-27 3.173849e-12 1.480104e+01 -1.149841e+01
6.311419e+14 5.108862e-27 3.224417e-12 1.480013e+01 -1.149155e+01
6.298160e+14 4.899544e-27 3.085811e-12 1.479921e+01 -1.151063e+01
6.284956e+14 4.897522e-27 3.078071e-12 1.479830e+01 -1.151172e+01
6.271808e+14 5.070503e-27 3.180122e-12 1.479739e+01 -1.149756e+01
6.258714e+14 5.138495e-27 3.216037e-12 1.479649e+01 -1.149268e+01
6.245675e+14 5.273993e-27 3.293965e-12 1.479558e+01 -1.148228e+01
6.232690e+14 5.183740e-27 3.230865e-12 1.479468e+01 -1.149068e+01
6.219759e+14 5.281401e-27 3.284904e-12 1.479377e+01 -1.148348e+01
6.206882e+14 5.294849e-27 3.286450e-12 1.479287e+01 -1.148327e+01
6.194058e+14 5.208824e-27 3.226376e-12 1.479198e+01 -1.149129e+01
6.181287e+14 5.011250e-27 3.097597e-12 1.479108e+01 -1.150898e+01
6.168568e+14 4.730547e-27 2.918070e-12 1.479018e+01 -1.153490e+01
6.155901e+14 4.982473e-27 3.067161e-12 1.478929e+01 -1.151326e+01
6.143287e+14 5.049750e-27 3.102206e-12 1.478840e+01 -1.150833e+01
6.130724e+14 5.130795e-27 3.145549e-12 1.478751e+01 -1.150230e+01
6.118212e+14 5.445358e-27 3.331586e-12 1.478662e+01 -1.147735e+01
6.105752e+14 5.289817e-27 3.229831e-12 1.478574e+01 -1.149082e+01
6.093341e+14 5.226827e-27 3.184884e-12 1.478486e+01 -1.149691e+01
6.080982e+14 5.400804e-27 3.284219e-12 1.478397e+01 -1.148357e+01
6.068672e+14 5.542321e-27 3.363453e-12 1.478309e+01 -1.147321e+01
6.056412e+14 5.599852e-27 3.391501e-12 1.478222e+01 -1.146961e+01
6.044202e+14 5.286499e-27 3.195267e-12 1.478134e+01 -1.149549e+01
6.032040e+14 5.364762e-27 3.236046e-12 1.478046e+01 -1.148999e+01
6.019928e+14 5.398405e-27 3.249801e-12 1.477959e+01 -1.148814e+01
6.007864e+14 5.200839e-27 3.124593e-12 1.477872e+01 -1.150521e+01
5.995848e+14 5.184710e-27 3.108673e-12 1.477785e+01 -1.150742e+01
5.983880e+14 4.857180e-27 2.906478e-12 1.477698e+01 -1.153663e+01
5.971960e+14 5.070992e-27 3.028376e-12 1.477612e+01 -1.151879e+01
5.960087e+14 5.352068e-27 3.189879e-12 1.477525e+01 -1.149623e+01
5.948262e+14 5.245197e-27 3.119981e-12 1.477439e+01 -1.150585e+01
5.936483e+14 5.361306e-27 3.182730e-12 1.477353e+01 -1.149720e+01
5.924751e+14 5.732246e-27 3.396213e-12 1.477267e+01 -1.146901e+01
5.913065e+14 5.413209e-27 3.200866e-12 1.477181e+01 -1.149473e+01
5.901425e+14 5.248027e-27 3.097084e-12 1.477096e+01 -1.150905e+01
5.889831e+14 5.330930e-27 3.139828e-12 1.477010e+01 -1.150309e+01
5.878282e+14 5.281228e-27 3.104455e-12 1.476925e+01 -1.150801e+01
5.866779e+14 5.483125e-27 3.216828e-12 1.476840e+01 -1.149257e+01
5.855320e+14 5.440378e-27 3.185516e-12 1.476755e+01 -1.149682e+01
5.843906e+14 5.305238e-27 3.100332e-12 1.476670e+01 -1.150859e+01
5.832537e+14 5.356064e-27 3.123944e-12 1.476586e+01 -1.150530e+01
5.821212e+14 5.207710e-27 3.031518e-12 1.476501e+01 -1.151834e+01
5.809930e+14 5.085209e-27 2.954471e-12 1.476417e+01 -1.152952e+01
5.798692e+14 4.759983e-27 2.760168e-12 1.476333e+01 -1.155906e+01
5.787498e+14 4.721785e-27 2.732732e-12 1.476249e+01 -1.156340e+01
5.776347e+14 5.124908e-27 2.960325e-12 1.476165e+01 -1.152866e+01
5.765238e+14 5.343431e-27 3.080616e-12 1.476082e+01 -1.151136e+01
5.754173e+14 5.406804e-27 3.111168e-12 1.475998e+01 -1.150708e+01
5.743149e+14 5.735612e-27 3.294047e-12 1.475915e+01 -1.148227e+01
5.732168e+14 5.786804e-27 3.317094e-12 1.475832e+01 -1.147924e+01
5.721229e+14 6.132007e-27 3.508262e-12 1.475749e+01 -1.145491e+01
5.710331e+14 5.924756e-27 3.383232e-12 1.475666e+01 -1.147067e+01
5.699475e+14 5.854054e-27 3.336503e-12 1.475583e+01 -1.147671e+01
5.688660e+14 5.412129e-27 3.078776e-12 1.475501e+01 -1.151162e+01
5.677886e+14 6.246272e-27 3.546562e-12 1.475419e+01 -1.145019e+01
5.667153e+14 6.399617e-27 3.626761e-12 1.475336e+01 -1.144048e+01
5.656460e+14 6.589422e-27 3.727281e-12 1.475254e+01 -1.142861e+01
5.645808e+14 6.809252e-27 3.844373e-12 1.475173e+01 -1.141517e+01
5.635195e+14 6.364615e-27 3.586585e-12 1.475091e+01 -1.144532e+01
5.624623e+14 6.101872e-27 3.432073e-12 1.475009e+01 -1.146444e+01
5.614090e+14 6.408409e-27 3.597738e-12 1.474928e+01 -1.144397e+01
5.603596e+14 6.621989e-27 3.710695e-12 1.474847e+01 -1.143054e+01
5.593142e+14 6.936697e-27 3.879793e-12 1.474766e+01 -1.141119e+01
5.582726e+14 6.489710e-27 3.623027e-12 1.474685e+01 -1.144093e+01
5.572349e+14 6.768083e-27 3.771412e-12 1.474604e+01 -1.142350e+01
5.562011e+14 6.626941e-27 3.685912e-12 1.474523e+01 -1.143346e+01
5.551711e+14 6.330400e-27 3.514455e-12 1.474443e+01 -1.145414e+01
5.541449e+14 6.478119e-27 3.589817e-12 1.474362e+01 -1.144493e+01
5.531225e+14 6.802110e-27 3.762400e-12 1.474282e+01 -1.142454e+01
5.521039e+14 6.739255e-27 3.720769e-12 1.474202e+01 -1.142937e+01
5.510890e+14 6.933526e-27 3.820990e-12 1.474122e+01 -1.141782e+01
5.500778e+14 6.791873e-27 3.736059e-12 1.474042e+01 -1.142759e+01
5.490703e+14 6.774875e-27 3.719883e-12 1.473963e+01 -1.142947e+01
5.480665e+14 6.752534e-27 3.700838e-12 1.473883e+01 -1.143170e+01
5.470664e+14 6.667971e-27 3.647823e-12 1.473804e+01 -1.143797e+01
5.460699e+14 6.927763e-27 3.783043e-12 1.473725e+01 -1.142216e+01
5.450771e+14 6.980909e-27 3.805134e-12 1.473646e+01 -1.141963e+01
5.440878e+14 6.789787e-27 3.694240e-12 1.473567e+01 -1.143247e+01
5.431022e+14 7.144127e-27 3.879991e-12 1.473488e+01 -1.141117e+01
5.421201e+14 7.131458e-27 3.866107e-12 1.473410e+01 -1.141273e+01
5.411415e+14 7.328518e-27 3.965765e-12 1.473331e+01 -1.140167e+01
5.401665e+14 7.328845e-27 3.958797e-12 1.473253e+01 -1.140244e+01
5.391950e+14 7.322283e-27 3.948138e-12 1.473175e+01 -1.140361e+01
5.382269e+14 7.131889e-27 3.838575e-12 1.473097e+01 -1.141583e+01
5.372624e+14 7.208127e-27 3.872656e-12 1.473019e+01 -1.141199e+01
5.363013e+14 6.944414e-27 3.724298e-12 1.472941e+01 -1.142896e+01
5.353436e+14 7.023296e-27 3.759876e-12 1.472863e+01 -1.142483e+01
5.343893e+14 7.265229e-27 3.882460e-12 1.472786e+01 -1.141089e+01
5.334384e+14 7.357812e-27 3.924940e-12 1.472708e+01 -1.140617e+01
5.324909e+14 7.279445e-27 3.876239e-12 1.472631e+01 -1.141159e+01
5.315468e+14 7.383266e-27 3.924551e-12 1.472554e+01 -1.140621e+01
5.306060e+14 7.597650e-27 4.031359e-12 1.472477e+01 -1.139455e+01
5.296686e+14 7.471471e-27 3.957403e-12 1.472400e+01 -1.140259e+01
5.287344e+14 7.470599e-27 3.949963e-12 1.472324e+01 -1.140341e+01
5.278035e+14 7.702027e-27 4.065157e-12 1.472247e+01 -1.139092e+01
5.268759e+14 7.828917e-27 4.124868e-12 1.472171e+01 -1.138459e+01
5.259516e+14 7.742175e-27 4.072009e-12 1.472095e+01 -1.139019e+01
5.250305e+14 7.583494e-27 3.981566e-12 1.472018e+01 -1.139995e+01
5.241126e+14 7.847399e-27 4.112920e-12 1.471942e+01 -1.138585e+01
5.231979e+14 8.076372e-27 4.225541e-12 1.471867e+01 -1.137412e+01
5.222864e+14 8.136557e-27 4.249613e-12 1.471791e+01 -1.137165e+01
5.213781e+14 8.148891e-27 4.248653e-12 1.471715e+01 -1.137175e+01
5.204729e+14 8.048484e-27 4.189018e-12 1.471640e+01 -1.137789e+01
5.195709e+14 8.036880e-27 4.175729e-12 1.471564e+01 -1.137927e+01
5.186720e+14 7.942384e-27 4.119492e-12 1.471489e+01 -1.138516e+01
5.177762e+14 8.088625e-27 4.188097e-12 1.471414e+01 -1.137798e+01
5.168834e+14 8.291227e-27 4.285598e-12 1.471339e+01 -1.136799e+01
5.159938e+14 8.213388e-27 4.238057e-12 1.471264e+01 -1.137283e+01
5.151072e+14 8.414243e-27 4.334237e-12 1.471190e+01 -1.136309e+01
5.142237e+14 8.484409e-27 4.362884e-12 1.471115e+01 -1.136023e+01
5.133432e+14 8.389436e-27 4.306660e-12 1.471041e+01 -1.136586e+01
5.124656e+14 8.434796e-27 4.322543e-12 1.470966e+01 -1.136426e+01
5.115911e+14 8.144604e-27 4.166707e-12 1.470892e+01 -1.138021e+01
5.107196e+14 7.983516e-27 4.077338e-12 1.470818e+01 -1.138962e+01
5.098510e+14 7.744861e-27 3.948726e-12 1.470744e+01 -1.140354e+01
5.089854e+14 7.829296e-27 3.984998e-12 1.470671e+01 -1.139957e+01
5.081227e+14 7.723326e-27 3.924397e-12 1.470597e+01 -1.140623e+01
5.072629e+14 7.892725e-27 4.003687e-12 1.470523e+01 -1.139754e+01
5.064061e+14 8.221272e-27 4.163302e-12 1.470450e+01 -1.138056e+01
5.055521e+14 8.199593e-27 4.145321e-12 1.470377e+01 -1.138244e+01
5.047010e+14 8.429272e-27 4.254262e-12 1.470303e+01 -1.137118e+01
5.038528e+14 8.340877e-27 4.202574e-12 1.470230e+01 -1.137648e+01
5.030074e+14 8.462864e-27 4.256883e-12 1.470157e+01 -1.137091e+01
5.021648e+14 8.470536e-27 4.253605e-12 1.470085e+01 -1.137124e+01
5.013251e+14 8.609110e-27 4.315963e-12 1.470012e+01 -1.136492e+01
5.004881e+14 8.600499e-27 4.304448e-12 1.469939e+01 -1.136608e+01
4.996540e+14 8.543655e-27 4.268871e-12 1.469867e+01 -1.136969e+01
4.988226e+14 8.532727e-27 4.256317e-12 1.469795e+01 -1.137097e+01
4.979940e+14 8.744008e-27 4.354464e-12 1.469722e+01 -1.136107e+01
4.971682e+14 8.783667e-27 4.366960e-12 1.469650e+01 -1.135982e+01
4.963450e+14 8.849995e-27 4.392651e-12 1.469578e+01 -1.135727e+01
4.955246e+14 8.968117e-27 4.443923e-12 1.469507e+01 -1.135223e+01
4.947069e+14 8.953244e-27 4.429232e-12 1.469435e+01 -1.135367e+01
4.938919e+14 9.099013e-27 4.493929e-12 1.469363e+01 -1.134737e+01
4.930796e+14 9.093148e-27 4.483646e-12 1.469292e+01 -1.134837e+01
4.922700e+14 9.024116e-27 4.442301e-12 1.469220e+01 -1.135239e+01
4.914630e+14 8.994200e-27 4.420316e-12 1.469149e+01 -1.135455e+01
4.906586e+14 9.074428e-27 4.452446e-12 1.469078e+01 -1.135140e+01
4.898569e+14 8.994216e-27 4.405878e-12 1.469007e+01 -1.135597e+01
4.890577e+14 9.004490e-27 4.403715e-12 1.468936e+01 -1.135618e+01
4.882612e+14 8.988165e-27 4.388572e-12 1.468865e+01 -1.135768e+01
4.874673e+14 8.950486e-27 4.363070e-12 1.468795e+01 -1.136021e+01
4.866760e+14 8.693337e-27 4.230838e-12 1.468724e+01 -1.137357e+01
4.858872e+14 8.625541e-27 4.191040e-12 1.468654e+01 -1.137768e+01
4.851010e+14 8.638699e-27 4.190641e-12 1.468583e+01 -1.137772e+01
4.843173e+14 8.661102e-27 4.194721e-12 1.468513e+01 -1.137730e+01
4.835361e+14 8.855095e-27 4.281758e-12 1.468443e+01 -1.136838e+01
4.827575e+14 8.791066e-27 4.243953e-12 1.468373e+01 -1.137223e+01
4.819814e+14 8.571629e-27 4.131365e-12 1.468303e+01 -1.138391e+01
4.812077e+14 8.555901e-27 4.117165e-12 1.468233e+01 -1.138540e+01
4.804365e+14 8.583390e-27 4.123774e-12 1.468164e+01 -1.138471e+01
4.796678e+14 8.633665e-27 4.141292e-12 1.468094e+01 -1.138286e+01
4.789016e+14 8.575757e-27 4.106944e-12 1.468025e+01 -1.138648e+01
4.781378e+14 8.823479e-27 4.218839e-12 1.467955e+01 -1.137481e+01
4.773764e+14 8.962627e-27 4.278547e-12 1.467886e+01 -1.136870e+01
4.766175e+14 9.056457e-27 4.316466e-12 1.467817e+01 -1.136487e+01
4.758610e+14 9.180597e-27 4.368688e-12 1.467748e+01 -1.135965e+01
4.751068e+14 9.267718e-27 4.403156e-12 1.467679e+01 -1.135624e+01
4.743551e+14 9.259327e-27 4.392209e-12 1.467610e+01 -1.135732e+01
4.736057e+14 9.317813e-27 4.412969e-12 1.467542e+01 -1.135527e+01
4.728587e+14 9.361903e-27 4.426857e-12 1.467473e+01 -1.135390e+01
4.721140e+14 9.456996e-27 4.464781e-12 1.467405e+01 -1.135020e+01
4.713717e+14 9.572175e-27 4.512052e-12 1.467336e+01 -1.134563e+01
4.706317e+14 9.644627e-27 4.539067e-12 1.467268e+01 -1.134303e+01
4.698940e+14 9.801324e-27 4.605584e-12 1.467200e+01 -1.133672e+01
4.691587e+14 9.668635e-27 4.536124e-12 1.467132e+01 -1.134332e+01
4.684256e+14 9.765494e-27 4.574408e-12 1.467064e+01 -1.133967e+01
4.676949e+14 9.823944e-27 4.594608e-12 1.466996e+01 -1.133775e+01
4.669664e+14 9.798628e-27 4.575630e-12 1.466929e+01 -1.133955e+01
4.662401e+14 9.886347e-27 4.609411e-12 1.466861e+01 -1.133635e+01
4.655161e+14 1.002377e-26 4.666226e-12 1.466793e+01 -1.133103e+01
4.647944e+14 1.001253e-26 4.653770e-12 1.466726e+01 -1.133220e+01
4.640749e+14 1.005373e-26 4.665683e-12 1.466659e+01 -1.133108e+01
4.633577e+14 1.011331e-26 4.686081e-12 1.466592e+01 -1.132919e+01
4.626426e+14 1.014256e-26 4.692381e-12 1.466525e+01 -1.132861e+01
4.619297e+14 9.997121e-27 4.617968e-12 1.466458e+01 -1.133555e+01
4.612191e+14 1.006998e-26 4.644465e-12 1.466391e+01 -1.133306e+01
4.605106e+14 1.035287e-26 4.767604e-12 1.466324e+01 -1.132170e+01
4.598043e+14 1.041563e-26 4.789153e-12 1.466257e+01 -1.131974e+01
4.591002e+14 1.055105e-26 4.843988e-12 1.466191e+01 -1.131480e+01
4.583982e+14 1.052113e-26 4.822869e-12 1.466124e+01 -1.131669e+01
4.576983e+14 1.033581e-26 4.730685e-12 1.466058e+01 -1.132508e+01
4.570006e+14 9.998887e-27 4.569497e-12 1.465992e+01 -1.134013e+01
4.563050e+14 1.017495e-26 4.642879e-12 1.465926e+01 -1.133321e+01
4.556116e+14 1.030782e-26 4.696363e-12 1.465859e+01 -1.132824e+01
4.549202e+14 1.027070e-26 4.672349e-12 1.465794e+01 -1.133046e+01
4.542309e+14 1.043081e-26 4.737998e-12 1.465728e+01 -1.132441e+01
4.535437e+14 1.050908e-26 4.766328e-12 1.465662e+01 -1.132182e+01
4.528586e+14 1.039738e-26 4.708544e-12 1.465596e+01 -1.132711e+01
4.521756e+14 1.022515e-26 4.623561e-12 1.465531e+01 -1.133502e+01
4.514946e+14 1.046779e-26 4.726149e-12 1.465465e+01 -1.132549e+01
4.508156e+14 1.030838e-26 4.647181e-12 1.465400e+01 -1.133281e+01
4.501387e+14 1.028561e-26 4.629951e-12 1.465335e+01 -1.133442e+01
4.494639e+14 1.025932e-26 4.611194e-12 1.465269e+01 -1.133619e+01
4.487910e+14 1.019160e-26 4.573899e-12 1.465204e+01 -1.133971e+01
4.481202e+14 1.035677e-26 4.641076e-12 1.465139e+01 -1.133338e+01
4.474513e+14 1.027450e-26 4.597338e-12 1.465075e+01 -1.133749e+01
4.467845e+14 1.029427e-26 4.599320e-12 1.465010e+01 -1.133731e+01
4.461196e+14 1.023405e-26 4.565611e-12 1.464945e+01 -1.134050e+01
4.454568e+14 1.035683e-26 4.613518e-12 1.464881e+01 -1.133597e+01
4.447958e+14 1.036338e-26 4.609590e-12 1.464816e+01 -1.133634e+01
4.441369e+14 1.040742e-26 4.622320e-12 1.464752e+01 -1.133514e+01
4.434799e+14 1.042941e-26 4.625234e-12 1.464687e+01 -1.133487e+01
4.428248e+14 1.065042e-26 4.716269e-12 1.464623e+01 -1.132640e+01
4.421717e+14 1.063284e-26 4.701540e-12 1.464559e+01 -1.132776e+01
4.415205e+14 1.052890e-26 4.648724e-12 1.464495e+01 -1.133267e+01
4.408712e+14 1.055993e-26 4.655570e-12 1.464431e+01 -1.133203e+01
4.402238e+14 1.068327e-26 4.703028e-12 1.464367e+01 -1.132762e+01
4.395783e+14 1.083878e-26 4.764493e-12 1.464304e+01 -1.132198e+01
4.389347e+14 1.079364e-26 4.737702e-12 1.464240e+01 -1.132443e+01
4.382930e+14 1.098757e-26 4.815774e-12 1.464176e+01 -1.131733e+01
4.376531e+14 1.085922e-26 4.752572e-12 1.464113e+01 -1.132307e+01
4.370152e+14 1.058728e-26 4.626802e-12 1.464050e+01 -1.133472e+01
4.363790e+14 1.075098e-26 4.691504e-12 1.463986e+01 -1.132869e+01
4.357448e+14 1.083283e-26 4.720348e-12 1.463923e+01 -1.132603e+01
4.351123e+14 1.084592e-26 4.719192e-12 1.463860e+01 -1.132613e+01
4.344817e+14 1.112920e-26 4.835436e-12 1.463797e+01 -1.131556e+01
4.338530e+14 1.097152e-26 4.760028e-12 1.463734e+01 -1.132239e+01
4.332260e+14 1.100911e-26 4.769433e-12 1.463671e+01 -1.132153e+01
4.326009e+14 1.113532e-26 4.817148e-12 1.463609e+01 -1.131721e+01
4.319775e+14 1.123758e-26 4.854382e-12 1.463546e+01 -1.131387e+01
4.313560e+14 1.122546e-26 4.842170e-12 1.463484e+01 -1.131496e+01
4.307362e+14 1.136473e-26 4.895199e-12 1.463421e+01 -1.131023e+01
4.301182e+14 1.132552e-26 4.871312e-12 1.463359e+01 -1.131235e+01
4.295020e+14 1.114412e-26 4.786420e-12 1.463297e+01 -1.131999e+01
4.288876e+14 1.114762e-26 4.781077e-12 1.463234e+01 -1.132047e+01
4.282749e+14 1.143035e-26 4.895333e-12 1.463172e+01 -1.131022e+01
4.276639e+14 1.145231e-26 4.897738e-12 1.463110e+01 -1.131000e+01
4.270547e+14 1.137263e-26 4.856734e-12 1.463048e+01 -1.131366e+01
4.264472e+14 1.173954e-26 5.006295e-12 1.462987e+01 -1.130048e+01
4.258415e+14 1.177898e-26 5.015977e-12 1.462925e+01 -1.129964e+01
4.252374e+14 1.190772e-26 5.063606e-12 1.462863e+01 -1.129554e+01
4.246351e+14 1.138531e-26 4.834604e-12 1.462802e+01 -1.131564e+01
4.240345e+14 1.135817e-26 4.816257e-12 1.462740e+01 -1.131729e+01
4.234356e+14 1.160921e-26 4.915752e-12 1.462679e+01 -1.130841e+01
4.228384e+14 1.124571e-26 4.755116e-12 1.462617e+01 -1.132284e+01
4.222428e+14 1.120897e-26 4.732907e-12 1.462556e+01 -1.132487e+01
4.216489e+14 1.134848e-26 4.785076e-12 1.462495e+01 -1.132011e+01
4.210567e+14 1.132386e-26 4.767987e-12 1.462434e+01 -1.132166e+01
4.204662e+14 1.092405e-26 4.593196e-12 1.462373e+01 -1.133789e+01
4.198773e+14 1.070985e-26 4.496824e-12 1.462312e+01 -1.134709e+01
4.192901e+14 1.094698e-26 4.589960e-12 1.462251e+01 -1.133819e+01
4.187045e+14 1.141538e-26 4.779673e-12 1.462191e+01 -1.132060e+01
4.181205e+14 1.128143e-26 4.716996e-12 1.462130e+01 -1.132633e+01
4.175382e+14 1.129291e-26 4.715220e-12 1.462070e+01 -1.132650e+01
4.169574e+14 1.112875e-26 4.640215e-12 1.462009e+01 -1.133346e+01
4.163783e+14 1.112954e-26 4.634101e-12 1.461949e+01 -1.133403e+01
4.158008e+14 1.113652e-26 4.630575e-12 1.461889e+01 -1.133437e+01
4.152249e+14 1.146967e-26 4.762492e-12 1.461828e+01 -1.132217e+01
4.146506e+14 1.152555e-26 4.779078e-12 1.461768e+01 -1.132066e+01
4.140779e+14 1.163503e-26 4.817807e-12 1.461708e+01 -1.131715e+01
4.135068e+14 1.133184e-26 4.685791e-12 1.461648e+01 -1.132922e+01
4.129372e+14 1.153190e-26 4.761949e-12 1.461588e+01 -1.132222e+01
4.123692e+14 1.177268e-26 4.854689e-12 1.461529e+01 -1.131384e+01
4.118027e+14 1.162509e-26 4.787245e-12 1.461469e+01 -1.131991e+01
4.112379e+14 1.184656e-26 4.871756e-12 1.461409e+01 -1.131231e+01
4.106745e+14 1.186875e-26 4.874192e-12 1.461350e+01 -1.131210e+01
4.101127e+14 1.217999e-26 4.995168e-12 1.461290e+01 -1.130145e+01
4.095525e+14 1.210155e-26 4.956219e-12 1.461231e+01 -1.130485e+01
4.089937e+14 1.231190e-26 5.035489e-12 1.461172e+01 -1.129796e+01
4.084365e+14 1.230631e-26 5.026345e-12 1.461112e+01 -1.129875e+01
4.078808e+14 1.212887e-26 4.947132e-12 1.461053e+01 -1.130565e+01
4.073266e+14 1.220132e-26 4.969921e-12 1.460994e+01 -1.130365e+01
4.067739e+14 1.233727e-26 5.018481e-12 1.460935e+01 -1.129943e+01
4.062228e+14 1.265748e-26 5.141758e-12 1.460876e+01 -1.128889e+01
4.056731e+14 1.259642e-26 5.110029e-12 1.460818e+01 -1.129158e+01
4.051249e+14 1.271290e-26 5.150310e-12 1.460759e+01 -1.128817e+01
4.045781e+14 1.283253e-26 5.191760e-12 1.460700e+01 -1.128469e+01
4.040329e+14 1.330927e-26 5.377383e-12 1.460642e+01 -1.126943e+01
4.034891e+14 1.310679e-26 5.288447e-12 1.460583e+01 -1.127667e+01
4.029468e+14 1.295544e-26 5.220354e-12 1.460525e+01 -1.128230e+01
4.024059e+14 1.310070e-26 5.271799e-12 1.460466e+01 -1.127804e+01
4.018665e+14 1.288884e-26 5.179591e-12 1.460408e+01 -1.128570e+01
4.013285e+14 1.330785e-26 5.340821e-12 1.460350e+01 -1.127239e+01
4.007920e+14 1.353489e-26 5.424674e-12 1.460292e+01 -1.126563e+01
4.002569e+14 1.332069e-26 5.331698e-12 1.460234e+01 -1.127313e+01
3.997232e+14 1.333991e-26 5.332271e-12 1.460176e+01 -1.127309e+01
3.991909e+14 1.375039e-26 5.489032e-12 1.460118e+01 -1.126050e+01
3.986601e+14 1.373216e-26 5.474465e-12 1.460060e+01 -1.126166e+01
3.981307e+14 1.347435e-26 5.364553e-12 1.460003e+01 -1.127047e+01
3.976027e+14 1.387426e-26 5.516442e-12 1.459945e+01 -1.125834e+01
3.970760e+14 1.398023e-26 5.551213e-12 1.459887e+01 -1.125561e+01
3.965508e+14 1.405888e-26 5.575059e-12 1.459830e+01 -1.125375e+01
3.960269e+14 1.389174e-26 5.501505e-12 1.459772e+01 -1.125952e+01
3.955045e+14 1.325386e-26 5.241961e-12 1.459715e+01 -1.128051e+01
3.949834e+14 1.267395e-26 5.006001e-12 1.459658e+01 -1.130051e+01
3.944637e+14 1.205302e-26 4.754477e-12 1.459601e+01 -1.132290e+01
3.939453e+14 1.245564e-26 4.906843e-12 1.459544e+01 -1.130920e+01
3.934283e+14 1.338284e-26 5.265190e-12 1.459487e+01 -1.127859e+01
3.929127e+14 1.298160e-26 5.100636e-12 1.459430e+01 -1.129238e+01
3.923984e+14 1.303264e-26 5.113988e-12 1.459373e+01 -1.129124e+01
3.918855e+14 1.328399e-26 5.205804e-12 1.459316e+01 -1.128351e+01
3.913739e+14 1.291450e-26 5.054398e-12 1.459259e+01 -1.129633e+01
3.908636e+14 1.295966e-26 5.065459e-12 1.459203e+01 -1.129538e+01
3.903547e+14 1.274021e-26 4.973202e-12 1.459146e+01 -1.130336e+01
3.898471e+14 1.274903e-26 4.970170e-12 1.459089e+01 -1.130363e+01
3.893408e+14 1.284837e-26 5.002393e-12 1.459033e+01 -1.130082e+01
3.888358e+14 1.299857e-26 5.054308e-12 1.458977e+01 -1.129634e+01
3.883321e+14 1.317255e-26 5.115323e-12 1.458920e+01 -1.129113e+01
3.878298e+14 1.336759e-26 5.184351e-12 1.458864e+01 -1.128531e+01
3.873287e+14 1.360276e-26 5.268737e-12 1.458808e+01 -1.127829e+01
3.868289e+14 1.330281e-26 5.145911e-12 1.458752e+01 -1.128854e+01
3.863304e+14 1.350953e-26 5.219144e-12 1.458696e+01 -1.128240e+01
3.858332e+14 1.370548e-26 5.288029e-12 1.458640e+01 -1.127671e+01
3.853373e+14 1.335314e-26 5.145461e-12 1.458584e+01 -1.128858e+01
3.848426e+14 1.377760e-26 5.302207e-12 1.458528e+01 -1.127554e+01
3.843492e+14 1.381594e-26 5.310148e-12 1.458473e+01 -1.127489e+01
3.838571e+14 1.386767e-26 5.323203e-12 1.458417e+01 -1.127383e+01
3.833662e+14 1.366288e-26 5.237887e-12 1.458361e+01 -1.128084e+01
3.828766e+14 1.346881e-26 5.156891e-12 1.458306e+01 -1.128761e+01
3.823883e+14 1.334070e-26 5.101328e-12 1.458250e+01 -1.129232e+01
3.819011e+14 1.345548e-26 5.138663e-12 1.458195e+01 -1.128915e+01
3.814153e+14 1.338338e-26 5.104624e-12 1.458140e+01 -1.129204e+01
3.809306e+14 1.385619e-26 5.278246e-12 1.458085e+01 -1.127751e+01
3.804472e+14 1.350429e-26 5.137671e-12 1.458029e+01 -1.128923e+01
3.799650e+14 1.368810e-26 5.200998e-12 1.457974e+01 -1.128391e+01
3.794841e+14 1.307634e-26 4.962263e-12 1.457919e+01 -1.130432e+01
3.790043e+14 1.320661e-26 5.005361e-12 1.457864e+01 -1.130056e+01
3.785258e+14 1.323698e-26 5.010537e-12 1.457810e+01 -1.130012e+01
3.780484e+14 1.366096e-26 5.164503e-12 1.457755e+01 -1.128697e+01
3.775723e+14 1.312498e-26 4.955629e-12 1.457700e+01 -1.130490e+01
3.770974e+14 1.331445e-26 5.020844e-12 1.457645e+01 -1.129922e+01
3.766236e+14 1.371225e-26 5.164358e-12 1.457591e+01 -1.128698e+01
3.761511e+14 1.399636e-26 5.264746e-12 1.457536e+01 -1.127862e+01
3.756797e+14 1.379669e-26 5.183137e-12 1.457482e+01 -1.128541e+01
3.752095e+14 1.366713e-26 5.128038e-12 1.457427e+01 -1.129005e+01
3.747405e+14 1.393891e-26 5.223473e-12 1.457373e+01 -1.128204e+01
3.742727e+14 1.413253e-26 5.289421e-12 1.457319e+01 -1.127659e+01
3.738060e+14 1.408983e-26 5.266861e-12 1.457265e+01 -1.127845e+01
3.733405e+14 1.402800e-26 5.237221e-12 1.457211e+01 -1.128090e+01
3.728761e+14 1.411157e-26 5.261869e-12 1.457156e+01 -1.127886e+01
3.724129e+14 1.372854e-26 5.112686e-12 1.457102e+01 -1.129135e+01
3.719509e+14 1.437729e-26 5.347644e-12 1.457049e+01 -1.127184e+01
3.714900e+14 1.425974e-26 5.297349e-12 1.456995e+01 -1.127594e+01
3.710302e+14 1.427293e-26 5.295687e-12 1.456941e+01 -1.127608e+01
3.705716e+14 1.438290e-26 5.329893e-12 1.456887e+01 -1.127328e+01
3.701141e+14 1.415109e-26 5.237516e-12 1.456834e+01 -1.128087e+01
3.696577e+14 1.439507e-26 5.321247e-12 1.456780e+01 -1.127399e+01
3.692025e+14 1.447697e-26 5.344934e-12 1.456726e+01 -1.127206e+01
3.687483e+14 1.459763e-26 5.382853e-12 1.456673e+01 -1.126899e+01
3.682953e+14 1.498397e-26 5.518528e-12 1.456620e+01 -1.125818e+01
3.678434e+14 1.465504e-26 5.390761e-12 1.456566e+01 -1.126835e+01
3.673926e+14 1.492040e-26 5.481644e-12 1.456513e+01 -1.126109e+01
3.669430e+14 1.472220e-26 5.402207e-12 1.456460e+01 -1.126743e+01
3.664944e+14 1.480696e-26 5.426666e-12 1.456407e+01 -1.126547e+01
3.660469e+14 1.549894e-26 5.673338e-12 1.456354e+01 -1.124616e+01
3.656005e+14 1.525299e-26 5.576499e-12 1.456301e+01 -1.125364e+01
3.651552e+14 1.492721e-26 5.450748e-12 1.456248e+01 -1.126354e+01
3.647109e+14 1.511931e-26 5.514179e-12 1.456195e+01 -1.125852e+01
3.642678e+14 1.495566e-26 5.447866e-12 1.456142e+01 -1.126377e+01
3.638257e+14 1.524733e-26 5.547371e-12 1.456089e+01 -1.125591e+01
3.633847e+14 1.534710e-26 5.576903e-12 1.456037e+01 -1.125361e+01
3.629448e+14 1.535288e-26 5.572249e-12 1.455984e+01 -1.125397e+01
3.625059e+14 1.551452e-26 5.624104e-12 1.455932e+01 -1.124995e+01
3.620681e+14 1.585475e-26 5.740499e-12 1.455879e+01 -1.124105e+01
3.616314e+14 1.483609e-26 5.365195e-12 1.455827e+01 -1.127041e+01
3.611957e+14 1.497719e-26 5.409695e-12 1.455774e+01 -1.126683e+01
3.607610e+14 1.463637e-26 5.280233e-12 1.455722e+01 -1.127735e+01
3.603274e+14 1.466658e-26 5.284772e-12 1.455670e+01 -1.127697e+01
3.598948e+14 1.550142e-26 5.578883e-12 1.455618e+01 -1.125345e+01
3.594633e+14 1.461232e-26 5.252592e-12 1.455565e+01 -1.127963e+01
3.590328e+14 1.515649e-26 5.441676e-12 1.455513e+01 -1.126427e+01
3.586033e+14 1.498597e-26 5.374019e-12 1.455461e+01 -1.126970e+01
3.581749e+14 1.565745e-26 5.608107e-12 1.455410e+01 -1.125118e+01
3.577475e+14 1.482607e-26 5.303991e-12 1.455358e+01 -1.127540e+01
3.573211e+14 1.458826e-26 5.212693e-12 1.455306e+01 -1.128294e+01
3.568957e+14 1.516738e-26 5.413171e-12 1.455254e+01 -1.126655e+01
3.564713e+14 1.535278e-26 5.472827e-12 1.455202e+01 -1.126179e+01
3.560480e+14 1.510554e-26 5.378296e-12 1.455151e+01 -1.126936e+01
3.556256e+14 1.534487e-26 5.457027e-12 1.455099e+01 -1.126304e+01
3.552043e+14 1.526897e-26 5.423603e-12 1.455048e+01 -1.126571e+01
3.547839e+14 1.512850e-26 5.367347e-12 1.454996e+01 -1.127024e+01
3.543645e+14 1.483965e-26 5.258645e-12 1.454945e+01 -1.127913e+01
3.539462e+14 1.476163e-26 5.224821e-12 1.454894e+01 -1.128193e+01
3.535288e+14 1.530937e-26 5.412304e-12 1.454842e+01 -1.126662e+01
3.531124e+14 1.490311e-26 5.262474e-12 1.454791e+01 -1.127881e+01
3.526969e+14 1.409695e-26 4.971950e-12 1.454740e+01 -1.130347e+01
3.522825e+14 1.453420e-26 5.120146e-12 1.454689e+01 -1.129072e+01
3.518690e+14 1.477970e-26 5.200518e-12 1.454638e+01 -1.128395e+01
3.514565e+14 1.493620e-26 5.249426e-12 1.454587e+01 -1.127989e+01
3.510450e+14 1.393094e-26 4.890385e-12 1.454536e+01 -1.131066e+01
3.506344e+14 1.518012e-26 5.322671e-12 1.454485e+01 -1.127387e+01
3.502248e+14 1.516765e-26 5.312088e-12 1.454435e+01 -1.127473e+01
3.498161e+14 1.568951e-26 5.488444e-12 1.454384e+01 -1.126055e+01
3.494084e+14 1.555114e-26 5.433697e-12 1.454333e+01 -1.126490e+01
3.490016e+14 1.585591e-26 5.533738e-12 1.454283e+01 -1.125698e+01
3.485958e+14 1.547480e-26 5.394452e-12 1.454232e+01 -1.126805e+01
3.481909e+14 1.549463e-26 5.395089e-12 1.454182e+01 -1.126800e+01
3.477870e+14 1.596325e-26 5.551810e-12 1.454131e+01 -1.125557e+01
3.473840e+14 1.553417e-26 5.396324e-12 1.454081e+01 -1.126790e+01
3.469819e+14 1.567342e-26 5.438393e-12 1.454031e+01 -1.126453e+01
3.465808e+14 1.556814e-26 5.395619e-12 1.453980e+01 -1.126796e+01
3.461806e+14 1.466358e-26 5.076246e-12 1.453930e+01 -1.129446e+01
3.457813e+14 1.549251e-26 5.357021e-12 1.453880e+01 -1.127108e+01
3.453829e+14 1.587005e-26 5.481246e-12 1.453830e+01 -1.126112e+01
3.449855e+14 1.556957e-26 5.371275e-12 1.453780e+01 -1.126992e+01
3.445890e+14 1.640965e-26 5.654585e-12 1.453730e+01 -1.124760e+01
3.441933e+14 1.658174e-26 5.707326e-12 1.453680e+01 -1.124357e+01
3.437986e+14 1.673605e-26 5.753832e-12 1.453630e+01 -1.124004e+01
3.434048e+14 1.692237e-26 5.811222e-12 1.453581e+01 -1.123573e+01
3.430119e+14 1.693707e-26 5.809615e-12 1.453531e+01 -1.123585e+01
3.426199e+14 1.668239e-26 5.715719e-12 1.453481e+01 -1.124293e+01
3.422288e+14 1.659210e-26 5.678293e-12 1.453432e+01 -1.124578e+01
3.418385e+14 1.664679e-26 5.690515e-12 1.453382e+01 -1.124485e+01
3.414492e+14 1.667917e-26 5.695088e-12 1.453333e+01 -1.124450e+01
3.338445e+14 1.709948e-26 5.708568e-12 1.452354e+01 -1.124347e+01
3.265712e+14 1.797389e-26 5.869757e-12 1.451398e+01 -1.123138e+01
3.196081e+14 1.816797e-26 5.806631e-12 1.450462e+01 -1.123608e+01
3.129357e+14 1.901778e-26 5.951341e-12 1.449546e+01 -1.122539e+01
3.065362e+14 1.952777e-26 5.985967e-12 1.448648e+01 -1.122287e+01
3.003932e+14 2.002051e-26 6.014025e-12 1.447769e+01 -1.122083e+01
2.944916e+14 2.073293e-26 6.105673e-12 1.446907e+01 -1.121427e+01
2.888173e+14 2.119489e-26 6.121451e-12 1.446062e+01 -1.121315e+01
2.833577e+14 2.165293e-26 6.135524e-12 1.445233e+01 -1.121215e+01
2.781006e+14 2.226787e-26 6.192708e-12 1.444420e+01 -1.120812e+01
2.730350e+14 2.235602e-26 6.103975e-12 1.443622e+01 -1.121439e+01
2.681506e+14 2.259872e-26 6.059861e-12 1.442838e+01 -1.121754e+01
2.634380e+14 2.296210e-26 6.049089e-12 1.442068e+01 -1.121831e+01
2.588881e+14 2.328184e-26 6.027390e-12 1.441311e+01 -1.121987e+01
2.544927e+14 2.357457e-26 5.999557e-12 1.440568e+01 -1.122188e+01
2.502441e+14 2.375865e-26 5.945462e-12 1.439836e+01 -1.122581e+01
2.461350e+14 2.434622e-26 5.992456e-12 1.439117e+01 -1.122240e+01
2.421586e+14 2.454629e-26 5.944097e-12 1.438410e+01 -1.122591e+01
2.383087e+14 2.450887e-26 5.840678e-12 1.437714e+01 -1.123354e+01
2.345793e+14 2.474758e-26 5.805272e-12 1.437029e+01 -1.123618e+01
2.309649e+14 2.528299e-26 5.839482e-12 1.436355e+01 -1.123363e+01
2.274601e+14 2.592064e-26 5.895911e-12 1.435691e+01 -1.122945e+01
2.240601e+14 2.614435e-26 5.857905e-12 1.435036e+01 -1.123226e+01
2.207602e+14 2.589836e-26 5.717327e-12 1.434392e+01 -1.124281e+01
2.175562e+14 2.642728e-26 5.749417e-12 1.433757e+01 -1.124038e+01
2.144438e+14 2.628018e-26 5.635621e-12 1.433131e+01 -1.124906e+01
2.114192e+14 2.603267e-26 5.503807e-12 1.432514e+01 -1.125934e+01
2.084787e+14 2.655650e-26 5.536465e-12 1.431906e+01 -1.125677e+01
2.056189e+14 2.681044e-26 5.512735e-12 1.431306e+01 -1.125863e+01
2.028365e+14 2.770471e-26 5.619527e-12 1.430715e+01 -1.125030e+01
2.001284e+14 2.816561e-26 5.636740e-12 1.430131e+01 -1.124897e+01
1.974917e+14 2.947613e-26 5.821291e-12 1.429555e+01 -1.123498e+01
1.949235e+14 2.959805e-26 5.769357e-12 1.428986e+01 -1.123887e+01
1.924213e+14 3.007841e-26 5.787728e-12 1.428425e+01 -1.123749e+01
1.899825e+14 3.093413e-26 5.876944e-12 1.427871e+01 -1.123085e+01
1.876048e+14 3.208253e-26 6.018835e-12 1.427324e+01 -1.122049e+01
1.852858e+14 3.208407e-26 5.944723e-12 1.426784e+01 -1.122587e+01
1.830234e+14 3.176916e-26 5.814501e-12 1.426251e+01 -1.123549e+01
1.808157e+14 3.252969e-26 5.881879e-12 1.425724e+01 -1.123048e+01
1.786605e+14 3.317578e-26 5.927203e-12 1.425203e+01 -1.122715e+01
1.765562e+14 3.281028e-26 5.792858e-12 1.424688e+01 -1.123711e+01
1.745008e+14 3.259966e-26 5.688668e-12 1.424180e+01 -1.124499e+01
1.724928e+14 3.210273e-26 5.537488e-12 1.423677e+01 -1.125669e+01
1.705304e+14 3.154878e-26 5.380026e-12 1.423180e+01 -1.126922e+01
1.686121e+14 3.104368e-26 5.234341e-12 1.422689e+01 -1.128114e+01
1.667366e+14 2.993441e-26 4.991161e-12 1.422203e+01 -1.130180e+01
1.649023e+14 3.029136e-26 4.995116e-12 1.421723e+01 -1.130145e+01
1.631079e+14 2.931427e-26 4.781390e-12 1.421248e+01 -1.132045e+01
1.613522e+14 2.895076e-26 4.671269e-12 1.420777e+01 -1.133057e+01
1.596339e+14 2.873036e-26 4.586338e-12 1.420313e+01 -1.133853e+01
1.579517e+14 2.848913e-26 4.499907e-12 1.419852e+01 -1.134680e+01
1.563047e+14 2.772730e-26 4.333907e-12 1.419397e+01 -1.136312e+01
1.546916e+14 2.726989e-26 4.218424e-12 1.418947e+01 -1.137485e+01
1.531115e+14 2.698932e-26 4.132376e-12 1.418501e+01 -1.138380e+01
1.515634e+14 2.649947e-26 4.016349e-12 1.418059e+01 -1.139617e+01
1.500462e+14 2.611807e-26 3.918918e-12 1.417623e+01 -1.140683e+01
1.485592e+14 2.621877e-26 3.895039e-12 1.417190e+01 -1.140949e+01
1.471013e+14 2.568309e-26 3.778016e-12 1.416762e+01 -1.142274e+01
1.456717e+14 2.564510e-26 3.735766e-12 1.416338e+01 -1.142762e+01
1.442697e+14 2.494133e-26 3.598278e-12 1.415918e+01 -1.144391e+01
1.428944e+14 2.516748e-26 3.596291e-12 1.415502e+01 -1.144415e+01
1.415450e+14 2.498578e-26 3.536613e-12 1.415089e+01 -1.145141e+01
1.402210e+14 2.462822e-26 3.453393e-12 1.414681e+01 -1.146175e+01
1.389214e+14 2.434553e-26 3.382116e-12 1.414277e+01 -1.147081e+01
1.376457e+14 2.423501e-26 3.335846e-12 1.413876e+01 -1.147679e+01
1.363933e+14 2.396723e-26 3.268969e-12 1.413479e+01 -1.148559e+01
1.351634e+14 2.373706e-26 3.208382e-12 1.413086e+01 -1.149371e+01
1.339555e+14 2.334085e-26 3.126635e-12 1.412696e+01 -1.150492e+01
1.327690e+14 2.322804e-26 3.083964e-12 1.412310e+01 -1.151089e+01
1.316033e+14 2.301191e-26 3.028445e-12 1.411927e+01 -1.151878e+01
1.304580e+14 2.094532e-26 2.732483e-12 1.411547e+01 -1.156344e+01
1.293324e+14 2.015141e-26 2.606230e-12 1.411171e+01 -1.158399e+01
1.282260e+14 1.965198e-26 2.519895e-12 1.410798e+01 -1.159862e+01
1.271384e+14 1.845197e-26 2.345955e-12 1.410428e+01 -1.162968e+01
1.260691e+14 1.812156e-26 2.284570e-12 1.410061e+01 -1.164120e+01
1.250177e+14 1.824632e-26 2.281112e-12 1.409697e+01 -1.164185e+01
1.239836e+14 1.702013e-26 2.110218e-12 1.409336e+01 -1.167567e+01
1.229665e+14 1.697122e-26 2.086892e-12 1.408979e+01 -1.168050e+01
1.219660e+14 1.651797e-26 2.014631e-12 1.408624e+01 -1.169580e+01
1.209816e+14 1.648995e-26 1.994981e-12 1.408272e+01 -1.170006e+01
1.200130e+14 1.603061e-26 1.923881e-12 1.407923e+01 -1.171582e+01
1.190597e+14 1.698047e-26 2.021690e-12 1.407576e+01 -1.169429e+01
1.181215e+14 1.656373e-26 1.956533e-12 1.407233e+01 -1.170851e+01
1.171980e+14 1.606389e-26 1.882655e-12 1.406892e+01 -1.172523e+01
1.162888e+14 1.547124e-26 1.799131e-12 1.406554e+01 -1.174494e+01
1.153935e+14 1.607245e-26 1.854656e-12 1.406218e+01 -1.173174e+01
1.145120e+14 1.613131e-26 1.847229e-12 1.405885e+01 -1.173348e+01
1.136438e+14 1.632976e-26 1.855777e-12 1.405555e+01 -1.173147e+01
1.127887e+14 1.584477e-26 1.787111e-12 1.405227e+01 -1.174785e+01
1.119464e+14 1.562308e-26 1.748947e-12 1.404901e+01 -1.175722e+01
1.111165e+14 1.536640e-26 1.707461e-12 1.404578e+01 -1.176765e+01
1.102989e+14 1.507893e-26 1.663189e-12 1.404257e+01 -1.177906e+01
1.094932e+14 1.514162e-26 1.657905e-12 1.403939e+01 -1.178044e+01
1.086992e+14 1.557953e-26 1.693483e-12 1.403623e+01 -1.177122e+01
1.079166e+14 1.507244e-26 1.626566e-12 1.403309e+01 -1.178873e+01
1.071452e+14 1.451348e-26 1.555050e-12 1.402997e+01 -1.180826e+01
1.063848e+14 1.458300e-26 1.551410e-12 1.402688e+01 -1.180927e+01
1.056351e+14 1.401505e-26 1.480481e-12 1.402381e+01 -1.182960e+01
1.048959e+14 1.411025e-26 1.480106e-12 1.402076e+01 -1.182971e+01
1.041669e+14 1.497552e-26 1.559954e-12 1.401773e+01 -1.180689e+01
1.034480e+14 1.469541e-26 1.520212e-12 1.401472e+01 -1.181810e+01
1.027390e+14 1.454574e-26 1.494414e-12 1.401174e+01 -1.182553e+01
1.020396e+14 1.447988e-26 1.477521e-12 1.400877e+01 -1.183047e+01
1.013497e+14 1.390507e-26 1.409274e-12 1.400582e+01 -1.185100e+01
1.006690e+14 1.344617e-26 1.353613e-12 1.400290e+01 -1.186851e+01
9.999746e+13 1.373858e-26 1.373823e-12 1.399999e+01 -1.186207e+01
9.933479e+13 1.355350e-26 1.346334e-12 1.399710e+01 -1.187085e+01
9.868084e+13 1.343819e-26 1.326092e-12 1.399423e+01 -1.187743e+01
9.803545e+13 1.342288e-26 1.315918e-12 1.399138e+01 -1.188077e+01
9.739844e+13 1.249815e-26 1.217300e-12 1.398855e+01 -1.191460e+01
9.676966e+13 1.239334e-26 1.199299e-12 1.398574e+01 -1.192107e+01
9.614894e+13 1.296188e-26 1.246271e-12 1.398294e+01 -1.190439e+01
9.553614e+13 1.284682e-26 1.227336e-12 1.398017e+01 -1.191104e+01
9.493110e+13 1.311272e-26 1.244805e-12 1.397741e+01 -1.190490e+01
9.433367e+13 1.261291e-26 1.189823e-12 1.397467e+01 -1.192452e+01
9.374371e+13 1.264812e-26 1.185681e-12 1.397194e+01 -1.192603e+01
9.316109e+13 1.263096e-26 1.176714e-12 1.396923e+01 -1.192933e+01
9.258567e+13 1.219075e-26 1.128688e-12 1.396654e+01 -1.194743e+01
9.201731e+13 1.189634e-26 1.094669e-12 1.396387e+01 -1.196072e+01
9.145589e+13 1.232436e-26 1.127136e-12 1.396121e+01 -1.194802e+01
9.090127e+13 1.216914e-26 1.106190e-12 1.395857e+01 -1.195617e+01
9.035335e+13 1.149461e-26 1.038576e-12 1.395594e+01 -1.198356e+01
8.981198e+13 1.192011e-26 1.070569e-12 1.395333e+01 -1.197039e+01
8.927707e+13 1.195944e-26 1.067703e-12 1.395074e+01 -1.197155e+01
8.874849e+13 1.185595e-26 1.052198e-12 1.394816e+01 -1.197790e+01
8.822613e+13 1.205838e-26 1.063864e-12 1.394560e+01 -1.197311e+01
8.770989e+13 1.147805e-26 1.006739e-12 1.394305e+01 -1.199708e+01
8.719965e+13 1.144360e-26 9.978778e-13 1.394051e+01 -1.200092e+01
8.669532e+13 1.146980e-26 9.943778e-13 1.393800e+01 -1.200245e+01
8.619678e+13 1.138277e-26 9.811584e-13 1.393549e+01 -1.200826e+01
8.570395e+13 1.122317e-26 9.618697e-13 1.393300e+01 -1.201688e+01
8.521671e+13 1.112970e-26 9.484363e-13 1.393052e+01 -1.202299e+01
8.473499e+13 1.129608e-26 9.571732e-13 1.392806e+01 -1.201901e+01
8.425868e+13 1.116312e-26 9.405895e-13 1.392561e+01 -1.202660e+01
8.378770e+13 1.103431e-26 9.245391e-13 1.392318e+01 -1.203407e+01
8.332196e+13 1.092876e-26 9.106053e-13 1.392076e+01 -1.204067e+01
8.286136e+13 1.076798e-26 8.922491e-13 1.391835e+01 -1.204951e+01
8.240583e+13 1.080388e-26 8.903023e-13 1.391596e+01 -1.205046e+01
8.195528e+13 1.059514e-26 8.683276e-13 1.391358e+01 -1.206132e+01
8.150962e+13 1.067522e-26 8.701328e-13 1.391121e+01 -1.206041e+01
8.106879e+13 1.038690e-26 8.420536e-13 1.390885e+01 -1.207466e+01
8.063271e+13 1.047273e-26 8.444445e-13 1.390651e+01 -1.207343e+01
8.020128e+13 1.042300e-26 8.359382e-13 1.390418e+01 -1.207783e+01
7.977445e+13 1.003465e-26 8.005084e-13 1.390186e+01 -1.209663e+01
7.935214e+13 9.979000e-27 7.918550e-13 1.389956e+01 -1.210135e+01
7.893428e+13 1.009543e-26 7.968756e-13 1.389727e+01 -1.209861e+01
7.852080e+13 9.965107e-27 7.824681e-13 1.389498e+01 -1.210653e+01
7.811162e+13 9.976874e-27 7.793098e-13 1.389272e+01 -1.210829e+01
7.770669e+13 9.752549e-27 7.578383e-13 1.389046e+01 -1.212042e+01
7.730593e+13 9.802851e-27 7.578185e-13 1.388821e+01 -1.212043e+01
7.690929e+13 9.469279e-27 7.282755e-13 1.388598e+01 -1.213770e+01
7.651669e+13 9.570423e-27 7.322971e-13 1.388376e+01 -1.213531e+01
7.612809e+13 9.405038e-27 7.159875e-13 1.388154e+01 -1.214509e+01
7.574341e+13 9.337398e-27 7.072463e-13 1.387934e+01 -1.215043e+01
7.536259e+13 9.312997e-27 7.018516e-13 1.387716e+01 -1.215375e+01
7.498559e+13 8.596475e-27 6.446118e-13 1.387498e+01 -1.219070e+01
7.461234e+13 7.637014e-27 5.698155e-13 1.387281e+01 -1.224427e+01
7.424279e+13 8.219536e-27 6.102413e-13 1.387065e+01 -1.221450e+01
7.387689e+13 7.366380e-27 5.442052e-13 1.386851e+01 -1.226424e+01
7.351457e+13 8.617173e-27 6.334877e-13 1.386637e+01 -1.219826e+01
7.315578e+13 7.948228e-27 5.814588e-13 1.386425e+01 -1.223548e+01
7.280049e+13 7.956064e-27 5.792053e-13 1.386213e+01 -1.223717e+01
7.244862e+13 7.726148e-27 5.597488e-13 1.386003e+01 -1.225201e+01
7.210014e+13 7.142541e-27 5.149782e-13 1.385794e+01 -1.228821e+01
7.175500e+13 8.007511e-27 5.745790e-13 1.385585e+01 -1.224065e+01
7.141315e+13 7.934727e-27 5.666438e-13 1.385378e+01 -1.224669e+01
7.107454e+13 7.553015e-27 5.368270e-13 1.385171e+01 -1.227017e+01
7.073912e+13 7.563813e-27 5.350575e-13 1.384966e+01 -1.227160e+01
7.040686e+13 7.336290e-27 5.165251e-13 1.384761e+01 -1.228691e+01
7.007770e+13 6.903687e-27 4.837945e-13 1.384558e+01 -1.231534e+01
6.975161e+13 6.919094e-27 4.826179e-13 1.384355e+01 -1.231640e+01
6.942853e+13 7.354530e-27 5.106142e-13 1.384154e+01 -1.229191e+01
6.910844e+13 6.701535e-27 4.631326e-13 1.383953e+01 -1.233429e+01
6.879128e+13 7.136660e-27 4.909400e-13 1.383753e+01 -1.230897e+01
6.847702e+13 6.286332e-27 4.304693e-13 1.383554e+01 -1.236606e+01
6.816562e+13 6.517512e-27 4.442702e-13 1.383357e+01 -1.235235e+01
6.785704e+13 6.335438e-27 4.299041e-13 1.383159e+01 -1.236663e+01
6.755124e+13 6.555379e-27 4.428240e-13 1.382963e+01 -1.235377e+01
6.724818e+13 6.257833e-27 4.208279e-13 1.382768e+01 -1.237590e+01
6.694783e+13 6.270328e-27 4.197848e-13 1.382574e+01 -1.237697e+01
6.665016e+13 5.835659e-27 3.889476e-13 1.382380e+01 -1.241011e+01
6.635511e+13 5.927284e-27 3.933056e-13 1.382187e+01 -1.240527e+01
6.606267e+13 5.330434e-27 3.521427e-13 1.381996e+01 -1.245328e+01
6.577280e+13 6.556847e-27 4.312622e-13 1.381805e+01 -1.236526e+01
6.548545e+13 5.587511e-27 3.659007e-13 1.381614e+01 -1.243664e+01
6.520061e+13 6.149308e-27 4.009386e-13 1.381425e+01 -1.239692e+01
6.491823e+13 5.851128e-27 3.798449e-13 1.381237e+01 -1.242039e+01
6.463829e+13 5.677531e-27 3.669859e-13 1.381049e+01 -1.243535e+01
6.436076e+13 5.284475e-27 3.401128e-13 1.380862e+01 -1.246838e+01
6.408559e+13 5.393656e-27 3.456557e-13 1.380676e+01 -1.246136e+01
6.381277e+13 5.761127e-27 3.676335e-13 1.380491e+01 -1.243458e+01
6.354226e+13 5.028379e-27 3.195146e-13 1.380306e+01 -1.249551e+01
6.327404e+13 5.349379e-27 3.384768e-13 1.380123e+01 -1.247047e+01
6.300807e+13 5.986107e-27 3.771731e-13 1.379940e+01 -1.242346e+01
6.274433e+13 5.659946e-27 3.551295e-13 1.379757e+01 -1.244961e+01
6.248278e+13 5.375147e-27 3.358542e-13 1.379576e+01 -1.247385e+01
6.222341e+13 5.419489e-27 3.372191e-13 1.379395e+01 -1.247209e+01
6.196618e+13 5.005788e-27 3.101896e-13 1.379215e+01 -1.250837e+01
6.171107e+13 5.224167e-27 3.223889e-13 1.379036e+01 -1.249162e+01
6.145806e+13 5.077937e-27 3.120801e-13 1.378858e+01 -1.250573e+01
6.120710e+13 4.954380e-27 3.032433e-13 1.378680e+01 -1.251821e+01
6.095819e+13 4.911606e-27 2.994026e-13 1.378503e+01 -1.252374e+01
6.071130e+13 5.300042e-27 3.217724e-13 1.378327e+01 -1.249245e+01
6.046640e+13 4.986460e-27 3.015133e-13 1.378151e+01 -1.252069e+01
6.022346e+13 4.756256e-27 2.864382e-13 1.377977e+01 -1.254297e+01
5.998247e+13 5.076334e-27 3.044910e-13 1.377802e+01 -1.251643e+01
5.974340e+13 5.128648e-27 3.064029e-13 1.377629e+01 -1.251371e+01
5.950623e+13 4.910392e-27 2.921989e-13 1.377456e+01 -1.253432e+01
5.927094e+13 4.688795e-27 2.779093e-13 1.377284e+01 -1.255610e+01
5.903750e+13 5.283304e-27 3.119130e-13 1.377113e+01 -1.250597e+01
5.880588e+13 4.593020e-27 2.700966e-13 1.376942e+01 -1.256848e+01
5.857608e+13 4.561137e-27 2.671736e-13 1.376772e+01 -1.257321e+01
5.834807e+13 4.588529e-27 2.677319e-13 1.376603e+01 -1.257230e+01
5.812183e+13 4.571398e-27 2.656980e-13 1.376434e+01 -1.257561e+01
5.789733e+13 4.524315e-27 2.619458e-13 1.376266e+01 -1.258179e+01
5.767457e+13 4.200144e-27 2.422415e-13 1.376098e+01 -1.261575e+01
5.745351e+13 4.273479e-27 2.455263e-13 1.375932e+01 -1.260990e+01
5.723414e+13 4.131254e-27 2.364487e-13 1.375766e+01 -1.262626e+01
5.701643e+13 4.835546e-27 2.757056e-13 1.375600e+01 -1.255955e+01
5.680038e+13 4.372998e-27 2.483880e-13 1.375435e+01 -1.260487e+01
5.658596e+13 3.765461e-27 2.130722e-13 1.375271e+01 -1.267147e+01
5.637315e+13 4.602816e-27 2.594752e-13 1.375107e+01 -1.258590e+01
5.616193e+13 4.519991e-27 2.538515e-13 1.374944e+01 -1.259542e+01
5.595230e+13 4.085927e-27 2.286170e-13 1.374782e+01 -1.264089e+01
5.574422e+13 4.179635e-27 2.329905e-13 1.374620e+01 -1.263266e+01
5.553768e+13 4.238347e-27 2.353880e-13 1.374459e+01 -1.262822e+01
5.533267e+13 4.231358e-27 2.341323e-13 1.374298e+01 -1.263054e+01
5.512917e+13 4.174418e-27 2.301322e-13 1.374138e+01 -1.263802e+01
5.492715e+13 4.522429e-27 2.484041e-13 1.373979e+01 -1.260484e+01
5.472662e+13 4.328507e-27 2.368845e-13 1.373820e+01 -1.262546e+01
5.452754e+13 4.551561e-27 2.481854e-13 1.373662e+01 -1.260522e+01
5.432990e+13 4.484280e-27 2.436305e-13 1.373504e+01 -1.261327e+01
5.413369e+13 4.180556e-27 2.263090e-13 1.373347e+01 -1.264530e+01
5.393890e+13 4.074418e-27 2.197696e-13 1.373190e+01 -1.265803e+01
5.374550e+13 3.933966e-27 2.114329e-13 1.373034e+01 -1.267483e+01
5.355348e+13 4.392507e-27 2.352340e-13 1.372879e+01 -1.262850e+01
5.336283e+13 4.084765e-27 2.179746e-13 1.372724e+01 -1.266159e+01
5.317354e+13 4.191011e-27 2.228509e-13 1.372570e+01 -1.265199e+01
5.298558e+13 3.830947e-27 2.029849e-13 1.372416e+01 -1.269254e+01
5.279894e+13 4.042653e-27 2.134478e-13 1.372263e+01 -1.267071e+01
5.261362e+13 4.338971e-27 2.282890e-13 1.372110e+01 -1.264152e+01
5.242959e+13 3.894385e-27 2.041810e-13 1.371958e+01 -1.268998e+01
5.224685e+13 3.934455e-27 2.055629e-13 1.371806e+01 -1.268706e+01
5.206537e+13 3.899196e-27 2.030131e-13 1.371655e+01 -1.269248e+01
5.188515e+13 3.962775e-27 2.056092e-13 1.371504e+01 -1.268696e+01
5.170617e+13 3.708908e-27 1.917734e-13 1.371354e+01 -1.271721e+01
5.152843e+13 3.676238e-27 1.894308e-13 1.371205e+01 -1.272255e+01
5.135190e+13 4.194326e-27 2.153866e-13 1.371056e+01 -1.266678e+01
5.117658e+13 3.877639e-27 1.984443e-13 1.370907e+01 -1.270236e+01
5.100245e+13 3.599908e-27 1.836042e-13 1.370759e+01 -1.273612e+01
5.082950e+13 3.605039e-27 1.832423e-13 1.370612e+01 -1.273697e+01
5.065772e+13 3.487645e-27 1.766761e-13 1.370465e+01 -1.275282e+01
5.048710e+13 4.012499e-27 2.025794e-13 1.370318e+01 -1.269340e+01
5.031762e+13 3.926766e-27 1.975855e-13 1.370172e+01 -1.270424e+01
5.014928e+13 3.833537e-27 1.922491e-13 1.370026e+01 -1.271614e+01
4.998206e+13 3.669848e-27 1.834266e-13 1.369881e+01 -1.273654e+01
4.981595e+13 3.624956e-27 1.805806e-13 1.369737e+01 -1.274333e+01
4.965094e+13 3.374037e-27 1.675241e-13 1.369593e+01 -1.277592e+01
4.948703e+13 3.919022e-27 1.939407e-13 1.369449e+01 -1.271233e+01
4.932419e+13 3.864286e-27 1.906028e-13 1.369306e+01 -1.271987e+01
4.916241e+13 3.857284e-27 1.896334e-13 1.369163e+01 -1.272209e+01
4.900170e+13 3.774575e-27 1.849606e-13 1.369021e+01 -1.273292e+01
4.884203e+13 3.688706e-27 1.801639e-13 1.368879e+01 -1.274433e+01
4.868340e+13 3.441408e-27 1.675395e-13 1.368738e+01 -1.277588e+01
4.852580e+13 3.716570e-27 1.803495e-13 1.368597e+01 -1.274388e+01
4.836922e+13 3.682894e-27 1.781387e-13 1.368457e+01 -1.274924e+01
4.821364e+13 3.628852e-27 1.749602e-13 1.368317e+01 -1.275706e+01
4.805906e+13 3.771175e-27 1.812391e-13 1.368178e+01 -1.274175e+01
4.790547e+13 3.761194e-27 1.801818e-13 1.368039e+01 -1.274429e+01
4.775285e+13 3.651417e-27 1.743656e-13 1.367900e+01 -1.275854e+01
4.760121e+13 3.414919e-27 1.625543e-13 1.367762e+01 -1.278900e+01
4.745052e+13 3.473440e-27 1.648165e-13 1.367624e+01 -1.278300e+01
4.730079e+13 3.628969e-27 1.716531e-13 1.367487e+01 -1.276535e+01
4.715200e+13 3.484219e-27 1.642879e-13 1.367350e+01 -1.278439e+01
4.700414e+13 3.411438e-27 1.603517e-13 1.367214e+01 -1.279493e+01
4.685721e+13 3.434853e-27 1.609476e-13 1.367078e+01 -1.279332e+01
4.671119e+13 3.558283e-27 1.662116e-13 1.366942e+01 -1.277934e+01
4.656608e+13 3.564407e-27 1.659805e-13 1.366807e+01 -1.277994e+01
4.642186e+13 3.290150e-27 1.527349e-13 1.366672e+01 -1.281606e+01
4.627854e+13 3.472424e-27 1.606987e-13 1.366538e+01 -1.279399e+01
4.613610e+13 3.461121e-27 1.596826e-13 1.366404e+01 -1.279674e+01
4.599454e+13 3.485551e-27 1.603163e-13 1.366271e+01 -1.279502e+01
4.585384e+13 3.399131e-27 1.558632e-13 1.366138e+01 -1.280726e+01
4.571400e+13 3.284329e-27 1.501398e-13 1.366005e+01 -1.282350e+01
4.557501e+13 3.207822e-27 1.461965e-13 1.365873e+01 -1.283506e+01
4.543686e+13 3.312900e-27 1.505278e-13 1.365741e+01 -1.282238e+01
4.529955e+13 3.278828e-27 1.485294e-13 1.365609e+01 -1.282819e+01
4.516306e+13 3.214231e-27 1.451645e-13 1.365478e+01 -1.283814e+01
4.502740e+13 3.331487e-27 1.500082e-13 1.365348e+01 -1.282389e+01
4.489254e+13 3.320159e-27 1.490504e-13 1.365217e+01 -1.282667e+01
4.475850e+13 3.259539e-27 1.458921e-13 1.365088e+01 -1.283597e+01
4.462525e+13 3.326112e-27 1.484286e-13 1.364958e+01 -1.282848e+01
4.449279e+13 3.252330e-27 1.447052e-13 1.364829e+01 -1.283952e+01
4.436111e+13 3.300472e-27 1.464126e-13 1.364700e+01 -1.283442e+01
4.423022e+13 3.161780e-27 1.398462e-13 1.364572e+01 -1.285435e+01
4.410009e+13 3.127776e-27 1.379352e-13 1.364444e+01 -1.286032e+01
4.397072e+13 3.158612e-27 1.388864e-13 1.364316e+01 -1.285734e+01
4.384212e+13 2.915147e-27 1.278062e-13 1.364189e+01 -1.289345e+01
4.371426e+13 2.932224e-27 1.281800e-13 1.364062e+01 -1.289218e+01
4.358715e+13 2.888529e-27 1.259027e-13 1.363936e+01 -1.289996e+01
4.346077e+13 3.156987e-27 1.372051e-13 1.363810e+01 -1.286263e+01
4.333513e+13 2.809607e-27 1.217547e-13 1.363684e+01 -1.291451e+01
4.321020e+13 3.052413e-27 1.318954e-13 1.363559e+01 -1.287977e+01
4.308600e+13 3.117015e-27 1.342997e-13 1.363434e+01 -1.287192e+01
4.296251e+13 2.833749e-27 1.217450e-13 1.363309e+01 -1.291455e+01
4.283973e+13 2.905852e-27 1.244859e-13 1.363185e+01 -1.290488e+01
4.271764e+13 2.807784e-27 1.199419e-13 1.363061e+01 -1.292103e+01
4.259625e+13 3.066538e-27 1.306230e-13 1.362937e+01 -1.288398e+01
4.247555e+13 2.790335e-27 1.185210e-13 1.362814e+01 -1.292620e+01
4.235552e+13 2.659118e-27 1.126283e-13 1.362691e+01 -1.294835e+01
4.223618e+13 2.718166e-27 1.148049e-13 1.362568e+01 -1.294004e+01
4.211750e+13 2.785127e-27 1.173026e-13 1.362446e+01 -1.293069e+01
4.199950e+13 2.769900e-27 1.163344e-13 1.362324e+01 -1.293429e+01
4.188215e+13 2.838890e-27 1.188988e-13 1.362203e+01 -1.292482e+01
4.176545e+13 2.952269e-27 1.233028e-13 1.362082e+01 -1.290903e+01
4.164940e+13 2.939836e-27 1.224424e-13 1.361961e+01 -1.291207e+01
4.153400e+13 2.644019e-27 1.098167e-13 1.361840e+01 -1.295933e+01
4.141923e+13 2.807385e-27 1.162797e-13 1.361720e+01 -1.293450e+01
4.130510e+13 2.794807e-27 1.154398e-13 1.361600e+01 -1.293764e+01
4.119159e+13 2.582791e-27 1.063893e-13 1.361481e+01 -1.297310e+01
4.107871e+13 2.699077e-27 1.108746e-13 1.361362e+01 -1.295517e+01
4.096644e+13 2.559294e-27 1.048452e-13 1.361243e+01 -1.297945e+01
4.085478e+13 2.673883e-27 1.092409e-13 1.361124e+01 -1.296161e+01
4.074373e+13 2.653017e-27 1.080938e-13 1.361006e+01 -1.296620e+01
4.063329e+13 2.674062e-27 1.086559e-13 1.360888e+01 -1.296395e+01
4.052344e+13 2.648748e-27 1.073364e-13 1.360771e+01 -1.296925e+01
4.041418e+13 2.676438e-27 1.081660e-13 1.360653e+01 -1.296591e+01
4.030551e+13 2.647943e-27 1.067267e-13 1.360536e+01 -1.297173e+01
4.019743e+13 2.685140e-27 1.079357e-13 1.360420e+01 -1.296683e+01
4.008992e+13 2.704987e-27 1.084427e-13 1.360304e+01 -1.296480e+01
3.998298e+13 2.618552e-27 1.046975e-13 1.360188e+01 -1.298006e+01
3.987662e+13 2.447440e-27 9.759561e-14 1.360072e+01 -1.301057e+01
3.977081e+13 2.537670e-27 1.009252e-13 1.359956e+01 -1.299600e+01
3.966557e+13 2.631527e-27 1.043810e-13 1.359841e+01 -1.298138e+01
3.956089e+13 2.515916e-27 9.953185e-14 1.359727e+01 -1.300204e+01
3.945675e+13 2.498403e-27 9.857888e-14 1.359612e+01 -1.300622e+01
3.935316e+13 2.515797e-27 9.900458e-14 1.359498e+01 -1.300434e+01
3.925012e+13 2.562990e-27 1.005977e-13 1.359384e+01 -1.299741e+01
3.914761e+13 2.448391e-27 9.584865e-14 1.359271e+01 -1.301841e+01
3.904564e+13 2.528411e-27 9.872340e-14 1.359157e+01 -1.300558e+01
3.894419e+13 2.446721e-27 9.528559e-14 1.359044e+01 -1.302097e+01
3.884328e+13 2.505692e-27 9.732930e-14 1.358932e+01 -1.301176e+01
3.874288e+13 2.489645e-27 9.645601e-14 1.358819e+01 -1.301567e+01
3.864300e+13 2.341925e-27 9.049902e-14 1.358707e+01 -1.304336e+01
3.854364e+13 2.362821e-27 9.107173e-14 1.358595e+01 -1.304062e+01
3.844478e+13 2.450221e-27 9.419820e-14 1.358484e+01 -1.302596e+01
3.834643e+13 2.308602e-27 8.852665e-14 1.358372e+01 -1.305293e+01
3.824858e+13 2.305526e-27 8.818309e-14 1.358262e+01 -1.305461e+01
3.815123e+13 2.348763e-27 8.960822e-14 1.358151e+01 -1.304765e+01
3.805438e+13 2.377296e-27 9.046651e-14 1.358040e+01 -1.304351e+01
3.795801e+13 2.342472e-27 8.891557e-14 1.357930e+01 -1.305102e+01
3.786214e+13 2.263096e-27 8.568567e-14 1.357821e+01 -1.306709e+01
3.776674e+13 2.276072e-27 8.595983e-14 1.357711e+01 -1.306570e+01
3.767183e+13 2.227640e-27 8.391927e-14 1.357602e+01 -1.307614e+01
3.757739e+13 2.249659e-27 8.453632e-14 1.357493e+01 -1.307296e+01
3.748342e+13 2.257849e-27 8.463191e-14 1.357384e+01 -1.307247e+01
3.738992e+13 2.223928e-27 8.315250e-14 1.357275e+01 -1.308012e+01
3.729689e+13 2.235037e-27 8.335992e-14 1.357167e+01 -1.307904e+01
3.720432e+13 2.307604e-27 8.585283e-14 1.357059e+01 -1.306625e+01
3.711221e+13 2.176605e-27 8.077860e-14 1.356952e+01 -1.309270e+01
3.702055e+13 2.284437e-27 8.457110e-14 1.356844e+01 -1.307278e+01
3.692934e+13 2.172635e-27 8.023396e-14 1.356737e+01 -1.309564e+01
3.683858e+13 2.217091e-27 8.167451e-14 1.356630e+01 -1.308791e+01
3.674827e+13 2.223159e-27 8.169724e-14 1.356524e+01 -1.308779e+01
3.665840e+13 2.075075e-27 7.606895e-14 1.356417e+01 -1.311879e+01
3.656897e+13 2.152082e-27 7.869943e-14 1.356311e+01 -1.310403e+01
3.647997e+13 2.118361e-27 7.727774e-14 1.356205e+01 -1.311195e+01
3.639141e+13 2.140208e-27 7.788519e-14 1.356100e+01 -1.310855e+01
3.630327e+13 2.188662e-27 7.945559e-14 1.355995e+01 -1.309988e+01
3.621556e+13 2.056315e-27 7.447060e-14 1.355890e+01 -1.312802e+01
3.612827e+13 2.171498e-27 7.845245e-14 1.355785e+01 -1.310539e+01
3.604140e+13 2.057773e-27 7.416502e-14 1.355680e+01 -1.312980e+01
3.595495e+13 2.108157e-27 7.579868e-14 1.355576e+01 -1.312034e+01
3.586892e+13 2.094558e-27 7.512952e-14 1.355472e+01 -1.312419e+01
3.578329e+13 2.027970e-27 7.256745e-14 1.355368e+01 -1.313926e+01
3.569807e+13 2.037664e-27 7.274068e-14 1.355264e+01 -1.313822e+01
3.561326e+13 2.018158e-27 7.187316e-14 1.355161e+01 -1.314343e+01
3.552885e+13 2.089939e-27 7.425311e-14 1.355058e+01 -1.312929e+01
3.544483e+13 2.046060e-27 7.252224e-14 1.354955e+01 -1.313953e+01
3.536122e+13 1.926718e-27 6.813111e-14 1.354853e+01 -1.316665e+01
3.527799e+13 2.100496e-27 7.410127e-14 1.354750e+01 -1.313017e+01
3.519516e+13 2.004786e-27 7.055879e-14 1.354648e+01 -1.315145e+01
3.511272e+13 2.019517e-27 7.091074e-14 1.354546e+01 -1.314929e+01
3.503066e+13 2.020106e-27 7.076565e-14 1.354445e+01 -1.315018e+01
3.494899e+13 1.949233e-27 6.812373e-14 1.354343e+01 -1.316670e+01
3.486769e+13 1.875840e-27 6.540619e-14 1.354242e+01 -1.318438e+01
3.478677e+13 1.956645e-27 6.806535e-14 1.354141e+01 -1.316707e+01
3.470623e+13 1.925915e-27 6.684125e-14 1.354041e+01 -1.317496e+01
3.462606e+13 1.993035e-27 6.901093e-14 1.353940e+01 -1.316108e+01
3.454625e+13 1.923698e-27 6.645655e-14 1.353840e+01 -1.317746e+01
3.446682e+13 1.817501e-27 6.264349e-14 1.353740e+01 -1.320312e+01
3.438775e+13 1.974660e-27 6.790411e-14 1.353640e+01 -1.316810e+01
3.430904e+13 1.887415e-27 6.475540e-14 1.353541e+01 -1.318872e+01
3.423069e+13 1.938861e-27 6.636856e-14 1.353442e+01 -1.317804e+01
3.415270e+13 1.871089e-27 6.390273e-14 1.353343e+01 -1.319448e+01
3.407506e+13 1.939713e-27 6.609583e-14 1.353244e+01 -1.317983e+01
3.399778e+13 1.867808e-27 6.350132e-14 1.353145e+01 -1.319722e+01
3.392084e+13 1.809212e-27 6.137000e-14 1.353047e+01 -1.321204e+01
3.384425e+13 1.772869e-27 6.000144e-14 1.352948e+01 -1.322184e+01
3.376801e+13 1.828112e-27 6.173170e-14 1.352851e+01 -1.320949e+01
3.369211e+13 1.930279e-27 6.503516e-14 1.352753e+01 -1.318685e+01
3.361655e+13 1.927004e-27 6.477923e-14 1.352655e+01 -1.318856e+01
3.354133e+13 1.860851e-27 6.241541e-14 1.352558e+01 -1.320471e+01
3.346644e+13 1.828308e-27 6.118696e-14 1.352461e+01 -1.321334e+01
3.339189e+13 1.784859e-27 5.959982e-14 1.352364e+01 -1.322476e+01
3.331767e+13 1.877472e-27 6.255301e-14 1.352267e+01 -1.320375e+01
3.324378e+13 1.743192e-27 5.795030e-14 1.352171e+01 -1.323694e+01
3.317021e+13 1.827422e-27 6.061599e-14 1.352075e+01 -1.321741e+01
3.309698e+13 1.817606e-27 6.015725e-14 1.351979e+01 -1.322071e+01
3.302406e+13 1.818644e-27 6.005900e-14 1.351883e+01 -1.322142e+01
3.295146e+13 1.754780e-27 5.782257e-14 1.351787e+01 -1.323790e+01
3.287918e+13 1.817160e-27 5.974673e-14 1.351692e+01 -1.322369e+01
3.280722e+13 1.746341e-27 5.729260e-14 1.351597e+01 -1.324190e+01
3.273558e+13 1.752163e-27 5.735805e-14 1.351502e+01 -1.324141e+01
3.266424e+13 1.778420e-27 5.809072e-14 1.351407e+01 -1.323589e+01
3.259322e+13 1.799109e-27 5.863874e-14 1.351313e+01 -1.323182e+01
3.252250e+13 1.737063e-27 5.649363e-14 1.351218e+01 -1.324800e+01
3.245209e+13 1.786842e-27 5.798676e-14 1.351124e+01 -1.323667e+01
3.238198e+13 1.677526e-27 5.432163e-14 1.351030e+01 -1.326503e+01
3.231218e+13 1.698982e-27 5.489781e-14 1.350937e+01 -1.326044e+01
3.224268e+13 1.717220e-27 5.536778e-14 1.350843e+01 -1.325674e+01
3.217347e+13 1.787593e-27 5.751308e-14 1.350750e+01 -1.324023e+01
3.210456e+13 1.767353e-27 5.674010e-14 1.350657e+01 -1.324611e+01
3.203595e+13 1.690381e-27 5.415295e-14 1.350564e+01 -1.326638e+01
3.196763e+13 1.739430e-27 5.560546e-14 1.350471e+01 -1.325488e+01
3.189960e+13 1.722646e-27 5.495171e-14 1.350379e+01 -1.326002e+01
3.183185e+13 1.766135e-27 5.621935e-14 1.350286e+01 -1.325011e+01
3.176440e+13 1.734316e-27 5.508951e-14 1.350194e+01 -1.325893e+01
3.169723e+13 1.668110e-27 5.287446e-14 1.350102e+01 -1.327675e+01
3.163034e+13 1.642919e-27 5.196611e-14 1.350010e+01 -1.328428e+01
3.156374e+13 1.691878e-27 5.340201e-14 1.349919e+01 -1.327244e+01
3.149742e+13 1.702527e-27 5.362521e-14 1.349827e+01 -1.327063e+01
3.143137e+13 1.715428e-27 5.391824e-14 1.349736e+01 -1.326826e+01
3.136560e+13 1.657917e-27 5.200157e-14 1.349645e+01 -1.328398e+01
3.130010e+13 1.643498e-27 5.144167e-14 1.349555e+01 -1.328868e+01
3.123488e+13 1.661320e-27 5.189112e-14 1.349464e+01 -1.328491e+01
3.116993e+13 1.618207e-27 5.043941e-14 1.349374e+01 -1.329723e+01
3.110525e+13 1.657168e-27 5.154663e-14 1.349283e+01 -1.328780e+01
3.104084e+13 1.648666e-27 5.117597e-14 1.349193e+01 -1.329093e+01
3.097669e+13 1.650957e-27 5.114118e-14 1.349104e+01 -1.329123e+01
3.091281e+13 1.659157e-27 5.128919e-14 1.349014e+01 -1.328997e+01
3.091281e+12 6.987882e-27 2.160151e-13 1.200000e+01 -2.000000e+01
3.091281e+11 6.987882e-27 2.160151e-13 1.100000e+01 -2.000000e+01
3.091281e+10 6.987882e-27 2.160151e-13 1.000000e+01 -2.000000e+01
3.091281e+09 6.987882e-27 2.160151e-13 9.000000e+00 -2.000000e+01
3.091281e+08 6.987882e-27 2.160151e-13 8.000000e+00 -2.000000e+01
3.091281e+07 6.987882e-27 2.160151e-13 7.000000e+00 -2.000000e+01