1.000000e+08 3.391145e-39 3.391145e-31 8.000000 -38.469654 -30.469654
1.258925e+08 4.269142e-39 5.374531e-31 8.100000 -38.369659 -30.269659
1.584893e+08 1.213156e-38 1.922722e-30 8.200000 -37.916083 -29.716083
1.995262e+08 2.596698e-38 5.181095e-30 8.300000 -37.585578 -29.285578
2.511886e+08 4.961514e-38 1.246276e-29 8.400000 -37.304386 -28.904386
3.162278e+08 8.924445e-38 2.822157e-29 8.500000 -37.049419 -28.549419
3.981072e+08 1.547302e-37 6.159920e-29 8.600000 -36.810425 -28.210425
5.011872e+08 2.618320e-37 1.312268e-28 8.700000 -36.581977 -27.881977
6.309573e+08 4.355503e-37 2.748136e-28 8.800000 -36.360962 -27.560962
7.943282e+08 7.148871e-37 5.678550e-28 8.900000 -36.145763 -27.245763
1.000000e+09 1.158623e-36 1.158623e-27 9.000000 -35.936058 -26.936058
1.258925e+09 1.851157e-36 2.330468e-27 9.100000 -35.732557 -26.632557
1.584893e+09 2.907644e-36 4.608306e-27 9.200000 -35.536459 -26.336459
1.995262e+09 4.478191e-36 8.935166e-27 9.300000 -35.348897 -26.048897
2.511886e+09 6.750846e-36 1.695736e-26 9.400000 -35.170642 -25.770642
3.162278e+09 9.953375e-36 3.147533e-26 9.500000 -35.002030 -25.502030
3.981072e+09 1.435561e-35 5.715072e-26 9.600000 -34.842978 -25.242978
5.011872e+09 2.027648e-35 1.016231e-25 9.700000 -34.693007 -24.993007
6.309573e+09 2.809895e-35 1.772924e-25 9.800000 -34.551310 -24.751310
7.943282e+09 3.829304e-35 3.041725e-25 9.900000 -34.416880 -24.516880
1.000000e+10 5.144531e-35 5.144531e-25 10.000000 -34.288654 -24.288654
1.258925e+10 6.829388e-35 8.597690e-25 10.100000 -34.165618 -24.065618
1.584893e+10 8.976991e-35 1.422757e-24 10.200000 -34.046869 -23.846869
1.995262e+10 1.170476e-34 2.335407e-24 10.300000 -33.931637 -23.631637
2.511886e+10 1.516058e-34 3.808166e-24 10.400000 -33.819284 -23.419284
3.162278e+10 1.953046e-34 6.176073e-24 10.500000 -33.709288 -23.209288
3.981072e+10 2.504811e-34 9.971832e-24 10.600000 -33.601225 -23.001225
5.011872e+10 3.200702e-34 1.604151e-23 10.700000 -33.494755 -22.794755
6.309573e+10 4.077551e-34 2.572761e-23 10.800000 -33.389601 -22.589601
7.943282e+10 5.181572e-34 4.115869e-23 10.900000 -33.285538 -22.385538
1.000000e+11 6.570737e-34 6.570737e-23 11.000000 -33.182386 -22.182386
1.258925e+11 8.317754e-34 1.047143e-22 11.100000 -33.079994 -21.979994
1.584893e+11 1.051380e-33 1.666324e-22 11.200000 -32.978240 -21.778240
1.995262e+11 1.327317e-33 2.648345e-22 11.300000 -32.877025 -21.577025
2.511886e+11 1.673912e-33 4.204677e-22 11.400000 -32.776267 -21.376267
3.162278e+11 2.109106e-33 6.669578e-22 11.500000 -32.675902 -21.175902
3.981072e+11 2.655350e-33 1.057114e-21 11.600000 -32.575878 -20.975878
5.011872e+11 3.340710e-33 1.674321e-21 11.700000 -32.476161 -20.776161
6.309573e+11 4.200215e-33 2.650157e-21 11.800000 -32.376728 -20.576728
7.943282e+11 5.277510e-33 4.192075e-21 11.900000 -32.277571 -20.377571
1.000000e+12 6.626859e-33 6.626859e-21 12.000000 -32.178692 -20.178692
1.258925e+12 8.315567e-33 1.046868e-20 12.100000 -32.080108 -19.980108
1.584893e+12 1.042688e-32 1.652550e-20 12.200000 -31.981845 -19.781845
1.995262e+12 1.306347e-32 2.606504e-20 12.300000 -31.883942 -19.583942
2.511886e+12 1.635145e-32 4.107298e-20 12.400000 -31.786444 -19.386444
3.162278e+12 2.044523e-32 6.465349e-20 12.500000 -31.689408 -19.189408
3.981072e+12 2.553297e-32 1.016486e-19 12.600000 -31.592899 -18.992899
5.011872e+12 3.184288e-32 1.595924e-19 12.700000 -31.496988 -18.796988
6.309573e+12 3.965028e-32 2.501763e-19 12.800000 -31.401754 -18.601754
7.943282e+12 4.928542e-32 3.914880e-19 12.900000 -31.307282 -18.407282
1.000000e+13 6.114188e-32 6.114188e-19 13.000000 -31.213661 -18.213661
1.258925e+13 7.568524e-32 9.528208e-19 13.100000 -31.120989 -18.020989
1.584893e+13 9.346106e-32 1.481258e-18 13.200000 -31.029369 -17.829369
1.995262e+13 1.150997e-31 2.296540e-18 13.300000 -30.938926 -17.638926
2.511886e+13 1.413119e-31 3.549594e-18 13.400000 -30.849821 -17.449821
3.162278e+13 1.728893e-31 5.467238e-18 13.500000 -30.762232 -17.262232
3.981072e+13 2.107224e-31 8.389011e-18 13.600000 -30.676289 -17.076289
5.011872e+13 2.557993e-31 1.282033e-17 13.700000 -30.592101 -16.892101
6.309573e+13 3.091803e-31 1.950796e-17 13.800000 -30.509788 -16.709788
7.943282e+13 3.719736e-31 2.954691e-17 13.900000 -30.429488 -16.529488
1.000000e+14 4.452944e-31 4.452944e-17 14.000000 -30.351353 -16.351353
1.258925e+14 5.302004e-31 6.674828e-17 14.100000 -30.275560 -16.175560
1.584893e+14 6.275974e-31 9.946748e-17 14.200000 -30.202319 -16.002319
1.995262e+14 7.381083e-31 1.472720e-16 14.300000 -30.131880 -15.831880
2.511886e+14 8.619174e-31 2.165039e-16 14.400000 -30.064534 -15.664534
3.162278e+14 9.986213e-31 3.157918e-16 14.500000 -30.000599 -15.500599
3.981072e+14 1.147115e-30 4.566747e-16 14.600000 -29.940393 -15.340393
5.011872e+14 1.305550e-30 6.543251e-16 14.700000 -29.884206 -15.184206
6.309573e+14 1.471395e-30 9.283873e-16 14.800000 -29.832271 -15.032271
7.943282e+14 1.641608e-30 1.303976e-15 14.900000 -29.784730 -14.884730
1.000000e+15 1.812908e-30 1.812908e-15 15.000000 -29.741624 -14.741624
1.258925e+15 1.982053e-30 2.495257e-15 15.100000 -29.702885 -14.602885
1.584893e+15 2.146051e-30 3.401261e-15 15.200000 -29.668360 -14.468360
1.995262e+15 2.302259e-30 4.593611e-15 15.300000 -29.637846 -14.337846
2.511886e+15 2.448398e-30 6.150098e-15 15.400000 -29.611118 -14.211118
3.162278e+15 2.582423e-30 8.166340e-15 15.500000 -29.587973 -14.087973
3.981072e+15 2.702492e-30 1.075881e-14 15.600000 -29.568236 -13.968236
5.011872e+15 2.806870e-30 1.406768e-14 15.700000 -29.551778 -13.851778
6.309573e+15 2.893902e-30 1.825929e-14 15.800000 -29.538516 -13.738516
7.943282e+15 2.961954e-30 2.352764e-14 15.900000 -29.528422 -13.628422
1.000000e+16 3.009494e-30 3.009494e-14 16.000000 -29.521507 -13.521507
1.258925e+16 3.035145e-30 3.821021e-14 16.100000 -29.517821 -13.417821
1.584893e+16 3.037778e-30 4.814554e-14 16.200000 -29.517444 -13.317444
1.995262e+16 3.016633e-30 6.018973e-14 16.300000 -29.520478 -13.220478
2.511886e+16 2.971445e-30 7.463932e-14 16.400000 -29.527032 -13.127032
3.162278e+16 2.902571e-30 9.178735e-14 16.500000 -29.537217 -13.037217
3.981072e+16 2.811104e-30 1.119121e-13 16.600000 -29.551123 -12.951123
5.011872e+16 2.698899e-30 1.352654e-13 16.700000 -29.568813 -12.868813
6.309573e+16 2.568577e-30 1.620662e-13 16.800000 -29.590307 -12.790307
7.943282e+16 2.423434e-30 1.925002e-13 16.900000 -29.615569 -12.715569
1.000000e+17 2.267263e-30 2.267263e-13 17.000000 -29.644498 -12.644498
1.258925e+17 2.104112e-30 2.648920e-13 17.100000 -29.676931 -12.576931
1.584893e+17 1.938010e-30 3.071539e-13 17.200000 -29.712644 -12.512644
1.995262e+17 1.772627e-30 3.536856e-13 17.300000 -29.751383 -12.451383
2.511886e+17 1.611149e-30 4.047024e-13 17.400000 -29.792864 -12.392864
3.162278e+17 1.456119e-30 4.604651e-13 17.500000 -29.836803 -12.336803
3.981072e+17 1.309361e-30 5.212662e-13 17.600000 -29.882940 -12.282940
5.011872e+17 1.172033e-30 5.874080e-13 17.700000 -29.931060 -12.231060
6.309573e+17 1.044770e-30 6.592050e-13 17.800000 -29.980980 -12.180980
7.943282e+17 9.277886e-31 7.369687e-13 17.900000 -30.032551 -12.132551
1.000000e+18 8.209939e-31 8.209939e-13 18.000000 -30.085660 -12.085660
1.258925e+18 7.240692e-31 9.115491e-13 18.100000 -30.140220 -12.040220
1.584893e+18 6.365488e-31 1.008862e-12 18.200000 -30.196168 -11.996168
1.995262e+18 5.578709e-31 1.113099e-12 18.300000 -30.253466 -11.953466
2.511886e+18 4.874227e-31 1.224350e-12 18.400000 -30.312094 -11.912094
3.162278e+18 4.245712e-31 1.342612e-12 18.500000 -30.372050 -11.872050
3.981072e+18 3.686783e-31 1.467735e-12 18.600000 -30.433352 -11.833352
5.011872e+18 3.191234e-31 1.599406e-12 18.700000 -30.496041 -11.796041
6.309573e+18 2.753193e-31 1.737147e-12 18.800000 -30.560163 -11.760163
7.943282e+18 2.367006e-31 1.880180e-12 18.900000 -30.625801 -11.725801
1.000000e+19 2.027490e-31 2.027490e-12 19.000000 -30.693041 -11.693041
1.258925e+19 1.729885e-31 2.177796e-12 19.100000 -30.761983 -11.661983
1.584893e+19 1.469836e-31 2.329534e-12 19.200000 -30.832731 -11.632731
1.995262e+19 1.243379e-31 2.480866e-12 19.300000 -30.905397 -11.605397
2.511886e+19 1.046927e-31 2.629762e-12 19.400000 -30.980084 -11.580084
3.162278e+19 8.772346e-32 2.774059e-12 19.500000 -31.056884 -11.556884
3.981072e+19 7.313667e-32 2.911623e-12 19.600000 -31.135865 -11.535865
5.011872e+19 6.066465e-32 3.040435e-12 19.700000 -31.217064 -11.517064
6.309573e+19 5.006286e-32 3.158753e-12 19.800000 -31.300484 -11.500484
7.943282e+19 4.110749e-32 3.265284e-12 19.900000 -31.386079 -11.486079
1.000000e+20 3.359357e-32 3.359357e-12 20.000000 -31.473744 -11.473744
1.258925e+20 2.733093e-32 3.440761e-12 20.100000 -31.563346 -11.463346
1.584893e+20 2.214544e-32 3.509816e-12 20.200000 -31.654716 -11.454716
1.995262e+20 1.787832e-32 3.567195e-12 20.300000 -31.747673 -11.447673
2.511886e+20 1.438620e-32 3.613650e-12 20.400000 -31.842054 -11.442054
3.162278e+20 1.154142e-32 3.649717e-12 20.500000 -31.937741 -11.437741
3.981072e+20 9.232827e-33 3.675654e-12 20.600000 -32.034665 -11.434665
5.011872e+20 7.365026e-33 3.691257e-12 20.700000 -32.132826 -11.432826
6.309573e+20 5.857740e-33 3.695984e-12 20.800000 -32.232270 -11.432270
7.943282e+20 4.644030e-33 3.688884e-12 20.900000 -32.333105 -11.433105
1.000000e+21 3.668923e-33 3.668923e-12 21.000000 -32.435461 -11.435461
1.258925e+21 2.887365e-33 3.634977e-12 21.100000 -32.539498 -11.439498
1.584893e+21 2.262531e-33 3.585870e-12 21.200000 -32.645405 -11.445405
1.995262e+21 1.764441e-33 3.520522e-12 21.300000 -32.753393 -11.453393
2.511886e+21 1.368670e-33 3.437945e-12 21.400000 -32.863701 -11.463701
3.162278e+21 1.055347e-33 3.337301e-12 21.500000 -32.976605 -11.476605
3.981072e+21 8.083214e-34 3.217986e-12 21.600000 -33.092416 -11.492416
5.011872e+21 6.144683e-34 3.079637e-12 21.700000 -33.211500 -11.511500
6.309573e+21 4.631476e-34 2.922264e-12 21.800000 -33.334281 -11.534281
7.943282e+21 3.457561e-34 2.746439e-12 21.900000 -33.461230 -11.561230
1.000000e+22 2.553240e-34 2.553240e-12 22.000000 -33.592908 -11.592908
1.258925e+22 1.862184e-34 2.344351e-12 22.100000 -33.729977 -11.629977
1.584893e+22 1.339076e-34 2.122293e-12 22.200000 -33.873195 -11.673195
1.995262e+22 9.474533e-35 1.890418e-12 22.300000 -34.023442 -11.723442
2.511886e+22 6.580294e-35 1.652895e-12 22.400000 -34.181755 -11.781755
3.162278e+22 4.473569e-35 1.414667e-12 22.500000 -34.349346 -11.849346
3.981072e+22 2.967408e-35 1.181346e-12 22.600000 -34.527623 -11.927623
5.011872e+22 1.912975e-35 9.587586e-13 22.700000 -34.718291 -12.018291
6.309573e+22 1.192940e-35 7.526944e-13 22.800000 -34.923381 -12.123381
7.943282e+22 7.155952e-36 5.684175e-13 22.900000 -35.145333 -12.245333
1.000000e+23 4.101021e-36 4.101021e-13 23.000000 -35.387108 -12.387108
1.258925e+23 2.228069e-36 2.804973e-13 23.100000 -35.652071 -12.552071
1.584893e+23 1.135737e-36 1.800022e-13 23.200000 -35.944722 -12.744722
1.995262e+23 5.365856e-37 1.070629e-13 23.300000 -36.270361 -12.970361
2.511886e+23 2.310015e-37 5.802496e-14 23.400000 -36.636385 -13.236385
3.162278e+23 8.862145e-38 2.802456e-14 23.500000 -37.052461 -13.552461
3.981072e+23 2.947464e-38 1.173406e-14 23.600000 -37.530552 -13.930552
5.011872e+23 8.235412e-39 4.127484e-15 23.700000 -38.084315 -14.384315
6.309573e+23 1.865019e-39 1.176747e-15 23.800000 -38.729317 -14.929317
7.943282e+23 3.186723e-40 2.531304e-16 23.900000 -39.496656 -15.596656
1.000000e+24 3.861760e-41 3.861760e-17 24.000000 -40.413215 -16.413215
1.258925e+24 2.783498e-42 3.504216e-18 24.100000 -41.555409 -17.455409
1.584893e+24 9.124904e-44 1.446200e-19 24.200000 -43.039772 -18.839772
1.995262e+24 5.160945e-46 1.029744e-21 24.300000 -45.287271 -20.987271
2.511886e+24 1.391523e-48 3.495347e-24 24.400000 -47.856510 -23.456510
3.162278e+24 5.620289e-53 1.777291e-28 24.500000 -52.250241 -27.750241
3.981072e+24 2.766333e-59 1.101297e-34 24.600000 -58.558095 -33.958095
5.011872e+24 6.680974e-77 3.348419e-52 24.700000 -76.175160 -51.475160
6.309573e+24 8.045822e-133 5.076570e-108 24.800000 -132.094430 -107.294430
