1.000000e+08 1.742829e-27 1.742829e-19 8.000000 -26.758745 -18.758745
1.258925e+08 2.762884e-27 3.478264e-19 8.100000 -26.558637 -18.458637
1.584893e+08 4.409107e-27 6.987964e-19 8.200000 -26.355649 -18.155649
1.995262e+08 7.115626e-27 1.419754e-18 8.300000 -26.147787 -17.847787
2.511886e+08 1.176396e-26 2.954972e-18 8.400000 -25.929447 -17.529447
3.162278e+08 2.019293e-26 6.385564e-18 8.500000 -25.694801 -17.194801
3.981072e+08 3.627006e-26 1.443937e-17 8.600000 -25.440452 -16.840452
5.011872e+08 6.794552e-26 3.405343e-17 8.700000 -25.167839 -16.467839
6.309573e+08 1.304713e-25 8.232185e-17 8.800000 -24.884485 -16.084485
7.943282e+08 2.492633e-25 1.979969e-16 8.900000 -24.603342 -15.703342
1.000000e+09 4.603405e-25 4.603405e-16 9.000000 -24.336921 -15.336921
1.258925e+09 8.097486e-25 1.019413e-15 9.100000 -24.091650 -14.991650
1.584893e+09 1.353998e-24 2.145943e-15 9.200000 -23.868382 -14.668382
1.995262e+09 2.157792e-24 4.305361e-15 9.300000 -23.665990 -14.365990
2.511886e+09 3.284270e-24 8.249714e-15 9.400000 -23.483561 -14.083561
3.162278e+09 4.781478e-24 1.512036e-14 9.500000 -23.320438 -13.820438
3.981072e+09 6.672921e-24 2.656538e-14 9.600000 -23.175684 -13.575684
5.011872e+09 8.952137e-24 4.486697e-14 9.700000 -23.048073 -13.348073
6.309573e+09 1.157043e-23 7.300446e-14 9.800000 -22.936651 -13.136651
7.943282e+09 1.441831e-23 1.145287e-13 9.900000 -22.841086 -12.941086
1.000000e+10 1.733407e-23 1.733407e-13 10.000000 -22.761099 -12.761099
1.258925e+10 2.015201e-23 2.536988e-13 10.100000 -22.695682 -12.595682
1.584893e+10 2.275002e-23 3.605635e-13 10.200000 -22.643018 -12.443018
1.995262e+10 2.506287e-23 5.000700e-13 10.300000 -22.600969 -12.300969
2.511886e+10 2.706707e-23 6.798941e-13 10.400000 -22.567559 -12.167559
3.162278e+10 2.875777e-23 9.094006e-13 10.500000 -22.541245 -12.041245
3.981072e+10 3.013061e-23 1.199521e-12 10.600000 -22.520992 -11.920992
5.011872e+10 3.117184e-23 1.562293e-12 10.700000 -22.506238 -11.806238
6.309573e+10 3.185551e-23 2.009947e-12 10.800000 -22.496815 -11.696815
7.943282e+10 3.214602e-23 2.553449e-12 10.900000 -22.492873 -11.592873
1.000000e+11 3.200459e-23 3.200459e-12 11.000000 -22.494788 -11.494788
1.258925e+11 3.139882e-23 3.952877e-12 11.100000 -22.503087 -11.403087
1.584893e+11 3.031399e-23 4.804443e-12 11.200000 -22.518357 -11.318357
1.995262e+11 2.876409e-23 5.739191e-12 11.300000 -22.541149 -11.241149
2.511886e+11 2.679937e-23 6.731697e-12 11.400000 -22.571875 -11.171875
3.162278e+11 2.450706e-23 7.749813e-12 11.500000 -22.610709 -11.110709
3.981072e+11 2.200370e-23 8.759831e-12 11.600000 -22.657504 -11.057504
5.011872e+11 1.941967e-23 9.732889e-12 11.700000 -22.711758 -11.011758
6.309573e+11 1.688080e-23 1.065107e-11 11.800000 -22.772607 -10.972607
7.943282e+11 1.449172e-23 1.151118e-11 11.900000 -22.838880 -10.938880
1.000000e+12 1.232477e-23 1.232477e-11 12.000000 -22.909221 -10.909221
1.258925e+12 1.041661e-23 1.311373e-11 12.100000 -22.982274 -10.882274
1.584893e+12 8.772050e-24 1.390276e-11 12.200000 -23.056899 -10.856899
1.995262e+12 7.373468e-24 1.471200e-11 12.300000 -23.132328 -10.832328
2.511886e+12 6.191960e-24 1.555350e-11 12.400000 -23.208172 -10.808172
3.162278e+12 5.196270e-24 1.643205e-11 12.500000 -23.284308 -10.784308
3.981072e+12 4.357618e-24 1.734799e-11 12.600000 -23.360751 -10.760751
5.011872e+12 3.651177e-24 1.829923e-11 12.700000 -23.437567 -10.737567
6.309573e+12 3.055963e-24 1.928182e-11 12.800000 -23.514852 -10.714852
7.943282e+12 2.554316e-24 2.028965e-11 12.900000 -23.592725 -10.692725
1.000000e+13 2.131385e-24 2.131385e-11 13.000000 -23.671338 -10.671338
1.258925e+13 1.774686e-24 2.234197e-11 13.100000 -23.750878 -10.650878
1.584893e+13 1.473729e-24 2.335703e-11 13.200000 -23.831582 -10.631582
1.995262e+13 1.219707e-24 2.433636e-11 13.300000 -23.913744 -10.613744
2.511886e+13 1.005239e-24 2.525046e-11 13.400000 -23.997731 -10.597731
3.162278e+13 8.241443e-25 2.606173e-11 13.500000 -24.083997 -10.583997
3.981072e+13 6.712648e-25 2.672353e-11 13.600000 -24.173106 -10.573106
5.011872e+13 5.423086e-25 2.717982e-11 13.700000 -24.265753 -10.565753
6.309573e+13 4.337200e-25 2.736588e-11 13.800000 -24.362791 -10.562791
7.943282e+13 3.425663e-25 2.721101e-11 13.900000 -24.465255 -10.565255
1.000000e+14 2.664386e-25 2.664386e-11 14.000000 -24.574403 -10.574403
1.258925e+14 2.033584e-25 2.560131e-11 14.100000 -24.691738 -10.591738
1.584893e+14 1.516890e-25 2.404109e-11 14.200000 -24.819046 -10.619046
1.995262e+14 1.100460e-25 2.195706e-11 14.300000 -24.958426 -10.658426
2.511886e+14 7.721058e-26 1.939442e-11 14.400000 -25.112323 -10.712323
3.162278e+14 5.205047e-26 1.645980e-11 14.500000 -25.283575 -10.783575
3.981072e+14 3.345899e-26 1.332026e-11 14.600000 -25.475487 -10.875487
5.011872e+14 2.032515e-26 1.018671e-11 14.700000 -25.691966 -10.991966
6.309573e+14 1.154113e-26 7.281959e-12 14.800000 -25.937752 -11.137752
7.943282e+14 6.042932e-27 4.800071e-12 14.900000 -26.218752 -11.318752
1.000000e+15 2.867615e-27 2.867615e-12 15.000000 -26.542479 -11.542479
1.258925e+15 1.206320e-27 1.518666e-12 15.100000 -26.918538 -11.818538
1.584893e+15 4.373578e-28 6.931653e-13 15.200000 -27.359163 -12.159163
1.995262e+15 1.318709e-28 2.631170e-13 15.300000 -27.879851 -12.579851
2.511886e+15 3.161124e-29 7.940386e-14 15.400000 -28.500158 -13.100158
3.162278e+15 5.691829e-30 1.799914e-14 15.500000 -29.244748 -13.744748
3.981072e+15 7.165948e-31 2.852815e-15 15.600000 -30.144726 -14.544726
5.011872e+15 5.763252e-32 2.888468e-16 15.700000 -31.239332 -15.539332
6.309573e+15 2.641993e-33 1.666985e-17 15.800000 -32.578068 -16.778068
7.943282e+15 5.978858e-35 4.749176e-19 15.900000 -34.223382 -18.323382
1.000000e+16 5.571271e-37 5.571271e-21 16.000000 -36.254046 -20.254046
1.258925e+16 1.700498e-39 2.140801e-23 16.100000 -38.769424 -22.669424
1.584893e+16 1.273934e-42 2.019050e-26 16.200000 -41.894853 -25.694853
1.995262e+16 1.627634e-46 3.247556e-30 16.300000 -45.788443 -29.488443
2.511886e+16 2.240432e-51 5.627712e-35 16.400000 -50.649668 -34.249668
3.162278e+16 1.861199e-57 5.885626e-41 16.500000 -56.730207 -40.230207
3.981072e+16 4.491477e-65 1.788089e-48 16.600000 -64.347611 -47.747611
5.011872e+16 1.251808e-74 6.273903e-58 16.700000 -73.902462 -57.202462
6.309573e+16 1.259169e-86 7.944818e-70 16.800000 -85.899916 -69.099916
7.943282e+16 1.054699e-101 8.377773e-85 16.900000 -100.976871 -84.076871
1.000000e+17 1.157566e-120 1.157566e-103 17.000000 -119.936454 -102.936454
1.258925e+17 1.617097e-144 2.035804e-127 17.100000 -143.791264 -126.691264
1.584893e+17 1.525357e-174 2.417528e-157 17.200000 -173.816629 -156.616629
1.995262e+17 2.417086e-212 4.822721e-195 17.300000 -211.616708 -194.316708
2.511886e+17 6.187973e-260 1.554348e-242 17.400000 -259.208452 -241.808452
