2.4277E+22	7.2385E-12	3.2549E-12	5.9143E-12
2.4373E+22	7.2377E-12	3.2513E-12	5.9031E-12
2.4472E+22	7.2368E-12	3.2477E-12	5.8917E-12
2.4569E+22	7.2360E-12	3.2441E-12	5.8805E-12
2.4668E+22	7.2351E-12	3.2405E-12	5.8693E-12
2.4767E+22	7.2343E-12	3.2370E-12	5.8582E-12
2.4867E+22	7.2334E-12	3.2334E-12	5.8470E-12
2.4968E+22	7.2326E-12	3.2298E-12	5.8358E-12
2.5067E+22	7.2317E-12	3.2262E-12	5.8247E-12
2.5169E+22	7.2309E-12	3.2226E-12	5.8135E-12
2.5268E+22	7.2300E-12	3.2190E-12	5.8024E-12
2.5370E+22	7.2292E-12	3.2154E-12	5.7912E-12
2.5471E+22	7.2283E-12	3.2118E-12	5.7801E-12
2.5575E+22	7.2275E-12	3.2083E-12	5.7692E-12
2.5677E+22	7.2266E-12	3.2047E-12	5.7581E-12
2.5781E+22	7.2258E-12	3.2011E-12	5.7470E-12
2.5885E+22	7.2249E-12	3.1974E-12	5.7359E-12
2.5989E+22	7.2241E-12	3.1939E-12	5.7250E-12
2.6093E+22	7.2232E-12	3.1903E-12	5.7139E-12
2.6196E+22	7.2224E-12	3.1867E-12	5.7028E-12
2.6300E+22	7.2215E-12	3.1831E-12	5.6920E-12
2.6407E+22	7.2207E-12	3.1795E-12	5.6809E-12
2.6513E+22	7.2198E-12	3.1759E-12	5.6701E-12
2.6620E+22	7.2190E-12	3.1723E-12	5.6590E-12
2.6726E+22	7.2181E-12	3.1687E-12	5.6482E-12
2.6835E+22	7.2173E-12	3.1651E-12	5.6372E-12
2.6941E+22	7.2164E-12	3.1615E-12	5.6264E-12
2.7050E+22	7.2156E-12	3.1579E-12	5.6155E-12
2.7159E+22	7.2147E-12	3.1543E-12	5.6045E-12
2.7268E+22	7.2139E-12	3.1507E-12	5.5937E-12
2.7376E+22	7.2130E-12	3.1471E-12	5.5829E-12
2.7485E+22	7.2122E-12	3.1435E-12	5.5721E-12
2.7597E+22	7.2113E-12	3.1399E-12	5.5614E-12
2.7708E+22	7.2105E-12	3.1362E-12	5.5504E-12
2.7819E+22	7.2096E-12	3.1326E-12	5.5397E-12
2.7930E+22	7.2088E-12	3.1290E-12	5.5289E-12
2.8041E+22	7.2079E-12	3.1254E-12	5.5182E-12
2.8155E+22	7.2071E-12	3.1218E-12	5.5074E-12
2.8269E+22	7.2063E-12	3.1182E-12	5.4967E-12
2.8382E+22	7.2054E-12	3.1147E-12	5.4861E-12
2.8496E+22	7.2046E-12	3.1110E-12	5.4754E-12
2.8610E+22	7.2037E-12	3.1074E-12	5.4647E-12
2.8723E+22	7.2029E-12	3.1038E-12	5.4540E-12
2.8839E+22	7.2020E-12	3.1002E-12	5.4433E-12
2.8955E+22	7.2012E-12	3.0966E-12	5.4328E-12
2.9071E+22	7.2003E-12	3.0930E-12	5.4221E-12
2.9188E+22	7.1995E-12	3.0894E-12	5.4114E-12
2.9306E+22	7.1986E-12	3.0858E-12	5.4010E-12
2.9422E+22	7.1978E-12	3.0821E-12	5.3903E-12
2.9541E+22	7.1969E-12	3.0785E-12	5.3797E-12
2.9659E+22	7.1961E-12	3.0749E-12	5.3692E-12
2.9778E+22	7.1952E-12	3.0713E-12	5.3586E-12
2.9898E+22	7.1944E-12	3.0677E-12	5.3481E-12
3.0019E+22	7.1936E-12	3.0641E-12	5.3377E-12
3.0138E+22	7.1927E-12	3.0604E-12	5.3271E-12
3.0259E+22	7.1919E-12	3.0569E-12	5.3166E-12
3.0382E+22	7.1910E-12	3.0533E-12	5.3062E-12
3.0503E+22	7.1902E-12	3.0496E-12	5.2956E-12
3.0626E+22	7.1893E-12	3.0460E-12	5.2853E-12
3.0747E+22	7.1885E-12	3.0424E-12	5.2749E-12
3.0870E+22	7.1876E-12	3.0388E-12	5.2645E-12
3.0996E+22	7.1868E-12	3.0352E-12	5.2541E-12
3.1120E+22	7.1859E-12	3.0315E-12	5.2437E-12
3.1245E+22	7.1851E-12	3.0279E-12	5.2334E-12
3.1371E+22	7.1843E-12	3.0243E-12	5.2230E-12
3.1497E+22	7.1834E-12	3.0207E-12	5.2127E-12
3.1622E+22	7.1826E-12	3.0171E-12	5.2023E-12
3.1748E+22	7.1817E-12	3.0134E-12	5.1920E-12
3.1876E+22	7.1809E-12	3.0098E-12	5.1817E-12
3.2005E+22	7.1800E-12	3.0062E-12	5.1715E-12
3.2133E+22	7.1792E-12	3.0026E-12	5.1612E-12
3.2263E+22	7.1783E-12	2.9990E-12	5.1509E-12
3.2391E+22	7.1775E-12	2.9953E-12	5.1406E-12
3.2522E+22	7.1767E-12	2.9917E-12	5.1305E-12
3.2653E+22	7.1758E-12	2.9881E-12	5.1202E-12
3.2783E+22	7.1750E-12	2.9845E-12	5.1101E-12
3.2914E+22	7.1741E-12	2.9809E-12	5.0998E-12
3.3047E+22	7.1733E-12	2.9773E-12	5.0898E-12
3.3180E+22	7.1724E-12	2.9736E-12	5.0795E-12
3.3313E+22	7.1716E-12	2.9700E-12	5.0694E-12
3.3446E+22	7.1708E-12	2.9664E-12	5.0592E-12
3.3581E+22	7.1699E-12	2.9627E-12	5.0491E-12
3.3716E+22	7.1691E-12	2.9591E-12	5.0391E-12
3.3849E+22	7.1682E-12	2.9555E-12	5.0291E-12
3.3987E+22	7.1674E-12	2.9519E-12	5.0188E-12
3.4123E+22	7.1665E-12	2.9482E-12	5.0088E-12
3.4260E+22	7.1657E-12	2.9446E-12	4.9988E-12
3.4398E+22	7.1649E-12	2.9410E-12	4.9888E-12
3.4536E+22	7.1640E-12	2.9374E-12	4.9788E-12
3.4674E+22	7.1632E-12	2.9338E-12	4.9688E-12
3.4814E+22	7.1623E-12	2.9301E-12	4.9588E-12
3.4952E+22	7.1615E-12	2.9265E-12	4.9488E-12
3.5092E+22	7.1606E-12	2.9229E-12	4.9388E-12
3.5235E+22	7.1598E-12	2.9192E-12	4.9289E-12
3.5375E+22	7.1590E-12	2.9157E-12	4.9191E-12
3.5518E+22	7.1581E-12	2.9120E-12	4.9091E-12
3.5661E+22	7.1573E-12	2.9084E-12	4.8992E-12
3.5803E+22	7.1564E-12	2.9048E-12	4.8894E-12
3.5946E+22	7.1556E-12	2.9011E-12	4.8795E-12
3.6091E+22	7.1547E-12	2.8975E-12	4.8695E-12
3.6236E+22	7.1539E-12	2.8939E-12	4.8598E-12
3.6381E+22	7.1531E-12	2.8903E-12	4.8499E-12
3.6526E+22	7.1522E-12	2.8867E-12	4.8401E-12
3.6674E+22	7.1514E-12	2.8830E-12	4.8302E-12
3.6821E+22	7.1505E-12	2.8794E-12	4.8205E-12
3.6969E+22	7.1497E-12	2.8758E-12	4.8108E-12
3.7116E+22	7.1489E-12	2.8721E-12	4.8009E-12
3.7266E+22	7.1480E-12	2.8685E-12	4.7912E-12
3.7416E+22	7.1472E-12	2.8649E-12	4.7815E-12
3.7566E+22	7.1463E-12	2.8613E-12	4.7719E-12
3.7716E+22	7.1455E-12	2.8577E-12	4.7622E-12
3.7868E+22	7.1447E-12	2.8540E-12	4.7525E-12
3.8020E+22	7.1438E-12	2.8504E-12	4.7428E-12
3.8173E+22	7.1430E-12	2.8468E-12	4.7332E-12
3.8325E+22	7.1421E-12	2.8432E-12	4.7235E-12
3.8480E+22	7.1413E-12	2.8395E-12	4.7139E-12
3.8635E+22	7.1405E-12	2.8359E-12	4.7042E-12
3.8789E+22	7.1396E-12	2.8323E-12	4.6946E-12
3.8944E+22	7.1388E-12	2.8286E-12	4.6850E-12
3.9101E+22	7.1379E-12	2.8250E-12	4.6755E-12
3.9258E+22	7.1371E-12	2.8214E-12	4.6659E-12
3.9416E+22	7.1363E-12	2.8178E-12	4.6563E-12
3.9573E+22	7.1354E-12	2.8142E-12	4.6469E-12
3.9732E+22	7.1346E-12	2.8105E-12	4.6373E-12
3.9892E+22	7.1337E-12	2.8069E-12	4.6279E-12
4.0052E+22	7.1329E-12	2.8033E-12	4.6183E-12
4.0214E+22	7.1321E-12	2.7997E-12	4.6089E-12
4.0373E+22	7.1312E-12	2.7961E-12	4.5995E-12
4.0535E+22	7.1304E-12	2.7924E-12	4.5899E-12
4.0700E+22	7.1296E-12	2.7888E-12	4.5805E-12
4.0862E+22	7.1287E-12	2.7852E-12	4.5712E-12
4.1026E+22	7.1279E-12	2.7816E-12	4.5618E-12
4.1190E+22	7.1270E-12	2.7779E-12	4.5523E-12
4.1355E+22	7.1262E-12	2.7743E-12	4.5429E-12
4.1522E+22	7.1254E-12	2.7707E-12	4.5335E-12
4.1689E+22	7.1245E-12	2.7671E-12	4.5242E-12
4.1855E+22	7.1237E-12	2.7634E-12	4.5149E-12
4.2025E+22	7.1229E-12	2.7598E-12	4.5055E-12
4.2191E+22	7.1220E-12	2.7563E-12	4.4964E-12
4.2361E+22	7.1212E-12	2.7526E-12	4.4871E-12
4.2532E+22	7.1203E-12	2.7490E-12	4.4778E-12
4.2702E+22	7.1195E-12	2.7454E-12	4.4684E-12
4.2873E+22	7.1187E-12	2.7418E-12	4.4593E-12
4.3045E+22	7.1178E-12	2.7381E-12	4.4500E-12
4.3219E+22	7.1170E-12	2.7345E-12	4.4407E-12
4.3393E+22	7.1162E-12	2.7309E-12	4.4316E-12
4.3567E+22	7.1153E-12	2.7273E-12	4.4223E-12
4.3741E+22	7.1145E-12	2.7237E-12	4.4132E-12
4.3916E+22	7.1136E-12	2.7201E-12	4.4041E-12
4.4092E+22	7.1128E-12	2.7164E-12	4.3949E-12
4.4271E+22	7.1120E-12	2.7129E-12	4.3858E-12
4.4447E+22	7.1111E-12	2.7092E-12	4.3767E-12
4.4626E+22	7.1103E-12	2.7057E-12	4.3676E-12
4.4805E+22	7.1095E-12	2.7020E-12	4.3584E-12
4.4984E+22	7.1086E-12	2.6984E-12	4.3494E-12
4.5166E+22	7.1078E-12	2.6948E-12	4.3403E-12
4.5347E+22	7.1070E-12	2.6912E-12	4.3313E-12
4.5528E+22	7.1061E-12	2.6876E-12	4.3222E-12
4.5712E+22	7.1053E-12	2.6839E-12	4.3132E-12
4.5896E+22	7.1044E-12	2.6804E-12	4.3043E-12
4.6080E+22	7.1036E-12	2.6768E-12	4.2953E-12
4.6263E+22	7.1028E-12	2.6731E-12	4.2863E-12
4.6450E+22	7.1019E-12	2.6695E-12	4.2773E-12
4.6636E+22	7.1011E-12	2.6660E-12	4.2684E-12
4.6822E+22	7.1003E-12	2.6623E-12	4.2594E-12
4.7011E+22	7.0994E-12	2.6588E-12	4.2506E-12
4.7199E+22	7.0986E-12	2.6551E-12	4.2416E-12
4.7390E+22	7.0978E-12	2.6515E-12	4.2328E-12
4.7579E+22	7.0969E-12	2.6479E-12	4.2238E-12
4.7770E+22	7.0961E-12	2.6443E-12	4.2150E-12
4.7961E+22	7.0953E-12	2.6407E-12	4.2062E-12
4.8154E+22	7.0944E-12	2.6371E-12	4.1973E-12
4.8348E+22	7.0936E-12	2.6335E-12	4.1885E-12
4.8541E+22	7.0928E-12	2.6299E-12	4.1797E-12
4.8737E+22	7.0919E-12	2.6263E-12	4.1709E-12
4.8933E+22	7.0911E-12	2.6227E-12	4.1622E-12
4.9129E+22	7.0903E-12	2.6191E-12	4.1534E-12
4.9325E+22	7.0894E-12	2.6155E-12	4.1447E-12
4.9523E+22	7.0886E-12	2.6119E-12	4.1359E-12
4.9724E+22	7.0878E-12	2.6084E-12	4.1273E-12
4.9922E+22	7.0869E-12	2.6048E-12	4.1186E-12
5.0122E+22	7.0861E-12	2.6012E-12	4.1099E-12
5.0323E+22	7.0853E-12	2.5976E-12	4.1011E-12
5.0526E+22	7.0844E-12	2.5940E-12	4.0926E-12
5.0727E+22	7.0836E-12	2.5904E-12	4.0838E-12
5.0933E+22	7.0828E-12	2.5869E-12	4.0753E-12
5.1136E+22	7.0819E-12	2.5832E-12	4.0666E-12
5.1341E+22	7.0811E-12	2.5797E-12	4.0581E-12
5.1547E+22	7.0803E-12	2.5761E-12	4.0495E-12
5.1755E+22	7.0794E-12	2.5725E-12	4.0408E-12
5.1963E+22	7.0786E-12	2.5689E-12	4.0323E-12
5.2171E+22	7.0778E-12	2.5654E-12	4.0238E-12
5.2381E+22	7.0769E-12	2.5618E-12	4.0153E-12
5.2591E+22	7.0761E-12	2.5582E-12	4.0068E-12
5.2802E+22	7.0753E-12	2.5546E-12	3.9983E-12
5.3012E+22	7.0744E-12	2.5511E-12	3.9898E-12
5.3225E+22	7.0736E-12	2.5475E-12	3.9813E-12
5.3440E+22	7.0728E-12	2.5439E-12	3.9728E-12
5.3653E+22	7.0719E-12	2.5403E-12	3.9644E-12
5.3870E+22	7.0711E-12	2.5368E-12	3.9560E-12
5.4086E+22	7.0703E-12	2.5332E-12	3.9476E-12
5.4303E+22	7.0694E-12	2.5297E-12	3.9393E-12
5.4521E+22	7.0686E-12	2.5261E-12	3.9308E-12
5.4738E+22	7.0678E-12	2.5225E-12	3.9224E-12
5.4958E+22	7.0670E-12	2.5190E-12	3.9141E-12
5.5179E+22	7.0661E-12	2.5154E-12	3.9058E-12
5.5401E+22	7.0653E-12	2.5118E-12	3.8974E-12
5.5623E+22	7.0645E-12	2.5083E-12	3.8891E-12
5.5846E+22	7.0636E-12	2.5047E-12	3.8809E-12
5.6071E+22	7.0628E-12	2.5012E-12	3.8726E-12
5.6296E+22	7.0620E-12	2.4976E-12	3.8644E-12
5.6520E+22	7.0611E-12	2.4941E-12	3.8561E-12
5.6748E+22	7.0603E-12	2.4905E-12	3.8479E-12
5.6975E+22	7.0595E-12	2.4870E-12	3.8396E-12
5.7205E+22	7.0587E-12	2.4834E-12	3.8314E-12
5.7434E+22	7.0578E-12	2.4799E-12	3.8232E-12
5.7664E+22	7.0570E-12	2.4764E-12	3.8151E-12
5.7896E+22	7.0562E-12	2.4728E-12	3.8069E-12
5.8128E+22	7.0553E-12	2.4692E-12	3.7987E-12
5.8363E+22	7.0545E-12	2.4657E-12	3.7906E-12
5.8595E+22	7.0537E-12	2.4622E-12	3.7824E-12
5.8832E+22	7.0528E-12	2.4586E-12	3.7744E-12
5.9067E+22	7.0520E-12	2.4551E-12	3.7664E-12
5.9304E+22	7.0512E-12	2.4516E-12	3.7582E-12
5.9543E+22	7.0504E-12	2.4480E-12	3.7502E-12
5.9782E+22	7.0495E-12	2.4445E-12	3.7422E-12
6.0022E+22	7.0487E-12	2.4410E-12	3.7342E-12
6.0261E+22	7.0479E-12	2.4375E-12	3.7261E-12
6.0503E+22	7.0470E-12	2.4340E-12	3.7182E-12
6.0747E+22	7.0462E-12	2.4304E-12	3.7102E-12
6.0991E+22	7.0454E-12	2.4269E-12	3.7022E-12
6.1236E+22	7.0446E-12	2.4234E-12	3.6942E-12
6.1482E+22	7.0437E-12	2.4199E-12	3.6864E-12
6.1729E+22	7.0429E-12	2.4164E-12	3.6784E-12
6.1975E+22	7.0421E-12	2.4128E-12	3.6704E-12
6.2225E+22	7.0412E-12	2.4093E-12	3.6626E-12
6.2474E+22	7.0404E-12	2.4059E-12	3.6548E-12
6.2725E+22	7.0396E-12	2.4023E-12	3.6468E-12
6.2977E+22	7.0388E-12	2.3988E-12	3.6390E-12
6.3228E+22	7.0379E-12	2.3954E-12	3.6313E-12
6.3482E+22	7.0371E-12	2.3918E-12	3.6233E-12
6.3738E+22	7.0363E-12	2.3883E-12	3.6155E-12
6.3995E+22	7.0354E-12	2.3848E-12	3.6078E-12
6.4251E+22	7.0346E-12	2.3813E-12	3.6000E-12
6.4507E+22	7.0338E-12	2.3778E-12	3.5922E-12
6.4768E+22	7.0330E-12	2.3744E-12	3.5845E-12
6.5027E+22	7.0321E-12	2.3709E-12	3.5769E-12
6.5288E+22	7.0313E-12	2.3674E-12	3.5691E-12
6.5549E+22	7.0305E-12	2.3639E-12	3.5614E-12
6.5813E+22	7.0297E-12	2.3605E-12	3.5538E-12
6.6076E+22	7.0288E-12	2.3570E-12	3.5461E-12
6.6342E+22	7.0280E-12	2.3535E-12	3.5385E-12
6.6608E+22	7.0272E-12	2.3500E-12	3.5307E-12
6.6877E+22	7.0264E-12	2.3466E-12	3.5232E-12
6.7145E+22	7.0255E-12	2.3431E-12	3.5156E-12
6.7414E+22	7.0247E-12	2.3397E-12	3.5080E-12
6.7684E+22	7.0239E-12	2.3362E-12	3.5005E-12
6.7955E+22	7.0231E-12	2.3327E-12	3.4929E-12
6.8228E+22	7.0222E-12	2.3293E-12	3.4854E-12
6.8502E+22	7.0214E-12	2.3258E-12	3.4779E-12
6.8777E+22	7.0206E-12	2.3224E-12	3.4703E-12
6.9053E+22	7.0197E-12	2.3189E-12	3.4628E-12
6.9331E+22	7.0189E-12	2.3154E-12	3.4553E-12
6.9609E+22	7.0181E-12	2.3120E-12	3.4479E-12
6.9887E+22	7.0173E-12	2.3086E-12	3.4404E-12
7.0168E+22	7.0164E-12	2.3051E-12	3.4330E-12
7.0451E+22	7.0156E-12	2.3017E-12	3.4257E-12
7.0733E+22	7.0148E-12	2.2983E-12	3.4182E-12
7.1016E+22	7.0140E-12	2.2949E-12	3.4108E-12
7.1302E+22	7.0131E-12	2.2914E-12	3.4035E-12
7.1587E+22	7.0123E-12	2.2880E-12	3.3961E-12
7.1875E+22	7.0115E-12	2.2846E-12	3.3888E-12
7.2165E+22	7.0107E-12	2.2812E-12	3.3814E-12
7.2453E+22	7.0099E-12	2.2778E-12	3.3741E-12
7.2745E+22	7.0090E-12	2.2743E-12	3.3668E-12
7.3035E+22	7.0082E-12	2.2709E-12	3.3595E-12
7.3328E+22	7.0074E-12	2.2675E-12	3.3523E-12
7.3623E+22	7.0066E-12	2.2641E-12	3.3450E-12
7.3918E+22	7.0057E-12	2.2607E-12	3.3379E-12
7.4215E+22	7.0049E-12	2.2573E-12	3.3306E-12
7.4513E+22	7.0041E-12	2.2539E-12	3.3234E-12
7.4813E+22	7.0033E-12	2.2506E-12	3.3163E-12
7.5112E+22	7.0024E-12	2.2472E-12	3.3091E-12
7.5415E+22	7.0016E-12	2.2438E-12	3.3020E-12
7.5717E+22	7.0008E-12	2.2404E-12	3.2949E-12
7.6022E+22	7.0000E-12	2.2371E-12	3.2877E-12
7.6326E+22	6.9991E-12	2.2337E-12	3.2806E-12
7.6631E+22	6.9983E-12	2.2303E-12	3.2735E-12
7.6940E+22	6.9975E-12	2.2269E-12	3.2664E-12
7.7248E+22	6.9967E-12	2.2236E-12	3.2594E-12
7.7559E+22	6.9959E-12	2.2202E-12	3.2523E-12
7.7869E+22	6.9950E-12	2.2169E-12	3.2454E-12
7.8183E+22	6.9942E-12	2.2135E-12	3.2383E-12
7.8495E+22	6.9934E-12	2.2101E-12	3.2313E-12
7.8812E+22	6.9926E-12	2.2068E-12	3.2244E-12
7.9126E+22	6.9917E-12	2.2035E-12	3.2175E-12
7.9445E+22	6.9909E-12	2.2001E-12	3.2105E-12
7.9765E+22	6.9901E-12	2.1968E-12	3.2036E-12
8.0084E+22	6.9893E-12	2.1935E-12	3.1967E-12
8.0405E+22	6.9885E-12	2.1901E-12	3.1898E-12
8.0727E+22	6.9876E-12	2.1868E-12	3.1829E-12
8.1051E+22	6.9868E-12	2.1835E-12	3.1761E-12
8.1377E+22	6.9860E-12	2.1802E-12	3.1692E-12
8.1704E+22	6.9852E-12	2.1769E-12	3.1624E-12
8.2030E+22	6.9843E-12	2.1735E-12	3.1555E-12
8.2362E+22	6.9835E-12	2.1703E-12	3.1488E-12
8.2690E+22	6.9827E-12	2.1670E-12	3.1421E-12
8.3024E+22	6.9819E-12	2.1637E-12	3.1353E-12
8.3355E+22	6.9811E-12	2.1604E-12	3.1286E-12
8.3691E+22	6.9802E-12	2.1571E-12	3.1218E-12
8.4028E+22	6.9794E-12	2.1538E-12	3.1151E-12
8.4364E+22	6.9786E-12	2.1505E-12	3.1084E-12
8.4702E+22	6.9778E-12	2.1473E-12	3.1018E-12
8.5043E+22	6.9770E-12	2.1440E-12	3.0951E-12
8.5384E+22	6.9761E-12	2.1407E-12	3.0884E-12
8.5727E+22	6.9753E-12	2.1375E-12	3.0818E-12
8.6071E+22	6.9745E-12	2.1342E-12	3.0753E-12
8.6417E+22	6.9737E-12	2.1310E-12	3.0687E-12
8.6762E+22	6.9729E-12	2.1277E-12	3.0620E-12
8.7110E+22	6.9720E-12	2.1244E-12	3.0555E-12
8.7461E+22	6.9712E-12	2.1212E-12	3.0489E-12
8.7812E+22	6.9704E-12	2.1180E-12	3.0424E-12
8.8165E+22	6.9696E-12	2.1148E-12	3.0360E-12
8.8518E+22	6.9688E-12	2.1115E-12	3.0294E-12
8.8873E+22	6.9679E-12	2.1083E-12	3.0229E-12
8.9229E+22	6.9671E-12	2.1051E-12	3.0165E-12
8.9587E+22	6.9663E-12	2.1019E-12	3.0102E-12
8.9947E+22	6.9655E-12	2.0987E-12	3.0036E-12
9.0307E+22	6.9647E-12	2.0955E-12	2.9973E-12
9.0670E+22	6.9638E-12	2.0923E-12	2.9909E-12
9.1035E+22	6.9630E-12	2.0891E-12	2.9845E-12
9.1400E+22	6.9622E-12	2.0859E-12	2.9782E-12
9.1768E+22	6.9614E-12	2.0827E-12	2.9718E-12
9.2135E+22	6.9606E-12	2.0795E-12	2.9655E-12
9.2505E+22	6.9598E-12	2.0764E-12	2.9593E-12
9.2875E+22	6.9589E-12	2.0732E-12	2.9529E-12
9.3250E+22	6.9581E-12	2.0701E-12	2.9467E-12
9.3622E+22	6.9573E-12	2.0669E-12	2.9404E-12
9.3999E+22	6.9565E-12	2.0637E-12	2.9342E-12
9.4377E+22	6.9557E-12	2.0606E-12	2.9280E-12
9.4754E+22	6.9548E-12	2.0574E-12	2.9218E-12
9.5136E+22	6.9540E-12	2.0543E-12	2.9156E-12
9.5518E+22	6.9532E-12	2.0512E-12	2.9094E-12
9.5900E+22	6.9524E-12	2.0480E-12	2.9033E-12
9.6284E+22	6.9516E-12	2.0450E-12	2.8972E-12
9.6671E+22	6.9508E-12	2.0418E-12	2.8911E-12
9.7058E+22	6.9499E-12	2.0387E-12	2.8850E-12
9.7450E+22	6.9491E-12	2.0356E-12	2.8789E-12
9.7839E+22	6.9483E-12	2.0325E-12	2.8729E-12
9.8233E+22	6.9475E-12	2.0294E-12	2.8668E-12
9.8627E+22	6.9467E-12	2.0263E-12	2.8608E-12
9.9021E+22	6.9459E-12	2.0233E-12	2.8548E-12
9.9420E+22	6.9450E-12	2.0202E-12	2.8488E-12
9.9819E+22	6.9442E-12	2.0171E-12	2.8428E-12
1.0022E+23	6.9434E-12	2.0141E-12	2.8370E-12
1.0062E+23	6.9426E-12	2.0110E-12	2.8310E-12
1.0103E+23	6.9418E-12	2.0079E-12	2.8251E-12
1.0143E+23	6.9410E-12	2.0049E-12	2.8193E-12
1.0184E+23	6.9401E-12	2.0018E-12	2.8133E-12
1.0225E+23	6.9393E-12	1.9988E-12	2.8074E-12
1.0266E+23	6.9385E-12	1.9958E-12	2.8016E-12
1.0307E+23	6.9377E-12	1.9927E-12	2.7958E-12
1.0348E+23	6.9369E-12	1.9898E-12	2.7901E-12
1.0390E+23	6.9361E-12	1.9867E-12	2.7842E-12
1.0431E+23	6.9352E-12	1.9837E-12	2.7784E-12
1.0473E+23	6.9344E-12	1.9807E-12	2.7727E-12
1.0515E+23	6.9336E-12	1.9778E-12	2.7671E-12
1.0558E+23	6.9328E-12	1.9748E-12	2.7614E-12
1.0600E+23	6.9320E-12	1.9718E-12	2.7556E-12
1.0643E+23	6.9312E-12	1.9688E-12	2.7499E-12
1.0685E+23	6.9304E-12	1.9659E-12	2.7444E-12
1.0728E+23	6.9295E-12	1.9629E-12	2.7387E-12
1.0771E+23	6.9287E-12	1.9599E-12	2.7330E-12
1.0814E+23	6.9279E-12	1.9570E-12	2.7275E-12
1.0858E+23	6.9271E-12	1.9541E-12	2.7219E-12
1.0901E+23	6.9263E-12	1.9512E-12	2.7163E-12
1.0945E+23	6.9255E-12	1.9482E-12	2.7108E-12
1.0989E+23	6.9247E-12	1.9453E-12	2.7053E-12
1.1033E+23	6.9238E-12	1.9424E-12	2.6998E-12
1.1077E+23	6.9230E-12	1.9395E-12	2.6943E-12
1.1122E+23	6.9222E-12	1.9366E-12	2.6888E-12
1.1167E+23	6.9214E-12	1.9337E-12	2.6833E-12
1.1211E+23	6.9206E-12	1.9308E-12	2.6780E-12
1.1256E+23	6.9198E-12	1.9280E-12	2.6726E-12
1.1301E+23	6.9190E-12	1.9251E-12	2.6671E-12
1.1347E+23	6.9181E-12	1.9222E-12	2.6618E-12
1.1392E+23	6.9173E-12	1.9194E-12	2.6564E-12
1.1438E+23	6.9165E-12	1.9165E-12	2.6511E-12
1.1484E+23	6.9157E-12	1.9136E-12	2.6457E-12
1.1530E+23	6.9149E-12	1.9109E-12	2.6405E-12
1.1576E+23	6.9141E-12	1.9080E-12	2.6352E-12
1.1623E+23	6.9133E-12	1.9052E-12	2.6300E-12
1.1669E+23	6.9124E-12	1.9024E-12	2.6248E-12
1.1716E+23	6.9116E-12	1.8996E-12	2.6195E-12
1.1763E+23	6.9108E-12	1.8968E-12	2.6143E-12
1.1810E+23	6.9100E-12	1.8941E-12	2.6093E-12
1.1858E+23	6.9092E-12	1.8913E-12	2.6041E-12
1.1905E+23	6.9084E-12	1.8885E-12	2.5989E-12
1.1953E+23	6.9076E-12	1.8857E-12	2.5939E-12
1.2001E+23	6.9068E-12	1.8830E-12	2.5887E-12
1.2049E+23	6.9059E-12	1.8802E-12	2.5837E-12
1.2098E+23	6.9051E-12	1.8775E-12	2.5786E-12
1.2146E+23	6.9043E-12	1.8748E-12	2.5736E-12
1.2195E+23	6.9035E-12	1.8720E-12	2.5686E-12
1.2244E+23	6.9027E-12	1.8693E-12	2.5635E-12
1.2293E+23	6.9019E-12	1.8666E-12	2.5585E-12
1.2342E+23	6.9011E-12	1.8639E-12	2.5536E-12
1.2392E+23	6.9003E-12	1.8612E-12	2.5486E-12
1.2442E+23	6.8995E-12	1.8585E-12	2.5437E-12
1.2492E+23	6.8986E-12	1.8559E-12	2.5389E-12
1.2542E+23	6.8978E-12	1.8532E-12	2.5340E-12
1.2592E+23	6.8970E-12	1.8505E-12	2.5291E-12
1.2643E+23	6.8962E-12	1.8479E-12	2.5244E-12
1.2693E+23	6.8954E-12	1.8453E-12	2.5195E-12
1.2744E+23	6.8946E-12	1.8427E-12	2.5148E-12
1.2796E+23	6.8938E-12	1.8400E-12	2.5099E-12
1.2847E+23	6.8930E-12	1.8374E-12	2.5052E-12
1.2899E+23	6.8922E-12	1.8348E-12	2.5005E-12
1.2950E+23	6.8913E-12	1.8322E-12	2.4958E-12
1.3002E+23	6.8905E-12	1.8296E-12	2.4910E-12
1.3054E+23	6.8897E-12	1.8271E-12	2.4864E-12
1.3107E+23	6.8889E-12	1.8245E-12	2.4817E-12
1.3159E+23	6.8881E-12	1.8219E-12	2.4772E-12
1.3212E+23	6.8873E-12	1.8194E-12	2.4726E-12
1.3265E+23	6.8865E-12	1.8169E-12	2.4680E-12
1.3318E+23	6.8857E-12	1.8143E-12	2.4634E-12
1.3372E+23	6.8849E-12	1.8118E-12	2.4589E-12
1.3425E+23	6.8841E-12	1.8093E-12	2.4543E-12
1.3479E+23	6.8832E-12	1.8068E-12	2.4499E-12
1.3533E+23	6.8824E-12	1.8043E-12	2.4454E-12
1.3588E+23	6.8816E-12	1.8018E-12	2.4409E-12
1.3642E+23	6.8808E-12	1.7993E-12	2.4365E-12
1.3697E+23	6.8800E-12	1.7969E-12	2.4320E-12
1.3752E+23	6.8792E-12	1.7945E-12	2.4278E-12
1.3807E+23	6.8784E-12	1.7920E-12	2.4233E-12
1.3863E+23	6.8776E-12	1.7895E-12	2.4189E-12
1.3918E+23	6.8768E-12	1.7871E-12	2.4146E-12
1.3974E+23	6.8760E-12	1.7847E-12	2.4104E-12
1.4030E+23	6.8752E-12	1.7823E-12	2.4061E-12
1.4086E+23	6.8744E-12	1.7799E-12	2.4018E-12
1.4143E+23	6.8735E-12	1.7775E-12	2.3975E-12
1.4200E+23	6.8727E-12	1.7752E-12	2.3934E-12
1.4257E+23	6.8719E-12	1.7728E-12	2.3891E-12
1.4314E+23	6.8711E-12	1.7705E-12	2.3850E-12
1.4372E+23	6.8703E-12	1.7681E-12	2.3809E-12
1.4429E+23	6.8695E-12	1.7658E-12	2.3767E-12
1.4487E+23	6.8687E-12	1.7635E-12	2.3726E-12
1.4545E+23	6.8679E-12	1.7611E-12	2.3685E-12
1.4603E+23	6.8671E-12	1.7589E-12	2.3645E-12
1.4662E+23	6.8663E-12	1.7565E-12	2.3604E-12
1.4721E+23	6.8655E-12	1.7543E-12	2.3564E-12
1.4780E+23	6.8647E-12	1.7520E-12	2.3524E-12
1.4839E+23	6.8639E-12	1.7498E-12	2.3484E-12
1.4899E+23	6.8630E-12	1.7475E-12	2.3444E-12
1.4959E+23	6.8622E-12	1.7453E-12	2.3406E-12
1.5019E+23	6.8614E-12	1.7430E-12	2.3366E-12
1.5079E+23	6.8606E-12	1.7408E-12	2.3328E-12
1.5140E+23	6.8598E-12	1.7386E-12	2.3289E-12
1.5200E+23	6.8590E-12	1.7365E-12	2.3251E-12
1.5261E+23	6.8582E-12	1.7343E-12	2.3212E-12
1.5323E+23	6.8574E-12	1.7321E-12	2.3174E-12
1.5384E+23	6.8566E-12	1.7299E-12	2.3137E-12
1.5446E+23	6.8558E-12	1.7278E-12	2.3100E-12
1.5508E+23	6.8550E-12	1.7256E-12	2.3061E-12
1.5570E+23	6.8542E-12	1.7235E-12	2.3024E-12
1.5633E+23	6.8534E-12	1.7214E-12	2.2989E-12
1.5695E+23	6.8526E-12	1.7193E-12	2.2952E-12
1.5758E+23	6.8518E-12	1.7172E-12	2.2915E-12
1.5821E+23	6.8509E-12	1.7151E-12	2.2879E-12
1.5885E+23	6.8501E-12	1.7131E-12	2.2844E-12
1.5949E+23	6.8493E-12	1.7110E-12	2.2808E-12
1.6013E+23	6.8485E-12	1.7090E-12	2.2773E-12
1.6077E+23	6.8477E-12	1.7069E-12	2.2737E-12
1.6142E+23	6.8469E-12	1.7050E-12	2.2703E-12
1.6206E+23	6.8461E-12	1.7029E-12	2.2667E-12
1.6271E+23	6.8453E-12	1.7009E-12	2.2633E-12
1.6337E+23	6.8445E-12	1.6989E-12	2.2599E-12
1.6402E+23	6.8437E-12	1.6970E-12	2.2565E-12
1.6468E+23	6.8429E-12	1.6950E-12	2.2532E-12
1.6534E+23	6.8421E-12	1.6931E-12	2.2498E-12
1.6600E+23	6.8413E-12	1.6912E-12	2.2465E-12
1.6667E+23	6.8405E-12	1.6892E-12	2.2432E-12
1.6734E+23	6.8397E-12	1.6873E-12	2.2399E-12
1.6801E+23	6.8389E-12	1.6854E-12	2.2366E-12
1.6869E+23	6.8381E-12	1.6835E-12	2.2334E-12
1.6936E+23	6.8373E-12	1.6817E-12	2.2302E-12
1.7004E+23	6.8365E-12	1.6798E-12	2.2269E-12
1.7072E+23	6.8357E-12	1.6779E-12	2.2238E-12
1.7141E+23	6.8349E-12	1.6761E-12	2.2207E-12
1.7210E+23	6.8341E-12	1.6743E-12	2.2176E-12
1.7279E+23	6.8332E-12	1.6725E-12	2.2145E-12
1.7348E+23	6.8324E-12	1.6707E-12	2.2115E-12
1.7418E+23	6.8316E-12	1.6689E-12	2.2084E-12
1.7488E+23	6.8308E-12	1.6671E-12	2.2054E-12
1.7558E+23	6.8300E-12	1.6654E-12	2.2024E-12
1.7628E+23	6.8292E-12	1.6637E-12	2.1995E-12
1.7699E+23	6.8284E-12	1.6619E-12	2.1965E-12
1.7770E+23	6.8276E-12	1.6602E-12	2.1936E-12
1.7841E+23	6.8268E-12	1.6585E-12	2.1907E-12
1.7913E+23	6.8260E-12	1.6568E-12	2.1879E-12
1.7985E+23	6.8252E-12	1.6551E-12	2.1850E-12
1.8057E+23	6.8244E-12	1.6534E-12	2.1821E-12
1.8130E+23	6.8236E-12	1.6518E-12	2.1794E-12
1.8202E+23	6.8228E-12	1.6502E-12	2.1767E-12
1.8275E+23	6.8220E-12	1.6485E-12	2.1738E-12
1.8349E+23	6.8212E-12	1.6470E-12	2.1712E-12
1.8422E+23	6.8204E-12	1.6454E-12	2.1685E-12
1.8496E+23	6.8196E-12	1.6437E-12	2.1657E-12
1.8571E+23	6.8188E-12	1.6422E-12	2.1631E-12
1.8645E+23	6.8180E-12	1.6406E-12	2.1605E-12
1.8720E+23	6.8172E-12	1.6391E-12	2.1580E-12
1.8795E+23	6.8164E-12	1.6376E-12	2.1554E-12
1.8870E+23	6.8156E-12	1.6361E-12	2.1529E-12
1.8946E+23	6.8148E-12	1.6345E-12	2.1503E-12
1.9022E+23	6.8140E-12	1.6331E-12	2.1478E-12
1.9098E+23	6.8132E-12	1.6316E-12	2.1454E-12
1.9175E+23	6.8124E-12	1.6301E-12	2.1429E-12
1.9252E+23	6.8116E-12	1.6287E-12	2.1404E-12
1.9329E+23	6.8108E-12	1.6273E-12	2.1381E-12
1.9407E+23	6.8100E-12	1.6259E-12	2.1358E-12
1.9485E+23	6.8092E-12	1.6245E-12	2.1335E-12
1.9563E+23	6.8084E-12	1.6231E-12	2.1311E-12
1.9642E+23	6.8076E-12	1.6217E-12	2.1288E-12
1.9720E+23	6.8068E-12	1.6203E-12	2.1265E-12
1.9799E+23	6.8060E-12	1.6190E-12	2.1243E-12
1.9879E+23	6.8052E-12	1.6177E-12	2.1221E-12
1.9959E+23	6.8044E-12	1.6163E-12	2.1199E-12
2.0039E+23	6.8036E-12	1.6150E-12	2.1177E-12
2.0119E+23	6.8028E-12	1.6138E-12	2.1156E-12
2.0200E+23	6.8020E-12	1.6124E-12	2.1134E-12
2.0281E+23	6.8012E-12	1.6112E-12	2.1114E-12
2.0363E+23	6.8004E-12	1.6100E-12	2.1093E-12
2.0444E+23	6.7996E-12	1.6088E-12	2.1074E-12
2.0526E+23	6.7988E-12	1.6075E-12	2.1053E-12
2.0609E+23	6.7980E-12	1.6064E-12	2.1034E-12
2.0691E+23	6.7972E-12	1.6051E-12	2.1013E-12
2.0774E+23	6.7964E-12	1.6040E-12	2.0994E-12
2.0858E+23	6.7956E-12	1.6029E-12	2.0976E-12
2.0941E+23	6.7948E-12	1.6017E-12	2.0957E-12
2.1026E+23	6.7940E-12	1.6006E-12	2.0939E-12
2.1110E+23	6.7932E-12	1.5994E-12	2.0920E-12
2.1195E+23	6.7924E-12	1.5983E-12	2.0902E-12
2.1280E+23	6.7916E-12	1.5973E-12	2.0885E-12
2.1365E+23	6.7908E-12	1.5962E-12	2.0867E-12
2.1451E+23	6.7900E-12	1.5952E-12	2.0850E-12
2.1537E+23	6.7892E-12	1.5941E-12	2.0832E-12
2.1623E+23	6.7884E-12	1.5931E-12	2.0816E-12
2.1710E+23	6.7876E-12	1.5921E-12	2.0800E-12
2.1797E+23	6.7868E-12	1.5911E-12	2.0784E-12
2.1885E+23	6.7860E-12	1.5902E-12	2.0768E-12
2.1973E+23	6.7852E-12	1.5892E-12	2.0752E-12
2.2061E+23	6.7844E-12	1.5882E-12	2.0736E-12
2.2149E+23	6.7836E-12	1.5873E-12	2.0722E-12
2.2238E+23	6.7828E-12	1.5864E-12	2.0707E-12
2.2327E+23	6.7820E-12	1.5855E-12	2.0693E-12
2.2417E+23	6.7812E-12	1.5846E-12	2.0678E-12
2.2507E+23	6.7804E-12	1.5837E-12	2.0664E-12
2.2597E+23	6.7796E-12	1.5829E-12	2.0651E-12
2.2688E+23	6.7788E-12	1.5821E-12	2.0637E-12
2.2779E+23	6.7780E-12	1.5813E-12	2.0624E-12
2.2871E+23	6.7772E-12	1.5804E-12	2.0610E-12
2.2962E+23	6.7764E-12	1.5796E-12	2.0598E-12
2.3054E+23	6.7756E-12	1.5789E-12	2.0586E-12
2.3147E+23	6.7748E-12	1.5781E-12	2.0574E-12
2.3240E+23	6.7740E-12	1.5774E-12	2.0562E-12
2.3333E+23	6.7733E-12	1.5766E-12	2.0549E-12
2.3427E+23	6.7725E-12	1.5759E-12	2.0538E-12
2.3521E+23	6.7717E-12	1.5753E-12	2.0528E-12
2.3615E+23	6.7709E-12	1.5746E-12	2.0517E-12
2.3710E+23	6.7701E-12	1.5739E-12	2.0506E-12
2.3805E+23	6.7693E-12	1.5733E-12	2.0496E-12
2.3901E+23	6.7685E-12	1.5726E-12	2.0486E-12
2.3997E+23	6.7677E-12	1.5720E-12	2.0476E-12
2.4093E+23	6.7669E-12	1.5714E-12	2.0466E-12
2.4190E+23	6.7661E-12	1.5708E-12	2.0457E-12
2.4286E+23	6.7653E-12	1.5702E-12	2.0449E-12
2.4383E+23	6.7645E-12	1.5697E-12	2.0440E-12
2.4482E+23	6.7637E-12	1.5691E-12	2.0431E-12
2.4581E+23	6.7629E-12	1.5686E-12	2.0423E-12
2.4678E+23	6.7621E-12	1.5681E-12	2.0415E-12
2.4777E+23	6.7613E-12	1.5676E-12	2.0407E-12
2.4876E+23	6.7605E-12	1.5671E-12	2.0400E-12
2.4978E+23	6.7597E-12	1.5667E-12	2.0394E-12
2.5077E+23	6.7589E-12	1.5662E-12	2.0386E-12
2.5179E+23	6.7581E-12	1.5658E-12	2.0380E-12
2.5280E+23	6.7573E-12	1.5654E-12	2.0374E-12
2.5382E+23	6.7565E-12	1.5650E-12	2.0368E-12
2.5483E+23	6.7558E-12	1.5646E-12	2.0361E-12
2.5585E+23	6.7550E-12	1.5643E-12	2.0356E-12
2.5686E+23	6.7542E-12	1.5639E-12	2.0352E-12
2.5790E+23	6.7534E-12	1.5636E-12	2.0347E-12
2.5894E+23	6.7526E-12	1.5633E-12	2.0342E-12
2.5998E+23	6.7518E-12	1.5629E-12	2.0337E-12
2.6102E+23	6.7510E-12	1.5627E-12	2.0333E-12
2.6206E+23	6.7502E-12	1.5624E-12	2.0330E-12
2.6313E+23	6.7494E-12	1.5622E-12	2.0326E-12
2.6417E+23	6.7486E-12	1.5619E-12	2.0323E-12
2.6523E+23	6.7478E-12	1.5617E-12	2.0319E-12
2.6629E+23	6.7470E-12	1.5615E-12	2.0317E-12
2.6738E+23	6.7462E-12	1.5613E-12	2.0315E-12
2.6845E+23	6.7454E-12	1.5611E-12	2.0312E-12
2.6951E+23	6.7446E-12	1.5610E-12	2.0310E-12
2.7060E+23	6.7438E-12	1.5608E-12	2.0308E-12
2.7169E+23	6.7431E-12	1.5607E-12	2.0307E-12
2.7277E+23	6.7423E-12	1.5606E-12	2.0306E-12
2.7386E+23	6.7415E-12	1.5605E-12	2.0305E-12
2.7497E+23	6.7407E-12	1.5604E-12	2.0304E-12
2.7609E+23	6.7399E-12	1.5603E-12	2.0303E-12
2.7717E+23	6.7391E-12	1.5603E-12	2.0303E-12
2.7829E+23	6.7383E-12	1.5602E-12	2.0304E-12
2.7942E+23	6.7375E-12	1.5602E-12	2.0304E-12
2.8054E+23	6.7367E-12	1.5602E-12	2.0304E-12
2.8167E+23	6.7359E-12	1.5602E-12	2.0306E-12
2.8278E+23	6.7351E-12	1.5602E-12	2.0306E-12
2.8392E+23	6.7343E-12	1.5603E-12	2.0308E-12
2.8506E+23	6.7335E-12	1.5603E-12	2.0309E-12
2.8622E+23	6.7328E-12	1.5605E-12	2.0312E-12
2.8735E+23	6.7320E-12	1.5605E-12	2.0314E-12
2.8851E+23	6.7312E-12	1.5606E-12	2.0317E-12
2.8968E+23	6.7304E-12	1.5608E-12	2.0320E-12
2.9084E+23	6.7296E-12	1.5609E-12	2.0323E-12
2.9200E+23	6.7288E-12	1.5610E-12	2.0326E-12
2.9318E+23	6.7280E-12	1.5612E-12	2.0330E-12
2.9434E+23	6.7272E-12	1.5614E-12	2.0333E-12
2.9553E+23	6.7264E-12	1.5616E-12	2.0337E-12
2.9671E+23	6.7256E-12	1.5618E-12	2.0341E-12
2.9790E+23	6.7248E-12	1.5621E-12	2.0347E-12
2.9911E+23	6.7241E-12	1.5623E-12	2.0351E-12
3.0029E+23	6.7233E-12	1.5626E-12	2.0357E-12
3.0150E+23	6.7225E-12	1.5628E-12	2.0362E-12
3.0271E+23	6.7217E-12	1.5631E-12	2.0368E-12
3.0394E+23	6.7209E-12	1.5634E-12	2.0373E-12
3.0515E+23	6.7201E-12	1.5638E-12	2.0380E-12
3.0638E+23	6.7193E-12	1.5641E-12	2.0387E-12
3.0759E+23	6.7185E-12	1.5644E-12	2.0393E-12
3.0885E+23	6.7177E-12	1.5649E-12	2.0401E-12
3.1008E+23	6.7169E-12	1.5652E-12	2.0408E-12
3.1132E+23	6.7162E-12	1.5656E-12	2.0414E-12
3.1257E+23	6.7154E-12	1.5660E-12	2.0423E-12
3.1383E+23	6.7146E-12	1.5664E-12	2.0431E-12
3.1509E+23	6.7138E-12	1.5669E-12	2.0439E-12
3.1635E+23	6.7130E-12	1.5673E-12	2.0447E-12
3.1763E+23	6.7122E-12	1.5678E-12	2.0456E-12
3.1888E+23	6.7114E-12	1.5683E-12	2.0466E-12
3.2017E+23	6.7106E-12	1.5688E-12	2.0474E-12
3.2145E+23	6.7098E-12	1.5694E-12	2.0485E-12
3.2275E+23	6.7090E-12	1.5699E-12	2.0494E-12
3.2403E+23	6.7083E-12	1.5704E-12	2.0504E-12
3.2534E+23	6.7075E-12	1.5710E-12	2.0515E-12
3.2665E+23	6.7067E-12	1.5716E-12	2.0525E-12
3.2795E+23	6.7059E-12	1.5722E-12	2.0536E-12
3.2928E+23	6.7051E-12	1.5728E-12	2.0547E-12
3.3061E+23	6.7043E-12	1.5734E-12	2.0559E-12
3.3192E+23	6.7035E-12	1.5740E-12	2.0570E-12
3.3325E+23	6.7027E-12	1.5747E-12	2.0582E-12
3.3460E+23	6.7020E-12	1.5753E-12	2.0594E-12
3.3593E+23	6.7012E-12	1.5760E-12	2.0606E-12
3.3729E+23	6.7004E-12	1.5767E-12	2.0620E-12
3.3864E+23	6.6996E-12	1.5774E-12	2.0632E-12
3.3999E+23	6.6988E-12	1.5781E-12	2.0645E-12
3.4137E+23	6.6980E-12	1.5789E-12	2.0659E-12
3.4273E+23	6.6972E-12	1.5796E-12	2.0672E-12
3.4410E+23	6.6964E-12	1.5804E-12	2.0685E-12
3.4548E+23	6.6956E-12	1.5812E-12	2.0700E-12
3.4688E+23	6.6949E-12	1.5820E-12	2.0715E-12
3.4826E+23	6.6941E-12	1.5828E-12	2.0730E-12
3.4967E+23	6.6933E-12	1.5836E-12	2.0744E-12
3.5107E+23	6.6925E-12	1.5844E-12	2.0759E-12
3.5247E+23	6.6917E-12	1.5853E-12	2.0774E-12
3.5390E+23	6.6909E-12	1.5862E-12	2.0790E-12
3.5532E+23	6.6901E-12	1.5870E-12	2.0806E-12
3.5675E+23	6.6894E-12	1.5879E-12	2.0822E-12
3.5818E+23	6.6886E-12	1.5888E-12	2.0838E-12
3.5960E+23	6.6878E-12	1.5897E-12	2.0854E-12
3.6105E+23	6.6870E-12	1.5907E-12	2.0872E-12
3.6250E+23	6.6862E-12	1.5917E-12	2.0889E-12
3.6396E+23	6.6854E-12	1.5926E-12	2.0907E-12
3.6541E+23	6.6846E-12	1.5936E-12	2.0924E-12
3.6688E+23	6.6838E-12	1.5945E-12	2.0941E-12
3.6836E+23	6.6831E-12	1.5956E-12	2.0960E-12
3.6983E+23	6.6823E-12	1.5966E-12	2.0978E-12
3.7131E+23	6.6815E-12	1.5976E-12	2.0996E-12
3.7281E+23	6.6807E-12	1.5986E-12	2.1015E-12
3.7430E+23	6.6799E-12	1.5997E-12	2.1034E-12
3.7580E+23	6.6791E-12	1.6008E-12	2.1054E-12
3.7730E+23	6.6784E-12	1.6018E-12	2.1073E-12
3.7883E+23	6.6776E-12	1.6029E-12	2.1093E-12
3.8035E+23	6.6768E-12	1.6041E-12	2.1113E-12
3.8187E+23	6.6760E-12	1.6052E-12	2.1133E-12
3.8340E+23	6.6752E-12	1.6063E-12	2.1153E-12
3.8494E+23	6.6744E-12	1.6074E-12	2.1173E-12
3.8649E+23	6.6736E-12	1.6086E-12	2.1195E-12
3.8804E+23	6.6729E-12	1.6098E-12	2.1216E-12
3.8961E+23	6.6721E-12	1.6110E-12	2.1237E-12
3.9116E+23	6.6713E-12	1.6122E-12	2.1259E-12
3.9273E+23	6.6705E-12	1.6134E-12	2.1280E-12
3.9430E+23	6.6697E-12	1.6145E-12	2.1302E-12
3.9590E+23	6.6689E-12	1.6158E-12	2.1325E-12
3.9747E+23	6.6681E-12	1.6171E-12	2.1348E-12
3.9906E+23	6.6674E-12	1.6183E-12	2.1370E-12
4.0069E+23	6.6666E-12	1.6196E-12	2.1393E-12
4.0228E+23	6.6658E-12	1.6208E-12	2.1416E-12
4.0390E+23	6.6650E-12	1.6222E-12	2.1440E-12
4.0552E+23	6.6642E-12	1.6234E-12	2.1463E-12
4.0714E+23	6.6634E-12	1.6248E-12	2.1487E-12
4.0879E+23	6.6627E-12	1.6261E-12	2.1511E-12
4.1043E+23	6.6619E-12	1.6275E-12	2.1535E-12
4.1207E+23	6.6611E-12	1.6288E-12	2.1560E-12
4.1372E+23	6.6603E-12	1.6302E-12	2.1585E-12
4.1539E+23	6.6595E-12	1.6315E-12	2.1609E-12
4.1705E+23	6.6587E-12	1.6329E-12	2.1635E-12
4.1872E+23	6.6580E-12	1.6343E-12	2.1660E-12
4.2042E+23	6.6572E-12	1.6358E-12	2.1686E-12
4.2208E+23	6.6564E-12	1.6372E-12	2.1712E-12
4.2378E+23	6.6556E-12	1.6386E-12	2.1739E-12
4.2549E+23	6.6548E-12	1.6400E-12	2.1764E-12
4.2719E+23	6.6541E-12	1.6415E-12	2.1791E-12
4.2890E+23	6.6533E-12	1.6430E-12	2.1818E-12
4.3062E+23	6.6525E-12	1.6445E-12	2.1845E-12
4.3236E+23	6.6517E-12	1.6460E-12	2.1872E-12
4.3410E+23	6.6509E-12	1.6474E-12	2.1899E-12
4.3584E+23	6.6501E-12	1.6490E-12	2.1927E-12
4.3758E+23	6.6494E-12	1.6506E-12	2.1955E-12
4.3935E+23	6.6486E-12	1.6520E-12	2.1982E-12
4.4111E+23	6.6478E-12	1.6536E-12	2.2011E-12
4.4288E+23	6.6470E-12	1.6552E-12	2.2040E-12
4.4464E+23	6.6462E-12	1.6568E-12	2.2069E-12
4.4643E+23	6.6454E-12	1.6583E-12	2.2097E-12
4.4822E+23	6.6447E-12	1.6599E-12	2.2127E-12
4.5004E+23	6.6439E-12	1.6615E-12	2.2155E-12
4.5183E+23	6.6431E-12	1.6631E-12	2.2185E-12
4.5364E+23	6.6423E-12	1.6647E-12	2.2215E-12
4.5548E+23	6.6415E-12	1.6664E-12	2.2246E-12
4.5729E+23	6.6408E-12	1.6680E-12	2.2276E-12
4.5913E+23	6.6400E-12	1.6697E-12	2.2305E-12
4.6097E+23	6.6392E-12	1.6714E-12	2.2337E-12
4.6283E+23	6.6384E-12	1.6731E-12	2.2368E-12
4.6469E+23	6.6376E-12	1.6747E-12	2.2399E-12
4.6655E+23	6.6369E-12	1.6764E-12	2.2430E-12
4.6841E+23	6.6361E-12	1.6781E-12	2.2461E-12
4.7030E+23	6.6353E-12	1.6798E-12	2.2492E-12
4.7218E+23	6.6345E-12	1.6816E-12	2.2525E-12
4.7407E+23	6.6337E-12	1.6833E-12	2.2556E-12
4.7598E+23	6.6330E-12	1.6850E-12	2.2589E-12
4.7789E+23	6.6322E-12	1.6868E-12	2.2621E-12
4.7980E+23	6.6314E-12	1.6886E-12	2.2654E-12
4.8174E+23	6.6306E-12	1.6903E-12	2.2687E-12
4.8367E+23	6.6298E-12	1.6921E-12	2.2719E-12
4.8560E+23	6.6291E-12	1.6939E-12	2.2753E-12
4.8756E+23	6.6283E-12	1.6957E-12	2.2786E-12
4.8952E+23	6.6275E-12	1.6975E-12	2.2820E-12
4.9148E+23	6.6267E-12	1.6993E-12	2.2854E-12
4.9346E+23	6.6259E-12	1.7012E-12	2.2888E-12
4.9542E+23	6.6252E-12	1.7030E-12	2.2922E-12
4.9743E+23	6.6244E-12	1.7048E-12	2.2956E-12
4.9941E+23	6.6236E-12	1.7067E-12	2.2992E-12
5.0142E+23	6.6228E-12	1.7086E-12	2.3026E-12
5.0343E+23	6.6220E-12	1.7105E-12	2.3061E-12
5.0546E+23	6.6213E-12	1.7124E-12	2.3097E-12
5.0749E+23	6.6205E-12	1.7143E-12	2.3132E-12
5.0952E+23	6.6197E-12	1.7161E-12	2.3168E-12
5.1157E+23	6.6189E-12	1.7180E-12	2.3203E-12
5.1363E+23	6.6182E-12	1.7199E-12	2.3239E-12
5.1568E+23	6.6174E-12	1.7218E-12	2.3274E-12
5.1774E+23	6.6166E-12	1.7238E-12	2.3311E-12
5.1982E+23	6.6158E-12	1.7258E-12	2.3348E-12
5.2192E+23	6.6150E-12	1.7277E-12	2.3385E-12
5.2400E+23	6.6143E-12	1.7296E-12	2.3421E-12
5.2611E+23	6.6135E-12	1.7317E-12	2.3459E-12
5.2821E+23	6.6127E-12	1.7336E-12	2.3496E-12
5.3034E+23	6.6119E-12	1.7356E-12	2.3533E-12
5.3247E+23	6.6112E-12	1.7376E-12	2.3570E-12
5.3462E+23	6.6104E-12	1.7396E-12	2.3609E-12
5.3675E+23	6.6096E-12	1.7416E-12	2.3647E-12
5.3890E+23	6.6088E-12	1.7437E-12	2.3686E-12
5.4107E+23	6.6080E-12	1.7456E-12	2.3723E-12
5.4325E+23	6.6073E-12	1.7477E-12	2.3763E-12
5.4543E+23	6.6065E-12	1.7497E-12	2.3801E-12
5.4760E+23	6.6057E-12	1.7518E-12	2.3840E-12
5.4980E+23	6.6049E-12	1.7538E-12	2.3878E-12
5.5200E+23	6.6042E-12	1.7559E-12	2.3918E-12
5.5423E+23	6.6034E-12	1.7580E-12	2.3958E-12
5.5645E+23	6.6026E-12	1.7600E-12	2.3997E-12
5.5868E+23	6.6018E-12	1.7621E-12	2.4037E-12
5.6093E+23	6.6011E-12	1.7642E-12	2.4077E-12
5.6317E+23	6.6003E-12	1.7663E-12	2.4117E-12
5.6545E+23	6.5995E-12	1.7684E-12	2.4157E-12
5.6772E+23	6.5987E-12	1.7706E-12	2.4198E-12
5.6999E+23	6.5980E-12	1.7727E-12	2.4239E-12
5.7227E+23	6.5972E-12	1.7748E-12	2.4280E-12
5.7456E+23	6.5964E-12	1.7769E-12	2.4320E-12
5.7688E+23	6.5956E-12	1.7791E-12	2.4362E-12
5.7918E+23	6.5949E-12	1.7812E-12	2.4403E-12
5.8153E+23	6.5941E-12	1.7834E-12	2.4445E-12
5.8385E+23	6.5933E-12	1.7855E-12	2.4487E-12
5.8619E+23	6.5925E-12	1.7877E-12	2.4528E-12
5.8854E+23	6.5918E-12	1.7899E-12	2.4571E-12
5.9091E+23	6.5910E-12	1.7921E-12	2.4613E-12
5.9328E+23	6.5902E-12	1.7943E-12	2.4656E-12
5.9567E+23	6.5894E-12	1.7964E-12	2.4698E-12
5.9804E+23	6.5887E-12	1.7987E-12	2.4741E-12
6.0046E+23	6.5879E-12	1.8009E-12	2.4784E-12
6.0285E+23	6.5871E-12	1.8031E-12	2.4827E-12
6.0527E+23	6.5863E-12	1.8053E-12	2.4870E-12
6.0771E+23	6.5856E-12	1.8075E-12	2.4913E-12
6.1016E+23	6.5848E-12	1.8098E-12	2.4957E-12
6.1260E+23	6.5840E-12	1.8121E-12	2.5001E-12
6.1506E+23	6.5832E-12	1.8143E-12	2.5045E-12
6.1753E+23	6.5825E-12	1.8166E-12	2.5089E-12
6.2000E+23	6.5817E-12	1.8188E-12	2.5133E-12
6.2249E+23	6.5809E-12	1.8210E-12	2.5177E-12
6.2498E+23	6.5801E-12	1.8233E-12	2.5222E-12
6.2749E+23	6.5794E-12	1.8256E-12	2.5267E-12
6.3001E+23	6.5786E-12	1.8279E-12	2.5312E-12
6.3255E+23	6.5778E-12	1.8302E-12	2.5357E-12
6.3508E+23	6.5770E-12	1.8325E-12	2.5403E-12
6.3762E+23	6.5763E-12	1.8348E-12	2.5448E-12
6.4019E+23	6.5755E-12	1.8371E-12	2.5493E-12
6.4275E+23	6.5747E-12	1.8394E-12	2.5539E-12
6.4534E+23	6.5739E-12	1.8417E-12	2.5585E-12
6.4792E+23	6.5732E-12	1.8440E-12	2.5630E-12
6.5054E+23	6.5724E-12	1.8463E-12	2.5677E-12
6.5315E+23	6.5716E-12	1.8487E-12	2.5723E-12
6.5576E+23	6.5709E-12	1.8510E-12	2.5770E-12
6.5839E+23	6.5701E-12	1.8534E-12	2.5816E-12
6.6103E+23	6.5693E-12	1.8558E-12	2.5864E-12
6.6369E+23	6.5685E-12	1.8581E-12	2.5911E-12
6.6635E+23	6.5678E-12	1.8604E-12	2.5957E-12
6.6903E+23	6.5670E-12	1.8628E-12	2.6005E-12
6.7172E+23	6.5662E-12	1.8652E-12	2.6052E-12
6.7440E+23	6.5654E-12	1.8676E-12	2.6100E-12
6.7711E+23	6.5647E-12	1.8700E-12	2.6148E-12
6.7982E+23	6.5639E-12	1.8724E-12	2.6196E-12
6.8255E+23	6.5631E-12	1.8747E-12	2.6243E-12
6.8531E+23	6.5624E-12	1.8771E-12	2.6292E-12
6.8804E+23	6.5616E-12	1.8795E-12	2.6340E-12
6.9082E+23	6.5608E-12	1.8819E-12	2.6389E-12
6.9358E+23	6.5600E-12	1.8843E-12	2.6437E-12
6.9636E+23	6.5593E-12	1.8867E-12	2.6485E-12
6.9916E+23	6.5585E-12	1.8892E-12	2.6535E-12
7.0197E+23	6.5577E-12	1.8915E-12	2.6583E-12
7.0477E+23	6.5570E-12	1.8940E-12	2.6633E-12
7.0760E+23	6.5562E-12	1.8964E-12	2.6683E-12
7.1045E+23	6.5554E-12	1.8989E-12	2.6733E-12
7.1331E+23	6.5547E-12	1.9013E-12	2.6781E-12
7.1616E+23	6.5539E-12	1.9037E-12	2.6831E-12
7.1904E+23	6.5531E-12	1.9062E-12	2.6881E-12
7.2191E+23	6.5523E-12	1.9086E-12	2.6931E-12
7.2482E+23	6.5516E-12	1.9111E-12	2.6982E-12
7.2772E+23	6.5508E-12	1.9136E-12	2.7032E-12
7.3064E+23	6.5500E-12	1.9160E-12	2.7082E-12
7.3359E+23	6.5493E-12	1.9185E-12	2.7134E-12
7.3652E+23	6.5485E-12	1.9210E-12	2.7184E-12
7.3949E+23	6.5477E-12	1.9235E-12	2.7235E-12
7.4244E+23	6.5469E-12	1.9259E-12	2.7285E-12
7.4542E+23	6.5462E-12	1.9284E-12	2.7337E-12
7.4842E+23	6.5454E-12	1.9309E-12	2.7389E-12
7.5141E+23	6.5446E-12	1.9334E-12	2.7440E-12
7.5444E+23	6.5439E-12	1.9359E-12	2.7492E-12
7.5746E+23	6.5431E-12	1.9384E-12	2.7544E-12
7.6051E+23	6.5423E-12	1.9409E-12	2.7596E-12
7.6355E+23	6.5416E-12	1.9434E-12	2.7647E-12
7.6662E+23	6.5408E-12	1.9459E-12	2.7701E-12
7.6969E+23	6.5400E-12	1.9484E-12	2.7753E-12
7.7279E+23	6.5393E-12	1.9509E-12	2.7804E-12
7.7588E+23	6.5385E-12	1.9535E-12	2.7858E-12
7.7900E+23	6.5377E-12	1.9560E-12	2.7910E-12
7.8212E+23	6.5369E-12	1.9585E-12	2.7963E-12
7.8527E+23	6.5362E-12	1.9611E-12	2.8017E-12
7.8843E+23	6.5354E-12	1.9636E-12	2.8069E-12
7.9158E+23	6.5346E-12	1.9661E-12	2.8122E-12
7.9477E+23	6.5339E-12	1.9687E-12	2.8176E-12
7.9796E+23	6.5331E-12	1.9712E-12	2.8229E-12
8.0115E+23	6.5323E-12	1.9737E-12	2.8283E-12
8.0437E+23	6.5316E-12	1.9763E-12	2.8337E-12
8.0761E+23	6.5308E-12	1.9789E-12	2.8392E-12
8.1085E+23	6.5300E-12	1.9814E-12	2.8446E-12
8.1409E+23	6.5293E-12	1.9840E-12	2.8499E-12
8.1735E+23	6.5285E-12	1.9866E-12	2.8555E-12
8.2064E+23	6.5277E-12	1.9891E-12	2.8609E-12
8.2393E+23	6.5270E-12	1.9916E-12	2.8662E-12
8.2724E+23	6.5262E-12	1.9942E-12	2.8718E-12
8.3056E+23	6.5254E-12	1.9968E-12	2.8773E-12
8.3389E+23	6.5247E-12	1.9994E-12	2.8827E-12
8.3723E+23	6.5239E-12	2.0020E-12	2.8883E-12
8.4059E+23	6.5231E-12	2.0045E-12	2.8938E-12
8.4397E+23	6.5224E-12	2.0071E-12	2.8994E-12
8.4736E+23	6.5216E-12	2.0097E-12	2.9049E-12
8.5077E+23	6.5208E-12	2.0123E-12	2.9105E-12
8.5418E+23	6.5201E-12	2.0149E-12	2.9160E-12
8.5761E+23	6.5193E-12	2.0175E-12	2.9216E-12
8.6105E+23	6.5185E-12	2.0201E-12	2.9273E-12
8.6450E+23	6.5178E-12	2.0227E-12	2.9329E-12
8.6796E+23	6.5170E-12	2.0253E-12	2.9385E-12
8.7144E+23	6.5162E-12	2.0279E-12	2.9442E-12
8.7495E+23	6.5155E-12	2.0305E-12	2.9498E-12
8.7846E+23	6.5147E-12	2.0332E-12	2.9555E-12
8.8199E+23	6.5139E-12	2.0357E-12	2.9611E-12
8.8552E+23	6.5132E-12	2.0384E-12	2.9669E-12
8.8907E+23	6.5124E-12	2.0410E-12	2.9726E-12
8.9265E+23	6.5116E-12	2.0436E-12	2.9782E-12
8.9623E+23	6.5109E-12	2.0462E-12	2.9840E-12
8.9983E+23	6.5101E-12	2.0488E-12	2.9897E-12
9.0343E+23	6.5093E-12	2.0515E-12	2.9955E-12
9.0706E+23	6.5086E-12	2.0541E-12	3.0013E-12
9.1071E+23	6.5078E-12	2.0567E-12	3.0071E-12
9.1436E+23	6.5070E-12	2.0593E-12	3.0128E-12
9.1804E+23	6.5063E-12	2.0620E-12	3.0186E-12
9.2171E+23	6.5055E-12	2.0646E-12	3.0245E-12
9.2541E+23	6.5047E-12	2.0673E-12	3.0303E-12
9.2914E+23	6.5040E-12	2.0699E-12	3.0361E-12
9.3286E+23	6.5032E-12	2.0726E-12	3.0421E-12
9.3661E+23	6.5024E-12	2.0752E-12	3.0479E-12
9.4036E+23	6.5017E-12	2.0778E-12	3.0537E-12
9.4413E+23	6.5009E-12	2.0805E-12	3.0596E-12
9.4792E+23	6.5002E-12	2.0831E-12	3.0656E-12
9.5172E+23	6.4994E-12	2.0857E-12	3.0714E-12
9.5554E+23	6.4986E-12	2.0884E-12	3.0774E-12
9.5939E+23	6.4979E-12	2.0911E-12	3.0833E-12
9.6323E+23	6.4971E-12	2.0937E-12	3.0893E-12
9.6710E+23	6.4963E-12	2.0963E-12	3.0951E-12
9.7097E+23	6.4956E-12	2.0990E-12	3.1011E-12
9.7488E+23	6.4948E-12	2.1017E-12	3.1071E-12
9.7878E+23	6.4940E-12	2.1043E-12	3.1131E-12
9.8272E+23	6.4933E-12	2.1070E-12	3.1191E-12
9.8666E+23	6.4925E-12	2.1097E-12	3.1252E-12
9.9063E+23	6.4918E-12	2.1124E-12	3.1312E-12
9.9459E+23	6.4910E-12	2.1150E-12	3.1373E-12
9.9858E+23	6.4902E-12	2.1177E-12	3.1433E-12
1.0026E+24	6.4895E-12	2.1204E-12	3.1494E-12
1.0066E+24	6.4887E-12	2.1230E-12	3.1555E-12
1.0106E+24	6.4879E-12	2.1257E-12	3.1615E-12
1.0147E+24	6.4872E-12	2.1284E-12	3.1677E-12
1.0188E+24	6.4864E-12	2.1310E-12	3.1737E-12
1.0229E+24	6.4857E-12	2.1337E-12	3.1799E-12
1.0270E+24	6.4849E-12	2.1364E-12	3.1859E-12
1.0311E+24	6.4841E-12	2.1391E-12	3.1921E-12
1.0352E+24	6.4834E-12	2.1418E-12	3.1983E-12
1.0394E+24	6.4826E-12	2.1444E-12	3.2044E-12
1.0436E+24	6.4818E-12	2.1471E-12	3.2106E-12
1.0478E+24	6.4811E-12	2.1498E-12	3.2168E-12
1.0519E+24	6.4803E-12	2.1525E-12	3.2230E-12
1.0562E+24	6.4796E-12	2.1552E-12	3.2292E-12
1.0604E+24	6.4788E-12	2.1579E-12	3.2355E-12
1.0647E+24	6.4780E-12	2.1605E-12	3.2417E-12
1.0689E+24	6.4773E-12	2.1632E-12	3.2479E-12
1.0732E+24	6.4765E-12	2.1659E-12	3.2542E-12
1.0776E+24	6.4757E-12	2.1686E-12	3.2604E-12
1.0819E+24	6.4750E-12	2.1713E-12	3.2667E-12
1.0862E+24	6.4742E-12	2.1740E-12	3.2731E-12
1.0906E+24	6.4735E-12	2.1767E-12	3.2793E-12
1.0949E+24	6.4727E-12	2.1793E-12	3.2856E-12
1.0993E+24	6.4719E-12	2.1820E-12	3.2919E-12
1.1037E+24	6.4712E-12	2.1848E-12	3.2983E-12
1.1082E+24	6.4704E-12	2.1874E-12	3.3046E-12
1.1126E+24	6.4697E-12	2.1901E-12	3.3110E-12
1.1171E+24	6.4689E-12	2.1928E-12	3.3173E-12
1.1216E+24	6.4681E-12	2.1955E-12	3.3237E-12
1.1261E+24	6.4674E-12	2.1982E-12	3.3300E-12
1.1306E+24	6.4666E-12	2.2009E-12	3.3365E-12
1.1351E+24	6.4659E-12	2.2036E-12	3.3429E-12
1.1397E+24	6.4651E-12	2.2063E-12	3.3492E-12
1.1443E+24	6.4643E-12	2.2090E-12	3.3557E-12
1.1489E+24	6.4636E-12	2.2117E-12	3.3622E-12
1.1535E+24	6.4628E-12	2.2144E-12	3.3687E-12
1.1581E+24	6.4621E-12	2.2171E-12	3.3751E-12
1.1627E+24	6.4613E-12	2.2198E-12	3.3816E-12
1.1674E+24	6.4605E-12	2.2225E-12	3.3881E-12
1.1721E+24	6.4598E-12	2.2252E-12	3.3946E-12
1.1768E+24	6.4590E-12	2.2279E-12	3.4011E-12
1.1815E+24	6.4583E-12	2.2306E-12	3.4076E-12
1.1863E+24	6.4575E-12	2.2333E-12	3.4141E-12
1.1910E+24	6.4567E-12	2.2360E-12	3.4206E-12
1.1958E+24	6.4560E-12	2.2387E-12	3.4272E-12
1.2006E+24	6.4552E-12	2.2414E-12	3.4337E-12
1.2054E+24	6.4545E-12	2.2441E-12	3.4402E-12
1.2103E+24	6.4537E-12	2.2469E-12	3.4469E-12
1.2151E+24	6.4529E-12	2.2495E-12	3.4534E-12
1.2200E+24	6.4522E-12	2.2522E-12	3.4600E-12
1.2249E+24	6.4514E-12	2.2550E-12	3.4667E-12
1.2298E+24	6.4507E-12	2.2577E-12	3.4732E-12
1.2347E+24	6.4499E-12	2.2604E-12	3.4799E-12
1.2397E+24	6.4491E-12	2.2631E-12	3.4865E-12
1.2447E+24	6.4484E-12	2.2658E-12	3.4932E-12
1.2497E+24	6.4476E-12	2.2685E-12	3.4998E-12
1.2547E+24	6.4469E-12	2.2712E-12	3.5065E-12
1.2597E+24	6.4461E-12	2.2739E-12	3.5131E-12
1.2648E+24	6.4454E-12	2.2766E-12	3.5199E-12
1.2699E+24	6.4446E-12	2.2793E-12	3.5266E-12
1.2749E+24	6.4438E-12	2.2820E-12	3.5332E-12
1.2801E+24	6.4431E-12	2.2847E-12	3.5400E-12
1.2852E+24	6.4423E-12	2.2874E-12	3.5467E-12
1.2904E+24	6.4416E-12	2.2901E-12	3.5535E-12
1.2955E+24	6.4408E-12	2.2929E-12	3.5603E-12
1.3007E+24	6.4401E-12	2.2955E-12	3.5669E-12
1.3060E+24	6.4393E-12	2.2982E-12	3.5737E-12
1.3112E+24	6.4385E-12	2.3009E-12	3.5805E-12
1.3165E+24	6.4378E-12	2.3036E-12	3.5873E-12
1.3217E+24	6.4370E-12	2.3063E-12	3.5941E-12
1.3270E+24	6.4363E-12	2.3090E-12	3.6009E-12
1.3324E+24	6.4355E-12	2.3117E-12	3.6077E-12
1.3377E+24	6.4348E-12	2.3144E-12	3.6145E-12
1.3431E+24	6.4340E-12	2.3172E-12	3.6215E-12
1.3485E+24	6.4332E-12	2.3199E-12	3.6283E-12
1.3539E+24	6.4325E-12	2.3226E-12	3.6351E-12
1.3593E+24	6.4317E-12	2.3253E-12	3.6420E-12
1.3648E+24	6.4310E-12	2.3280E-12	3.6488E-12
1.3703E+24	6.4302E-12	2.3307E-12	3.6558E-12
1.3757E+24	6.4295E-12	2.3334E-12	3.6626E-12
1.3813E+24	6.4287E-12	2.3361E-12	3.6695E-12
1.3868E+24	6.4279E-12	2.3388E-12	3.6765E-12
1.3924E+24	6.4272E-12	2.3415E-12	3.6834E-12
1.3980E+24	6.4264E-12	2.3442E-12	3.6903E-12
1.4036E+24	6.4257E-12	2.3469E-12	3.6973E-12
1.4092E+24	6.4249E-12	2.3496E-12	3.7042E-12
1.4149E+24	6.4242E-12	2.3523E-12	3.7112E-12
1.4205E+24	6.4234E-12	2.3550E-12	3.7181E-12
1.4263E+24	6.4227E-12	2.3577E-12	3.7252E-12
1.4320E+24	6.4219E-12	2.3604E-12	3.7321E-12
1.4377E+24	6.4212E-12	2.3631E-12	3.7391E-12
1.4435E+24	6.4204E-12	2.3658E-12	3.7462E-12
1.4493E+24	6.4196E-12	2.3685E-12	3.7531E-12
1.4551E+24	6.4189E-12	2.3712E-12	3.7602E-12
1.4609E+24	6.4181E-12	2.3739E-12	3.7673E-12
1.4668E+24	6.4174E-12	2.3765E-12	3.7742E-12
1.4727E+24	6.4166E-12	2.3792E-12	3.7814E-12
1.4786E+24	6.4159E-12	2.3820E-12	3.7885E-12
1.4845E+24	6.4151E-12	2.3847E-12	3.7956E-12
1.4905E+24	6.4144E-12	2.3874E-12	3.8027E-12
1.4965E+24	6.4136E-12	2.3900E-12	3.8097E-12
1.5025E+24	6.4129E-12	2.3927E-12	3.8168E-12
1.5085E+24	6.4121E-12	2.3954E-12	3.8239E-12
1.5146E+24	6.4113E-12	2.3981E-12	3.8311E-12
1.5206E+24	6.4106E-12	2.4008E-12	3.8382E-12
1.5267E+24	6.4098E-12	2.4035E-12	3.8454E-12
1.5329E+24	6.4091E-12	2.4062E-12	3.8525E-12
1.5390E+24	6.4083E-12	2.4088E-12	3.8597E-12
1.5452E+24	6.4076E-12	2.4115E-12	3.8668E-12
1.5514E+24	6.4068E-12	2.4142E-12	3.8740E-12
1.5576E+24	6.4061E-12	2.4169E-12	3.8812E-12
1.5639E+24	6.4053E-12	2.4196E-12	3.8884E-12
1.5701E+24	6.4046E-12	2.4222E-12	3.8956E-12
1.5765E+24	6.4038E-12	2.4250E-12	3.9029E-12
1.5828E+24	6.4031E-12	2.4277E-12	3.9101E-12
1.5891E+24	6.4023E-12	2.4303E-12	3.9173E-12
1.5955E+24	6.4015E-12	2.4330E-12	3.9246E-12
1.6019E+24	6.4008E-12	2.4356E-12	3.9318E-12
1.6083E+24	6.4000E-12	2.4384E-12	3.9392E-12
1.6148E+24	6.3993E-12	2.4410E-12	3.9464E-12
1.6213E+24	6.3985E-12	2.4437E-12	3.9536E-12
1.6278E+24	6.3978E-12	2.4464E-12	3.9610E-12
1.6343E+24	6.3970E-12	2.4491E-12	3.9683E-12
1.6409E+24	6.3963E-12	2.4517E-12	3.9755E-12
1.6474E+24	6.3955E-12	2.4544E-12	3.9830E-12
1.6541E+24	6.3948E-12	2.4571E-12	3.9902E-12
1.6607E+24	6.3940E-12	2.4597E-12	3.9975E-12
1.6674E+24	6.3933E-12	2.4624E-12	4.0049E-12
1.6741E+24	6.3925E-12	2.4650E-12	4.0122E-12
1.6808E+24	6.3918E-12	2.4678E-12	4.0197E-12
1.6875E+24	6.3910E-12	2.4704E-12	4.0270E-12
1.6943E+24	6.3903E-12	2.4731E-12	4.0344E-12
1.7011E+24	6.3895E-12	2.4757E-12	4.0417E-12
1.7079E+24	6.3888E-12	2.4784E-12	4.0492E-12
1.7148E+24	6.3880E-12	2.4811E-12	4.0567E-12
1.7217E+24	6.3873E-12	2.4837E-12	4.0640E-12
1.7286E+24	6.3865E-12	2.4864E-12	4.0715E-12
1.7355E+24	6.3858E-12	2.4890E-12	4.0788E-12
1.7425E+24	6.3850E-12	2.4917E-12	4.0863E-12
1.7495E+24	6.3843E-12	2.4944E-12	4.0938E-12
1.7565E+24	6.3835E-12	2.4970E-12	4.1014E-12
1.7635E+24	6.3828E-12	2.4997E-12	4.1087E-12
1.7706E+24	6.3820E-12	2.5023E-12	4.1163E-12
1.7777E+24	6.3813E-12	2.5050E-12	4.1238E-12
1.7849E+24	6.3805E-12	2.5076E-12	4.1312E-12
1.7920E+24	6.3798E-12	2.5103E-12	4.1387E-12
1.7992E+24	6.3790E-12	2.5129E-12	4.1463E-12
1.8064E+24	6.3783E-12	2.5156E-12	4.1538E-12
1.8137E+24	6.3775E-12	2.5182E-12	4.1614E-12
1.8210E+24	6.3768E-12	2.5209E-12	4.1690E-12
1.8283E+24	6.3760E-12	2.5235E-12	4.1764E-12
1.8356E+24	6.3753E-12	2.5261E-12	4.1840E-12
1.8430E+24	6.3745E-12	2.5288E-12	4.1916E-12
1.8504E+24	6.3738E-12	2.5314E-12	4.1992E-12
1.8578E+24	6.3730E-12	2.5341E-12	4.2068E-12
1.8652E+24	6.3723E-12	2.5367E-12	4.2144E-12
1.8727E+24	6.3715E-12	2.5393E-12	4.2220E-12
1.8803E+24	6.3708E-12	2.5420E-12	4.2296E-12
1.8878E+24	6.3700E-12	2.5446E-12	4.2372E-12
1.8954E+24	6.3693E-12	2.5472E-12	4.2449E-12
1.9030E+24	6.3685E-12	2.5499E-12	4.2525E-12
1.9106E+24	6.3678E-12	2.5525E-12	4.2602E-12
1.9183E+24	6.3670E-12	2.5551E-12	4.2678E-12
1.9260E+24	6.3663E-12	2.5577E-12	4.2755E-12
1.9337E+24	6.3655E-12	2.5604E-12	4.2831E-12
1.9415E+24	6.3648E-12	2.5630E-12	4.2908E-12
1.9493E+24	6.3640E-12	2.5657E-12	4.2987E-12
1.9571E+24	6.3633E-12	2.5683E-12	4.3063E-12
1.9649E+24	6.3625E-12	2.5709E-12	4.3140E-12
1.9728E+24	6.3618E-12	2.5735E-12	4.3217E-12
1.9807E+24	6.3610E-12	2.5761E-12	4.3294E-12
1.9887E+24	6.3603E-12	2.5787E-12	4.3371E-12
1.9967E+24	6.3595E-12	2.5814E-12	4.3450E-12
2.0047E+24	6.3588E-12	2.5840E-12	4.3527E-12
2.0127E+24	6.3580E-12	2.5866E-12	4.3605E-12
2.0208E+24	6.3573E-12	2.5892E-12	4.3682E-12
2.0289E+24	6.3565E-12	2.5918E-12	4.3761E-12
2.0371E+24	6.3558E-12	2.5944E-12	4.3839E-12
2.0452E+24	6.3550E-12	2.5970E-12	4.3916E-12
2.0535E+24	6.3543E-12	2.5996E-12	4.3994E-12
2.0617E+24	6.3536E-12	2.6022E-12	4.4073E-12
2.0700E+24	6.3528E-12	2.6048E-12	4.4151E-12
2.0783E+24	6.3521E-12	2.6074E-12	4.4229E-12
2.0866E+24	6.3513E-12	2.6100E-12	4.4308E-12
2.0950E+24	6.3506E-12	2.6126E-12	4.4386E-12
2.1034E+24	6.3498E-12	2.6152E-12	4.4466E-12
2.1118E+24	6.3491E-12	2.6178E-12	4.4544E-12
2.1203E+24	6.3483E-12	2.6204E-12	4.4622E-12
2.1288E+24	6.3476E-12	2.6230E-12	4.4702E-12
2.1374E+24	6.3468E-12	2.6256E-12	4.4780E-12
2.1459E+24	6.3461E-12	2.6282E-12	4.4860E-12
2.1545E+24	6.3453E-12	2.6307E-12	4.4939E-12
2.1632E+24	6.3446E-12	2.6334E-12	4.5019E-12
2.1719E+24	6.3439E-12	2.6359E-12	4.5097E-12
2.1806E+24	6.3431E-12	2.6385E-12	4.5176E-12
2.1893E+24	6.3424E-12	2.6411E-12	4.5256E-12
2.1981E+24	6.3416E-12	2.6436E-12	4.5335E-12
2.2069E+24	6.3409E-12	2.6462E-12	4.5415E-12
2.2158E+24	6.3401E-12	2.6488E-12	4.5496E-12
2.2247E+24	6.3394E-12	2.6514E-12	4.5575E-12
2.2336E+24	6.3386E-12	2.6540E-12	4.5656E-12
2.2426E+24	6.3379E-12	2.6565E-12	4.5735E-12
2.2516E+24	6.3371E-12	2.6591E-12	4.5815E-12
2.2606E+24	6.3364E-12	2.6616E-12	4.5895E-12
2.2697E+24	6.3357E-12	2.6642E-12	4.5975E-12
2.2788E+24	6.3349E-12	2.6668E-12	4.6057E-12
2.2879E+24	6.3342E-12	2.6693E-12	4.6136E-12
2.2971E+24	6.3334E-12	2.6719E-12	4.6217E-12
2.3064E+24	6.3327E-12	2.6744E-12	4.6296E-12
2.3156E+24	6.3319E-12	2.6770E-12	4.6378E-12
2.3249E+24	6.3312E-12	2.6796E-12	4.6459E-12
2.3342E+24	6.3304E-12	2.6821E-12	4.6539E-12
2.3436E+24	6.3297E-12	2.6847E-12	4.6620E-12
2.3530E+24	6.3289E-12	2.6872E-12	4.6702E-12
2.3624E+24	6.3282E-12	2.6898E-12	4.6782E-12
2.3719E+24	6.3275E-12	2.6923E-12	4.6863E-12
2.3815E+24	6.3267E-12	2.6949E-12	4.6945E-12
2.3910E+24	6.3260E-12	2.6974E-12	4.7027E-12
2.4006E+24	6.3252E-12	2.6999E-12	4.7107E-12
2.4102E+24	6.3245E-12	2.7025E-12	4.7189E-12
2.4199E+24	6.3237E-12	2.7050E-12	4.7271E-12
2.4296E+24	6.3230E-12	2.7076E-12	4.7353E-12
2.4393E+24	6.3223E-12	2.7101E-12	4.7434E-12
2.4492E+24	6.3215E-12	2.7126E-12	4.7516E-12
2.4591E+24	6.3208E-12	2.7152E-12	4.7598E-12
2.4688E+24	6.3200E-12	2.7177E-12	4.7681E-12
2.4787E+24	6.3193E-12	2.7203E-12	4.7763E-12
2.4888E+24	6.3185E-12	2.7227E-12	4.7844E-12
2.4988E+24	6.3178E-12	2.7253E-12	4.7927E-12
2.5087E+24	6.3171E-12	2.7278E-12	4.8009E-12
2.5188E+24	6.3163E-12	2.7303E-12	4.8092E-12
2.5290E+24	6.3156E-12	2.7329E-12	4.8175E-12
2.5391E+24	6.3148E-12	2.7354E-12	4.8258E-12
2.5493E+24	6.3141E-12	2.7379E-12	4.8339E-12
2.5594E+24	6.3133E-12	2.7404E-12	4.8422E-12
2.5698E+24	6.3126E-12	2.7429E-12	4.8505E-12
2.5800E+24	6.3119E-12	2.7454E-12	4.8588E-12
2.5904E+24	6.3111E-12	2.7479E-12	4.8671E-12
2.6008E+24	6.3104E-12	2.7505E-12	4.8755E-12
2.6112E+24	6.3096E-12	2.7530E-12	4.8838E-12
2.6218E+24	6.3089E-12	2.7555E-12	4.8922E-12
2.6322E+24	6.3081E-12	2.7580E-12	4.9005E-12
2.6429E+24	6.3074E-12	2.7605E-12	4.9089E-12
2.6535E+24	6.3067E-12	2.7629E-12	4.9170E-12
2.6641E+24	6.3059E-12	2.7654E-12	4.9254E-12
2.6748E+24	6.3052E-12	2.7679E-12	4.9338E-12
2.6854E+24	6.3044E-12	2.7704E-12	4.9422E-12
2.6963E+24	6.3037E-12	2.7729E-12	4.9506E-12
2.7072E+24	6.3030E-12	2.7754E-12	4.9590E-12
2.7181E+24	6.3022E-12	2.7779E-12	4.9674E-12
2.7289E+24	6.3015E-12	2.7804E-12	4.9758E-12
2.7398E+24	6.3007E-12	2.7828E-12	4.9842E-12
2.7507E+24	6.3000E-12	2.7853E-12	4.9927E-12
2.7618E+24	6.2993E-12	2.7878E-12	5.0011E-12
2.7730E+24	6.2985E-12	2.7903E-12	5.0095E-12
2.7841E+24	6.2978E-12	2.7928E-12	5.0180E-12
2.7952E+24	6.2970E-12	2.7952E-12	5.0265E-12
2.8066E+24	6.2963E-12	2.7977E-12	5.0349E-12
2.8177E+24	6.2955E-12	2.8002E-12	5.0434E-12
2.8290E+24	6.2948E-12	2.8026E-12	5.0519E-12
2.8404E+24	6.2941E-12	2.8051E-12	5.0604E-12
2.8518E+24	6.2933E-12	2.8076E-12	5.0689E-12
2.8631E+24	6.2926E-12	2.8100E-12	5.0774E-12
2.8747E+24	6.2918E-12	2.8125E-12	5.0861E-12
2.8864E+24	6.2911E-12	2.8150E-12	5.0946E-12
2.8977E+24	6.2904E-12	2.8174E-12	5.1031E-12
2.9096E+24	6.2896E-12	2.8199E-12	5.1116E-12
2.9212E+24	6.2889E-12	2.8223E-12	5.1202E-12
2.9328E+24	6.2882E-12	2.8248E-12	5.1287E-12
2.9446E+24	6.2874E-12	2.8272E-12	5.1373E-12
2.9565E+24	6.2867E-12	2.8297E-12	5.1458E-12
2.9683E+24	6.2859E-12	2.8321E-12	5.1544E-12
2.9802E+24	6.2852E-12	2.8345E-12	5.1630E-12
2.9923E+24	6.2845E-12	2.8370E-12	5.1715E-12
3.0041E+24	6.2837E-12	2.8395E-12	5.1803E-12
3.0162E+24	6.2830E-12	2.8419E-12	5.1889E-12
3.0283E+24	6.2822E-12	2.8443E-12	5.1975E-12
3.0406E+24	6.2815E-12	2.8467E-12	5.2061E-12
3.0527E+24	6.2808E-12	2.8492E-12	5.2147E-12
3.0650E+24	6.2800E-12	2.8516E-12	5.2234E-12
3.0774E+24	6.2793E-12	2.8540E-12	5.2320E-12
3.0897E+24	6.2785E-12	2.8564E-12	5.2407E-12
3.1020E+24	6.2778E-12	2.8589E-12	5.2495E-12
3.1144E+24	6.2771E-12	2.8613E-12	5.2581E-12
3.1269E+24	6.2763E-12	2.8637E-12	5.2668E-12
3.1395E+24	6.2756E-12	2.8661E-12	5.2755E-12
3.1521E+24	6.2749E-12	2.8685E-12	5.2841E-12
3.1647E+24	6.2741E-12	2.8709E-12	5.2928E-12
3.1775E+24	6.2734E-12	2.8734E-12	5.3017E-12
3.1903E+24	6.2726E-12	2.8758E-12	5.3104E-12
3.2031E+24	6.2719E-12	2.8782E-12	5.3191E-12
3.2159E+24	6.2712E-12	2.8806E-12	5.3278E-12
3.2287E+24	6.2704E-12	2.8830E-12	5.3366E-12
3.2418E+24	6.2697E-12	2.8854E-12	5.3455E-12
3.2549E+24	6.2690E-12	2.8878E-12	5.3542E-12
3.2679E+24	6.2682E-12	2.8902E-12	5.3630E-12
3.2810E+24	6.2675E-12	2.8926E-12	5.3717E-12
3.2940E+24	6.2667E-12	2.8949E-12	5.3805E-12
3.3073E+24	6.2660E-12	2.8974E-12	5.3894E-12
3.3206E+24	6.2653E-12	2.8998E-12	5.3982E-12
3.3339E+24	6.2645E-12	2.9021E-12	5.4070E-12
3.3472E+24	6.2638E-12	2.9045E-12	5.4158E-12
3.3608E+24	6.2631E-12	2.9069E-12	5.4246E-12
3.3743E+24	6.2623E-12	2.9093E-12	5.4336E-12
3.3878E+24	6.2616E-12	2.9117E-12	5.4424E-12
3.4014E+24	6.2609E-12	2.9140E-12	5.4512E-12
3.4149E+24	6.2601E-12	2.9164E-12	5.4601E-12
3.4287E+24	6.2594E-12	2.9188E-12	5.4691E-12
3.4425E+24	6.2586E-12	2.9212E-12	5.4779E-12
3.4563E+24	6.2579E-12	2.9235E-12	5.4868E-12
3.4701E+24	6.2572E-12	2.9259E-12	5.4956E-12
3.4841E+24	6.2564E-12	2.9283E-12	5.5047E-12
3.4981E+24	6.2557E-12	2.9306E-12	5.5136E-12
3.5121E+24	6.2550E-12	2.9330E-12	5.5225E-12
3.5262E+24	6.2542E-12	2.9353E-12	5.5314E-12
3.5404E+24	6.2535E-12	2.9377E-12	5.5404E-12
3.5544E+24	6.2528E-12	2.9401E-12	5.5493E-12
3.5687E+24	6.2520E-12	2.9424E-12	5.5583E-12
3.5832E+24	6.2513E-12	2.9447E-12	5.5672E-12
3.5975E+24	6.2506E-12	2.9471E-12	5.5763E-12
3.6120E+24	6.2498E-12	2.9494E-12	5.5853E-12
3.6265E+24	6.2491E-12	2.9518E-12	5.5942E-12
3.6410E+24	6.2483E-12	2.9541E-12	5.6032E-12
3.6555E+24	6.2476E-12	2.9565E-12	5.6123E-12
3.6703E+24	6.2469E-12	2.9588E-12	5.6213E-12
3.6850E+24	6.2461E-12	2.9611E-12	5.6303E-12
3.6998E+24	6.2454E-12	2.9635E-12	5.6394E-12
3.7148E+24	6.2447E-12	2.9658E-12	5.6484E-12
3.7295E+24	6.2439E-12	2.9681E-12	5.6574E-12
3.7445E+24	6.2432E-12	2.9704E-12	5.6664E-12
3.7595E+24	6.2425E-12	2.9728E-12	5.6756E-12
3.7747E+24	6.2417E-12	2.9751E-12	5.6847E-12
3.7897E+24	6.2410E-12	2.9774E-12	5.6937E-12
3.8049E+24	6.2403E-12	2.9798E-12	5.7029E-12
3.8202E+24	6.2395E-12	2.9821E-12	5.7120E-12
3.8357E+24	6.2388E-12	2.9844E-12	5.7210E-12
3.8509E+24	6.2381E-12	2.9867E-12	5.7301E-12
3.8664E+24	6.2373E-12	2.9890E-12	5.7394E-12
3.8821E+24	6.2366E-12	2.9913E-12	5.7485E-12
3.8976E+24	6.2359E-12	2.9936E-12	5.7575E-12
3.9133E+24	6.2351E-12	2.9959E-12	5.7668E-12
3.9290E+24	6.2344E-12	2.9982E-12	5.7759E-12
3.9447E+24	6.2337E-12	3.0005E-12	5.7850E-12
3.9604E+24	6.2329E-12	3.0028E-12	5.7942E-12
3.9764E+24	6.2322E-12	3.0051E-12	5.8035E-12
3.9923E+24	6.2315E-12	3.0074E-12	5.8126E-12
4.0083E+24	6.2307E-12	3.0097E-12	5.8218E-12
4.0245E+24	6.2300E-12	3.0120E-12	5.8311E-12
4.0407E+24	6.2293E-12	3.0143E-12	5.8403E-12
4.0569E+24	6.2285E-12	3.0165E-12	5.8495E-12
4.0731E+24	6.2278E-12	3.0188E-12	5.8588E-12
4.0895E+24	6.2271E-12	3.0211E-12	5.8680E-12
4.1057E+24	6.2263E-12	3.0234E-12	5.8772E-12
4.1224E+24	6.2256E-12	3.0256E-12	5.8864E-12
4.1389E+24	6.2249E-12	3.0279E-12	5.8958E-12
4.1556E+24	6.2242E-12	3.0302E-12	5.9050E-12
4.1722E+24	6.2234E-12	3.0324E-12	5.9142E-12
4.1889E+24	6.2227E-12	3.0348E-12	5.9237E-12
4.2056E+24	6.2220E-12	3.0370E-12	5.9329E-12
4.2225E+24	6.2212E-12	3.0392E-12	5.9422E-12
4.2395E+24	6.2205E-12	3.0415E-12	5.9516E-12
4.2566E+24	6.2198E-12	3.0438E-12	5.9609E-12
4.2736E+24	6.2190E-12	3.0460E-12	5.9702E-12
4.2907E+24	6.2183E-12	3.0483E-12	5.9796E-12
4.3081E+24	6.2176E-12	3.0506E-12	5.9889E-12
4.3253E+24	6.2168E-12	3.0528E-12	5.9982E-12
4.3427E+24	6.2161E-12	3.0550E-12	6.0075E-12
4.3601E+24	6.2154E-12	3.0573E-12	6.0170E-12
4.3775E+24	6.2146E-12	3.0595E-12	6.0264E-12
4.3952E+24	6.2139E-12	3.0618E-12	6.0357E-12
4.4128E+24	6.2132E-12	3.0640E-12	6.0452E-12
4.4305E+24	6.2125E-12	3.0663E-12	6.0546E-12
4.4484E+24	6.2117E-12	3.0685E-12	6.0639E-12
4.4660E+24	6.2110E-12	3.0707E-12	6.0735E-12
4.4842E+24	6.2103E-12	3.0730E-12	6.0829E-12
4.5021E+24	6.2095E-12	3.0752E-12	6.0923E-12
4.5202E+24	6.2088E-12	3.0774E-12	6.1016E-12
4.5383E+24	6.2081E-12	3.0796E-12	6.1112E-12
4.5565E+24	6.2073E-12	3.0818E-12	6.1207E-12
4.5748E+24	6.2066E-12	3.0841E-12	6.1301E-12
4.5932E+24	6.2059E-12	3.0863E-12	6.1397E-12
4.6116E+24	6.2052E-12	3.0885E-12	6.1491E-12
4.6300E+24	6.2044E-12	3.0907E-12	6.1586E-12
4.6486E+24	6.2037E-12	3.0929E-12	6.1680E-12
4.6672E+24	6.2030E-12	3.0952E-12	6.1776E-12
4.6861E+24	6.2022E-12	3.0973E-12	6.1871E-12
4.7049E+24	6.2015E-12	3.0995E-12	6.1966E-12
4.7238E+24	6.2008E-12	3.1018E-12	6.2063E-12
4.7426E+24	6.2000E-12	3.1039E-12	6.2158E-12
4.7617E+24	6.1993E-12	3.1061E-12	6.2253E-12
4.7808E+24	6.1986E-12	3.1083E-12	6.2348E-12
4.8000E+24	6.1979E-12	3.1106E-12	6.2445E-12
4.8193E+24	6.1971E-12	3.1127E-12	6.2540E-12
4.8386E+24	6.1964E-12	3.1149E-12	6.2636E-12
4.8580E+24	6.1957E-12	3.1171E-12	6.2733E-12
4.8776E+24	6.1949E-12	3.1193E-12	6.2829E-12
4.8972E+24	6.1942E-12	3.1215E-12	6.2924E-12
4.9167E+24	6.1935E-12	3.1236E-12	6.3020E-12
4.9366E+24	6.1928E-12	3.1259E-12	6.3117E-12
4.9564E+24	6.1920E-12	3.1280E-12	6.3213E-12
4.9762E+24	6.1913E-12	3.1302E-12	6.3309E-12
4.9960E+24	6.1906E-12	3.1323E-12	6.3405E-12
5.0161E+24	6.1898E-12	3.1345E-12	6.3504E-12
5.0364E+24	6.1891E-12	3.1367E-12	6.3600E-12
5.0565E+24	6.1884E-12	3.1388E-12	6.3696E-12
5.0768E+24	6.1877E-12	3.1410E-12	6.3794E-12
5.0971E+24	6.1869E-12	3.1432E-12	6.3891E-12
5.1177E+24	6.1862E-12	3.1453E-12	6.3987E-12
5.1382E+24	6.1855E-12	3.1475E-12	6.4084E-12
5.1588E+24	6.1848E-12	3.1497E-12	6.4182E-12
5.1796E+24	6.1840E-12	3.1518E-12	6.4279E-12
5.2004E+24	6.1833E-12	3.1540E-12	6.4376E-12
5.2212E+24	6.1826E-12	3.1561E-12	6.4473E-12
5.2422E+24	6.1818E-12	3.1583E-12	6.4572E-12
5.2632E+24	6.1811E-12	3.1604E-12	6.4669E-12
5.2843E+24	6.1804E-12	3.1625E-12	6.4766E-12
5.3056E+24	6.1797E-12	3.1647E-12	6.4864E-12
5.3268E+24	6.1789E-12	3.1668E-12	6.4963E-12
5.3481E+24	6.1782E-12	3.1690E-12	6.5061E-12
5.3696E+24	6.1775E-12	3.1711E-12	6.5158E-12
5.3911E+24	6.1768E-12	3.1732E-12	6.5256E-12
5.4129E+24	6.1760E-12	3.1753E-12	6.5354E-12
5.4347E+24	6.1753E-12	3.1775E-12	6.5454E-12
5.4564E+24	6.1746E-12	3.1796E-12	6.5551E-12
5.4782E+24	6.1739E-12	3.1817E-12	6.5649E-12
5.5002E+24	6.1731E-12	3.1838E-12	6.5748E-12
5.5222E+24	6.1724E-12	3.1860E-12	6.5848E-12
5.5444E+24	6.1717E-12	3.1881E-12	6.5946E-12
5.5667E+24	6.1710E-12	3.1902E-12	6.6044E-12
5.5892E+24	6.1702E-12	3.1923E-12	6.6143E-12
5.6114E+24	6.1695E-12	3.1944E-12	6.6241E-12
5.6339E+24	6.1688E-12	3.1965E-12	6.6342E-12
5.6566E+24	6.1681E-12	3.1986E-12	6.6441E-12
5.6794E+24	6.1673E-12	3.2007E-12	6.6540E-12
5.7021E+24	6.1666E-12	3.2028E-12	6.6638E-12
5.7251E+24	6.1659E-12	3.2049E-12	6.6737E-12
5.7480E+24	6.1652E-12	3.2070E-12	6.6838E-12
5.7710E+24	6.1644E-12	3.2091E-12	6.6938E-12
5.7942E+24	6.1637E-12	3.2112E-12	6.7037E-12
5.8174E+24	6.1630E-12	3.2133E-12	6.7136E-12
5.8409E+24	6.1623E-12	3.2154E-12	6.7235E-12
5.8643E+24	6.1615E-12	3.2174E-12	6.7335E-12
5.8878E+24	6.1608E-12	3.2195E-12	6.7437E-12
5.9115E+24	6.1601E-12	3.2216E-12	6.7536E-12
5.9352E+24	6.1594E-12	3.2237E-12	6.7636E-12
5.9589E+24	6.1586E-12	3.2258E-12	6.7736E-12
5.9828E+24	6.1579E-12	3.2278E-12	6.7836E-12
6.0070E+24	6.1572E-12	3.2299E-12	6.7936E-12
6.0309E+24	6.1565E-12	3.2320E-12	6.8038E-12
6.0551E+24	6.1557E-12	3.2340E-12	6.8139E-12
6.0796E+24	6.1550E-12	3.2361E-12	6.8239E-12
6.1040E+24	6.1543E-12	3.2382E-12	6.8339E-12
6.1284E+24	6.1536E-12	3.2402E-12	6.8440E-12
6.1531E+24	6.1528E-12	3.2423E-12	6.8541E-12
6.1777E+24	6.1521E-12	3.2443E-12	6.8641E-12
6.2024E+24	6.1514E-12	3.2464E-12	6.8744E-12
6.2273E+24	6.1507E-12	3.2485E-12	6.8845E-12
6.2524E+24	6.1499E-12	3.2505E-12	6.8946E-12
6.2773E+24	6.1492E-12	3.2525E-12	6.9047E-12
6.3027E+24	6.1485E-12	3.2546E-12	6.9148E-12
6.3279E+24	6.1478E-12	3.2566E-12	6.9249E-12
6.3533E+24	6.1471E-12	3.2587E-12	6.9350E-12
6.3789E+24	6.1463E-12	3.2607E-12	6.9452E-12
6.4045E+24	6.1456E-12	3.2627E-12	6.9554E-12
6.4302E+24	6.1449E-12	3.2648E-12	6.9657E-12
6.4560E+24	6.1442E-12	3.2668E-12	6.9759E-12
6.4819E+24	6.1434E-12	3.2689E-12	6.9861E-12
6.5078E+24	6.1427E-12	3.2709E-12	6.9963E-12
6.5339E+24	6.1420E-12	3.2729E-12	7.0064E-12
6.5602E+24	6.1413E-12	3.2749E-12	7.0166E-12
6.5866E+24	6.1406E-12	3.2770E-12	7.0268E-12
6.6130E+24	6.1398E-12	3.2790E-12	7.0371E-12
6.6396E+24	6.1391E-12	3.2810E-12	7.0473E-12
6.6662E+24	6.1384E-12	3.2830E-12	7.0576E-12
6.6930E+24	6.1377E-12	3.2850E-12	7.0678E-12
6.7198E+24	6.1369E-12	3.2870E-12	7.0781E-12
6.7467E+24	6.1362E-12	3.2890E-12	7.0884E-12
6.7738E+24	6.1355E-12	3.2910E-12	7.0986E-12
6.8011E+24	6.1348E-12	3.2930E-12	7.1089E-12
6.8284E+24	6.1341E-12	3.2951E-12	7.1194E-12
6.8557E+24	6.1333E-12	3.2971E-12	7.1298E-12
6.8833E+24	6.1326E-12	3.2991E-12	7.1401E-12
6.9109E+24	6.1319E-12	3.3010E-12	7.1504E-12
6.9387E+24	6.1312E-12	3.3030E-12	7.1607E-12
6.9665E+24	6.1305E-12	3.3050E-12	7.1710E-12
6.9943E+24	6.1297E-12	3.3070E-12	7.1814E-12
7.0223E+24	6.1290E-12	3.3090E-12	7.1918E-12
7.0506E+24	6.1283E-12	3.3110E-12	7.2021E-12
7.0789E+24	6.1276E-12	3.3130E-12	7.2125E-12
7.1074E+24	6.1268E-12	3.3149E-12	7.2229E-12
7.1357E+24	6.1261E-12	3.3169E-12	7.2333E-12
7.1645E+24	6.1254E-12	3.3189E-12	7.2437E-12
7.1933E+24	6.1247E-12	3.3209E-12	7.2541E-12
7.2221E+24	6.1240E-12	3.3229E-12	7.2646E-12
7.2511E+24	6.1232E-12	3.3248E-12	7.2750E-12
7.2801E+24	6.1225E-12	3.3268E-12	7.2855E-12
7.3093E+24	6.1218E-12	3.3287E-12	7.2959E-12
7.3388E+24	6.1211E-12	3.3307E-12	7.3062E-12
7.3681E+24	6.1204E-12	3.3326E-12	7.3166E-12
7.3978E+24	6.1196E-12	3.3346E-12	7.3272E-12
7.4273E+24	6.1189E-12	3.3365E-12	7.3376E-12
7.4573E+24	6.1182E-12	3.3385E-12	7.3481E-12
7.4873E+24	6.1175E-12	3.3405E-12	7.3586E-12
7.5173E+24	6.1168E-12	3.3424E-12	7.3692E-12
7.5475E+24	6.1161E-12	3.3444E-12	7.3797E-12
7.5777E+24	6.1153E-12	3.3463E-12	7.3903E-12
7.6082E+24	6.1146E-12	3.3483E-12	7.4008E-12
7.6387E+24	6.1139E-12	3.3502E-12	7.4114E-12
7.6694E+24	6.1132E-12	3.3521E-12	7.4219E-12
7.7001E+24	6.1125E-12	3.3541E-12	7.4325E-12
7.7310E+24	6.1117E-12	3.3560E-12	7.4431E-12
7.7620E+24	6.1110E-12	3.3580E-12	7.4537E-12
7.7932E+24	6.1103E-12	3.3599E-12	7.4641E-12
7.8244E+24	6.1096E-12	3.3618E-12	7.4747E-12
7.8558E+24	6.1089E-12	3.3637E-12	7.4853E-12
7.8872E+24	6.1081E-12	3.3656E-12	7.4960E-12
7.9189E+24	6.1074E-12	3.3676E-12	7.5067E-12
7.9508E+24	6.1067E-12	3.3695E-12	7.5173E-12
7.9827E+24	6.1060E-12	3.3714E-12	7.5280E-12
8.0147E+24	6.1053E-12	3.3733E-12	7.5386E-12
8.0468E+24	6.1046E-12	3.3752E-12	7.5491E-12
8.0792E+24	6.1038E-12	3.3771E-12	7.5598E-12
8.1116E+24	6.1031E-12	3.3790E-12	7.5705E-12
8.1443E+24	6.1024E-12	3.3810E-12	7.5812E-12
8.1769E+24	6.1017E-12	3.3829E-12	7.5920E-12
8.2096E+24	6.1010E-12	3.3848E-12	7.6027E-12
8.2427E+24	6.1003E-12	3.3867E-12	7.6132E-12
8.2758E+24	6.0995E-12	3.3885E-12	7.6240E-12
8.3089E+24	6.0988E-12	3.3904E-12	7.6348E-12
8.3423E+24	6.0981E-12	3.3924E-12	7.6455E-12
8.3757E+24	6.0974E-12	3.3943E-12	7.6563E-12
8.4093E+24	6.0967E-12	3.3961E-12	7.6669E-12
8.4431E+24	6.0959E-12	3.3980E-12	7.6777E-12
8.4770E+24	6.0952E-12	3.3999E-12	7.6885E-12
8.5111E+24	6.0945E-12	3.4018E-12	7.6993E-12
8.5452E+24	6.0938E-12	3.4037E-12	7.7102E-12
8.5795E+24	6.0931E-12	3.4055E-12	7.7208E-12
8.6138E+24	6.0924E-12	3.4074E-12	7.7316E-12
8.6484E+24	6.0916E-12	3.4093E-12	7.7425E-12
8.6832E+24	6.0909E-12	3.4112E-12	7.7534E-12
8.7181E+24	6.0902E-12	3.4130E-12	7.7640E-12
8.7529E+24	6.0895E-12	3.4149E-12	7.7749E-12
8.7882E+24	6.0888E-12	3.4168E-12	7.7858E-12
8.8235E+24	6.0881E-12	3.4186E-12	7.7967E-12
8.8588E+24	6.0874E-12	3.4205E-12	7.8074E-12
8.8943E+24	6.0866E-12	3.4223E-12	7.8184E-12
8.9301E+24	6.0859E-12	3.4242E-12	7.8293E-12
8.9659E+24	6.0852E-12	3.4260E-12	7.8401E-12
9.0019E+24	6.0845E-12	3.4279E-12	7.8510E-12
9.0380E+24	6.0838E-12	3.4298E-12	7.8620E-12
9.0742E+24	6.0831E-12	3.4316E-12	7.8730E-12
9.1107E+24	6.0823E-12	3.4334E-12	7.8838E-12
9.1473E+24	6.0816E-12	3.4353E-12	7.8948E-12
9.1840E+24	6.0809E-12	3.4371E-12	7.9058E-12
9.2208E+24	6.0802E-12	3.4390E-12	7.9166E-12
9.2578E+24	6.0795E-12	3.4408E-12	7.9276E-12
9.2950E+24	6.0788E-12	3.4427E-12	7.9386E-12
9.3322E+24	6.0781E-12	3.4445E-12	7.9494E-12
9.3697E+24	6.0773E-12	3.4463E-12	7.9606E-12
9.4074E+24	6.0766E-12	3.4482E-12	7.9716E-12
9.4451E+24	6.0759E-12	3.4500E-12	7.9825E-12
9.4829E+24	6.0752E-12	3.4518E-12	7.9936E-12
9.5211E+24	6.0745E-12	3.4536E-12	8.0047E-12
9.5593E+24	6.0738E-12	3.4554E-12	8.0155E-12
9.5977E+24	6.0731E-12	3.4573E-12	8.0267E-12
9.6362E+24	6.0723E-12	3.4590E-12	8.0376E-12
9.6749E+24	6.0716E-12	3.4609E-12	8.0488E-12
9.7135E+24	6.0709E-12	3.4627E-12	8.0599E-12
9.7527E+24	6.0702E-12	3.4645E-12	8.0708E-12
9.7916E+24	6.0695E-12	3.4663E-12	8.0820E-12
9.8311E+24	6.0688E-12	3.4681E-12	8.0929E-12
9.8705E+24	6.0681E-12	3.4699E-12	8.1041E-12
9.9101E+24	6.0673E-12	3.4717E-12	8.1154E-12
9.9498E+24	6.0666E-12	3.4735E-12	8.1264E-12
9.9899E+24	6.0659E-12	3.4753E-12	8.1376E-12
1.0030E+25	6.0652E-12	3.4771E-12	8.1486E-12
1.0070E+25	6.0645E-12	3.4789E-12	8.1598E-12
1.0111E+25	6.0638E-12	3.4807E-12	8.1709E-12
1.0151E+25	6.0631E-12	3.4825E-12	8.1821E-12
1.0192E+25	6.0624E-12	3.4843E-12	8.1932E-12
1.0233E+25	6.0616E-12	3.4861E-12	8.2045E-12
1.0274E+25	6.0609E-12	3.4878E-12	8.2156E-12
1.0315E+25	6.0602E-12	3.4896E-12	8.2269E-12
1.0356E+25	6.0595E-12	3.4914E-12	8.2380E-12
1.0398E+25	6.0588E-12	3.4932E-12	8.2493E-12
1.0440E+25	6.0581E-12	3.4949E-12	8.2604E-12
1.0482E+25	6.0574E-12	3.4967E-12	8.2717E-12
1.0524E+25	6.0567E-12	3.4985E-12	8.2828E-12
1.0566E+25	6.0559E-12	3.5003E-12	8.2943E-12
1.0608E+25	6.0552E-12	3.5020E-12	8.3054E-12
1.0651E+25	6.0545E-12	3.5038E-12	8.3168E-12
1.0694E+25	6.0538E-12	3.5055E-12	8.3280E-12
1.0737E+25	6.0531E-12	3.5073E-12	8.3394E-12
1.0780E+25	6.0524E-12	3.5091E-12	8.3506E-12
1.0823E+25	6.0517E-12	3.5109E-12	8.3620E-12
1.0866E+25	6.0510E-12	3.5126E-12	8.3732E-12
1.0910E+25	6.0502E-12	3.5143E-12	8.3845E-12
1.0954E+25	6.0495E-12	3.5161E-12	8.3959E-12
1.0998E+25	6.0488E-12	3.5178E-12	8.4072E-12
1.1042E+25	6.0481E-12	3.5196E-12	8.4187E-12
1.1086E+25	6.0474E-12	3.5213E-12	8.4299E-12
1.1131E+25	6.0467E-12	3.5230E-12	8.4412E-12
1.1175E+25	6.0460E-12	3.5248E-12	8.4527E-12
1.1220E+25	6.0453E-12	3.5265E-12	8.4640E-12
1.1265E+25	6.0446E-12	3.5283E-12	8.4755E-12
1.1310E+25	6.0438E-12	3.5300E-12	8.4869E-12
1.1356E+25	6.0431E-12	3.5317E-12	8.4982E-12
1.1401E+25	6.0424E-12	3.5335E-12	8.5098E-12
1.1447E+25	6.0417E-12	3.5352E-12	8.5211E-12
1.1493E+25	6.0410E-12	3.5369E-12	8.5325E-12
1.1539E+25	6.0403E-12	3.5386E-12	8.5441E-12
1.1586E+25	6.0396E-12	3.5403E-12	8.5554E-12
1.1632E+25	6.0389E-12	3.5421E-12	8.5668E-12
1.1679E+25	6.0382E-12	3.5438E-12	8.5784E-12
1.1726E+25	6.0375E-12	3.5455E-12	8.5898E-12
1.1773E+25	6.0367E-12	3.5472E-12	8.6013E-12
1.1820E+25	6.0360E-12	3.5489E-12	8.6130E-12
1.1867E+25	6.0353E-12	3.5506E-12	8.6244E-12
1.1915E+25	6.0346E-12	3.5523E-12	8.6359E-12
1.1963E+25	6.0339E-12	3.5540E-12	8.6473E-12
1.2011E+25	6.0332E-12	3.5557E-12	8.6590E-12
1.2059E+25	6.0325E-12	3.5574E-12	8.6705E-12
1.2107E+25	6.0318E-12	3.5591E-12	8.6820E-12
1.2156E+25	6.0311E-12	3.5608E-12	8.6935E-12
1.2205E+25	6.0304E-12	3.5625E-12	8.7053E-12
1.2254E+25	6.0296E-12	3.5642E-12	8.7168E-12
1.2303E+25	6.0289E-12	3.5659E-12	8.7284E-12
1.2352E+25	6.0282E-12	3.5676E-12	8.7399E-12
1.2402E+25	6.0275E-12	3.5693E-12	8.7517E-12
1.2452E+25	6.0268E-12	3.5709E-12	8.7633E-12
1.2501E+25	6.0261E-12	3.5726E-12	8.7749E-12
1.2552E+25	6.0254E-12	3.5743E-12	8.7864E-12
1.2602E+25	6.0247E-12	3.5760E-12	8.7980E-12
1.2653E+25	6.0240E-12	3.5777E-12	8.8099E-12
1.2703E+25	6.0233E-12	3.5793E-12	8.8215E-12
1.2754E+25	6.0226E-12	3.5810E-12	8.8331E-12
1.2806E+25	6.0219E-12	3.5827E-12	8.8448E-12
1.2857E+25	6.0211E-12	3.5843E-12	8.8565E-12
1.2909E+25	6.0204E-12	3.5860E-12	8.8681E-12
1.2960E+25	6.0197E-12	3.5876E-12	8.8798E-12
1.3012E+25	6.0190E-12	3.5893E-12	8.8917E-12
1.3065E+25	6.0183E-12	3.5910E-12	8.9034E-12
1.3117E+25	6.0176E-12	3.5926E-12	8.9151E-12
1.3170E+25	6.0169E-12	3.5943E-12	8.9269E-12
1.3223E+25	6.0162E-12	3.5959E-12	8.9386E-12
1.3276E+25	6.0155E-12	3.5976E-12	8.9503E-12
1.3329E+25	6.0148E-12	3.5992E-12	8.9621E-12
1.3382E+25	6.0141E-12	3.6009E-12	8.9738E-12
1.3436E+25	6.0134E-12	3.6025E-12	8.9856E-12
1.3490E+25	6.0127E-12	3.6042E-12	8.9976E-12
1.3544E+25	6.0119E-12	3.6058E-12	9.0095E-12
1.3599E+25	6.0112E-12	3.6074E-12	9.0213E-12
1.3653E+25	6.0105E-12	3.6091E-12	9.0331E-12
1.3708E+25	6.0098E-12	3.6107E-12	9.0449E-12
1.3763E+25	6.0091E-12	3.6123E-12	9.0568E-12
1.3818E+25	6.0084E-12	3.6140E-12	9.0686E-12
1.3874E+25	6.0077E-12	3.6156E-12	9.0805E-12
1.3929E+25	6.0070E-12	3.6172E-12	9.0923E-12
1.3985E+25	6.0063E-12	3.6189E-12	9.1042E-12
1.4041E+25	6.0056E-12	3.6205E-12	9.1161E-12
1.4098E+25	6.0049E-12	3.6221E-12	9.1280E-12
1.4154E+25	6.0042E-12	3.6237E-12	9.1399E-12
1.4211E+25	6.0035E-12	3.6253E-12	9.1518E-12
1.4268E+25	6.0028E-12	3.6269E-12	9.1638E-12
1.4325E+25	6.0021E-12	3.6286E-12	9.1757E-12
1.4383E+25	6.0014E-12	3.6302E-12	9.1877E-12
1.4441E+25	6.0006E-12	3.6318E-12	9.1997E-12
1.4499E+25	5.9999E-12	3.6334E-12	9.2117E-12
1.4557E+25	5.9992E-12	3.6350E-12	9.2237E-12
1.4615E+25	5.9985E-12	3.6365E-12	9.2354E-12
1.4674E+25	5.9978E-12	3.6381E-12	9.2475E-12
1.4733E+25	5.9971E-12	3.6397E-12	9.2595E-12
1.4792E+25	5.9964E-12	3.6413E-12	9.2715E-12
1.4851E+25	5.9957E-12	3.6429E-12	9.2836E-12
1.4911E+25	5.9950E-12	3.6445E-12	9.2956E-12
1.4971E+25	5.9943E-12	3.6461E-12	9.3077E-12
1.5031E+25	5.9936E-12	3.6477E-12	9.3198E-12
1.5091E+25	5.9929E-12	3.6493E-12	9.3319E-12
1.5152E+25	5.9922E-12	3.6509E-12	9.3437E-12
1.5212E+25	5.9915E-12	3.6525E-12	9.3558E-12
1.5273E+25	5.9908E-12	3.6540E-12	9.3680E-12
1.5335E+25	5.9901E-12	3.6556E-12	9.3801E-12
1.5396E+25	5.9894E-12	3.6572E-12	9.3922E-12
1.5458E+25	5.9887E-12	3.6588E-12	9.4044E-12
1.5520E+25	5.9880E-12	3.6604E-12	9.4166E-12
1.5582E+25	5.9873E-12	3.6619E-12	9.4285E-12
1.5645E+25	5.9866E-12	3.6635E-12	9.4407E-12
1.5708E+25	5.9859E-12	3.6651E-12	9.4529E-12
1.5771E+25	5.9851E-12	3.6666E-12	9.4652E-12
1.5834E+25	5.9844E-12	3.6681E-12	9.4772E-12
1.5898E+25	5.9837E-12	3.6697E-12	9.4894E-12
1.5961E+25	5.9830E-12	3.6713E-12	9.5017E-12
1.6025E+25	5.9823E-12	3.6728E-12	9.5139E-12
1.6090E+25	5.9816E-12	3.6744E-12	9.5262E-12
1.6154E+25	5.9809E-12	3.6759E-12	9.5382E-12
1.6219E+25	5.9802E-12	3.6775E-12	9.5505E-12
1.6284E+25	5.9795E-12	3.6791E-12	9.5628E-12
1.6350E+25	5.9788E-12	3.6806E-12	9.5749E-12
1.6415E+25	5.9781E-12	3.6821E-12	9.5872E-12
1.6481E+25	5.9774E-12	3.6837E-12	9.5996E-12
1.6547E+25	5.9767E-12	3.6852E-12	9.6119E-12
1.6614E+25	5.9760E-12	3.6867E-12	9.6240E-12
1.6680E+25	5.9753E-12	3.6883E-12	9.6364E-12
1.6747E+25	5.9746E-12	3.6898E-12	9.6488E-12
1.6814E+25	5.9739E-12	3.6913E-12	9.6609E-12
1.6882E+25	5.9732E-12	3.6929E-12	9.6734E-12
1.6950E+25	5.9725E-12	3.6944E-12	9.6858E-12
1.7018E+25	5.9718E-12	3.6959E-12	9.6980E-12
1.7086E+25	5.9711E-12	3.6975E-12	9.7104E-12
1.7155E+25	5.9704E-12	3.6990E-12	9.7229E-12
1.7223E+25	5.9697E-12	3.7005E-12	9.7351E-12
1.7292E+25	5.9690E-12	3.7020E-12	9.7476E-12
1.7362E+25	5.9683E-12	3.7035E-12	9.7598E-12
1.7432E+25	5.9676E-12	3.7051E-12	9.7723E-12
1.7502E+25	5.9669E-12	3.7066E-12	9.7848E-12
1.7572E+25	5.9662E-12	3.7081E-12	9.7971E-12
1.7642E+25	5.9655E-12	3.7096E-12	9.8096E-12
1.7713E+25	5.9648E-12	3.7111E-12	9.8219E-12
1.7784E+25	5.9641E-12	3.7126E-12	9.8345E-12
1.7856E+25	5.9634E-12	3.7141E-12	9.8468E-12
1.7927E+25	5.9627E-12	3.7156E-12	9.8594E-12
1.7999E+25	5.9620E-12	3.7171E-12	9.8720E-12
1.8072E+25	5.9613E-12	3.7186E-12	9.8843E-12
1.8144E+25	5.9606E-12	3.7201E-12	9.8970E-12
1.8217E+25	5.9599E-12	3.7216E-12	9.9093E-12
1.8290E+25	5.9592E-12	3.7231E-12	9.9220E-12
1.8363E+25	5.9585E-12	3.7246E-12	9.9344E-12
1.8437E+25	5.9578E-12	3.7261E-12	9.9471E-12
1.8511E+25	5.9571E-12	3.7275E-12	9.9595E-12
1.8585E+25	5.9564E-12	3.7290E-12	9.9722E-12
1.8660E+25	5.9557E-12	3.7305E-12	9.9846E-12
1.8735E+25	5.9550E-12	3.7320E-12	9.9973E-12
1.8810E+25	5.9543E-12	3.7335E-12	1.0010E-11
1.8885E+25	5.9536E-12	3.7349E-12	1.0022E-11
1.8961E+25	5.9529E-12	3.7364E-12	1.0035E-11
1.9037E+25	5.9522E-12	3.7379E-12	1.0048E-11
1.9114E+25	5.9515E-12	3.7394E-12	1.0060E-11
1.9190E+25	5.9508E-12	3.7408E-12	1.0073E-11
1.9268E+25	5.9501E-12	3.7423E-12	1.0086E-11
1.9345E+25	5.9494E-12	3.7438E-12	1.0098E-11
1.9422E+25	5.9487E-12	3.7452E-12	1.0111E-11
1.9500E+25	5.9480E-12	3.7467E-12	1.0124E-11
1.9579E+25	5.9473E-12	3.7481E-12	1.0136E-11
1.9657E+25	5.9466E-12	3.7496E-12	1.0149E-11
1.9736E+25	5.9459E-12	3.7510E-12	1.0162E-11
1.9815E+25	5.9452E-12	3.7525E-12	1.0174E-11
1.9895E+25	5.9445E-12	3.7540E-12	1.0187E-11
1.9975E+25	5.9438E-12	3.7554E-12	1.0200E-11
2.0055E+25	5.9431E-12	3.7568E-12	1.0213E-11
2.0135E+25	5.9424E-12	3.7583E-12	1.0225E-11
2.0216E+25	5.9417E-12	3.7597E-12	1.0238E-11
2.0297E+25	5.9410E-12	3.7612E-12	1.0251E-11
2.0379E+25	5.9403E-12	3.7626E-12	1.0264E-11
2.0461E+25	5.9396E-12	3.7641E-12	1.0277E-11
2.0543E+25	5.9389E-12	3.7655E-12	1.0289E-11
2.0625E+25	5.9382E-12	3.7669E-12	1.0302E-11
2.0708E+25	5.9375E-12	3.7684E-12	1.0315E-11
2.0791E+25	5.9368E-12	3.7698E-12	1.0328E-11
2.0874E+25	5.9361E-12	3.7712E-12	1.0341E-11
2.0958E+25	5.9354E-12	3.7726E-12	1.0353E-11
2.1042E+25	5.9347E-12	3.7741E-12	1.0366E-11
2.1127E+25	5.9340E-12	3.7755E-12	1.0379E-11
2.1212E+25	5.9333E-12	3.7769E-12	1.0392E-11
2.1297E+25	5.9326E-12	3.7783E-12	1.0405E-11
2.1382E+25	5.9319E-12	3.7797E-12	1.0418E-11
2.1468E+25	5.9312E-12	3.7812E-12	1.0431E-11
2.1554E+25	5.9305E-12	3.7826E-12	1.0444E-11
2.1641E+25	5.9298E-12	3.7840E-12	1.0457E-11
2.1727E+25	5.9291E-12	3.7854E-12	1.0470E-11
2.1815E+25	5.9284E-12	3.7868E-12	1.0482E-11
2.1902E+25	5.9277E-12	3.7882E-12	1.0495E-11
2.1990E+25	5.9270E-12	3.7896E-12	1.0509E-11
2.2078E+25	5.9263E-12	3.7910E-12	1.0522E-11
2.2167E+25	5.9256E-12	3.7924E-12	1.0534E-11
2.2256E+25	5.9249E-12	3.7938E-12	1.0547E-11
2.2345E+25	5.9242E-12	3.7952E-12	1.0560E-11
2.2435E+25	5.9235E-12	3.7966E-12	1.0573E-11
2.2525E+25	5.9228E-12	3.7980E-12	1.0586E-11
2.2615E+25	5.9221E-12	3.7993E-12	1.0599E-11
2.2706E+25	5.9214E-12	3.8007E-12	1.0612E-11
2.2797E+25	5.9207E-12	3.8021E-12	1.0626E-11
2.2889E+25	5.9201E-12	3.8036E-12	1.0639E-11
2.2981E+25	5.9194E-12	3.8049E-12	1.0652E-11
2.3073E+25	5.9187E-12	3.8063E-12	1.0665E-11
2.3165E+25	5.9180E-12	3.8077E-12	1.0678E-11
2.3258E+25	5.9173E-12	3.8091E-12	1.0691E-11
2.3351E+25	5.9166E-12	3.8104E-12	1.0704E-11
2.3445E+25	5.9159E-12	3.8118E-12	1.0717E-11
2.3539E+25	5.9152E-12	3.8132E-12	1.0730E-11
2.3634E+25	5.9145E-12	3.8145E-12	1.0744E-11
2.3729E+25	5.9138E-12	3.8159E-12	1.0757E-11
2.3824E+25	5.9131E-12	3.8173E-12	1.0770E-11
2.3919E+25	5.9124E-12	3.8186E-12	1.0783E-11
2.4015E+25	5.9117E-12	3.8200E-12	1.0796E-11
2.4112E+25	5.9110E-12	3.8214E-12	1.0810E-11
2.4209E+25	5.9103E-12	3.8227E-12	1.0823E-11
2.4306E+25	5.9096E-12	3.8240E-12	1.0836E-11
2.4402E+25	5.9089E-12	3.8254E-12	1.0849E-11
2.4501E+25	5.9082E-12	3.8268E-12	1.0862E-11
2.4601E+25	5.9075E-12	3.8281E-12	1.0876E-11
2.4697E+25	5.9068E-12	3.8295E-12	1.0889E-11
2.4796E+25	5.9061E-12	3.8308E-12	1.0902E-11
2.4898E+25	5.9055E-12	3.8322E-12	1.0915E-11
2.4997E+25	5.9048E-12	3.8335E-12	1.0929E-11
2.5096E+25	5.9041E-12	3.8349E-12	1.0942E-11
2.5198E+25	5.9034E-12	3.8362E-12	1.0955E-11
2.5299E+25	5.9027E-12	3.8375E-12	1.0969E-11
2.5401E+25	5.9020E-12	3.8389E-12	1.0982E-11
2.5503E+25	5.9013E-12	3.8402E-12	1.0995E-11
2.5604E+25	5.9006E-12	3.8416E-12	1.1009E-11
2.5708E+25	5.8999E-12	3.8429E-12	1.1022E-11
2.5812E+25	5.8992E-12	3.8442E-12	1.1036E-11
2.5914E+25	5.8985E-12	3.8455E-12	1.1049E-11
2.6018E+25	5.8978E-12	3.8469E-12	1.1062E-11
2.6124E+25	5.8971E-12	3.8482E-12	1.1076E-11
2.6228E+25	5.8964E-12	3.8495E-12	1.1089E-11
2.6332E+25	5.8957E-12	3.8508E-12	1.1103E-11
2.6438E+25	5.8950E-12	3.8521E-12	1.1116E-11
2.6545E+25	5.8944E-12	3.8535E-12	1.1129E-11
2.6651E+25	5.8937E-12	3.8548E-12	1.1143E-11
2.6757E+25	5.8930E-12	3.8561E-12	1.1156E-11
2.6866E+25	5.8923E-12	3.8574E-12	1.1170E-11
2.6973E+25	5.8916E-12	3.8587E-12	1.1183E-11
2.7081E+25	5.8909E-12	3.8600E-12	1.1197E-11
2.7190E+25	5.8902E-12	3.8613E-12	1.1210E-11
2.7299E+25	5.8895E-12	3.8626E-12	1.1224E-11
2.7408E+25	5.8888E-12	3.8639E-12	1.1237E-11
2.7519E+25	5.8881E-12	3.8652E-12	1.1251E-11
2.7630E+25	5.8874E-12	3.8665E-12	1.1264E-11
2.7739E+25	5.8867E-12	3.8678E-12	1.1278E-11
2.7853E+25	5.8860E-12	3.8691E-12	1.1291E-11
2.7964E+25	5.8853E-12	3.8704E-12	1.1305E-11
2.8075E+25	5.8847E-12	3.8717E-12	1.1319E-11
2.8189E+25	5.8840E-12	3.8730E-12	1.1332E-11
2.8303E+25	5.8833E-12	3.8743E-12	1.1346E-11
2.8416E+25	5.8826E-12	3.8756E-12	1.1360E-11
2.8530E+25	5.8819E-12	3.8769E-12	1.1373E-11
2.8644E+25	5.8812E-12	3.8782E-12	1.1387E-11
2.8760E+25	5.8805E-12	3.8794E-12	1.1400E-11
2.8873E+25	5.8798E-12	3.8807E-12	1.1414E-11
2.8989E+25	5.8791E-12	3.8820E-12	1.1428E-11
2.9105E+25	5.8784E-12	3.8833E-12	1.1441E-11
2.9224E+25	5.8777E-12	3.8845E-12	1.1455E-11
2.9340E+25	5.8771E-12	3.8858E-12	1.1469E-11
2.9458E+25	5.8764E-12	3.8871E-12	1.1483E-11
2.9577E+25	5.8757E-12	3.8884E-12	1.1496E-11
2.9695E+25	5.8750E-12	3.8896E-12	1.1510E-11
2.9814E+25	5.8743E-12	3.8909E-12	1.1524E-11
2.9935E+25	5.8736E-12	3.8922E-12	1.1538E-11
3.0053E+25	5.8729E-12	3.8934E-12	1.1551E-11
3.0174E+25	5.8722E-12	3.8947E-12	1.1565E-11
3.0295E+25	5.8715E-12	3.8959E-12	1.1579E-11
3.0418E+25	5.8708E-12	3.8972E-12	1.1593E-11
3.0539E+25	5.8701E-12	3.8984E-12	1.1606E-11
3.0663E+25	5.8695E-12	3.8997E-12	1.1620E-11
3.0786E+25	5.8688E-12	3.9010E-12	1.1634E-11
3.0909E+25	5.8681E-12	3.9022E-12	1.1648E-11
3.1032E+25	5.8674E-12	3.9035E-12	1.1662E-11
3.1158E+25	5.8667E-12	3.9047E-12	1.1676E-11
3.1282E+25	5.8660E-12	3.9059E-12	1.1690E-11
3.1407E+25	5.8653E-12	3.9072E-12	1.1703E-11
3.1533E+25	5.8646E-12	3.9084E-12	1.1717E-11
3.1661E+25	5.8639E-12	3.9097E-12	1.1731E-11
3.1787E+25	5.8632E-12	3.9109E-12	1.1745E-11
3.1915E+25	5.8626E-12	3.9122E-12	1.1759E-11
3.2043E+25	5.8619E-12	3.9134E-12	1.1773E-11
3.2171E+25	5.8612E-12	3.9146E-12	1.1787E-11
3.2300E+25	5.8605E-12	3.9158E-12	1.1801E-11
3.2430E+25	5.8598E-12	3.9171E-12	1.1815E-11
3.2561E+25	5.8591E-12	3.9183E-12	1.1829E-11
3.2691E+25	5.8584E-12	3.9195E-12	1.1843E-11
3.2822E+25	5.8577E-12	3.9207E-12	1.1857E-11
3.2955E+25	5.8570E-12	3.9219E-12	1.1871E-11
3.3085E+25	5.8564E-12	3.9232E-12	1.1885E-11
3.3218E+25	5.8557E-12	3.9244E-12	1.1899E-11
3.3351E+25	5.8550E-12	3.9256E-12	1.1913E-11
3.3487E+25	5.8543E-12	3.9268E-12	1.1927E-11
3.3620E+25	5.8536E-12	3.9281E-12	1.1941E-11
3.3755E+25	5.8529E-12	3.9293E-12	1.1955E-11
3.3891E+25	5.8522E-12	3.9305E-12	1.1969E-11
3.4026E+25	5.8515E-12	3.9317E-12	1.1983E-11
3.4164E+25	5.8508E-12	3.9328E-12	1.1997E-11
3.4302E+25	5.8502E-12	3.9341E-12	1.2012E-11
3.4439E+25	5.8495E-12	3.9353E-12	1.2026E-11
3.4577E+25	5.8488E-12	3.9365E-12	1.2040E-11
3.4715E+25	5.8481E-12	3.9377E-12	1.2054E-11
3.4855E+25	5.8474E-12	3.9389E-12	1.2068E-11
3.4996E+25	5.8467E-12	3.9401E-12	1.2082E-11
3.5136E+25	5.8460E-12	3.9413E-12	1.2097E-11
3.5276E+25	5.8453E-12	3.9425E-12	1.2111E-11
3.5416E+25	5.8447E-12	3.9437E-12	1.2125E-11
3.5559E+25	5.8440E-12	3.9449E-12	1.2139E-11
3.5702E+25	5.8433E-12	3.9460E-12	1.2153E-11
3.5847E+25	5.8426E-12	3.9472E-12	1.2167E-11
3.5989E+25	5.8419E-12	3.9484E-12	1.2182E-11
3.6134E+25	5.8412E-12	3.9496E-12	1.2196E-11
3.6280E+25	5.8405E-12	3.9508E-12	1.2210E-11
3.6425E+25	5.8399E-12	3.9520E-12	1.2225E-11
3.6570E+25	5.8392E-12	3.9531E-12	1.2239E-11
3.6717E+25	5.8385E-12	3.9543E-12	1.2253E-11
3.6865E+25	5.8378E-12	3.9555E-12	1.2267E-11
3.7012E+25	5.8371E-12	3.9566E-12	1.2282E-11
3.7162E+25	5.8364E-12	3.9578E-12	1.2296E-11
3.7310E+25	5.8357E-12	3.9590E-12	1.2311E-11
3.7459E+25	5.8350E-12	3.9601E-12	1.2325E-11
3.7609E+25	5.8344E-12	3.9613E-12	1.2339E-11
3.7762E+25	5.8337E-12	3.9625E-12	1.2354E-11
3.7914E+25	5.8330E-12	3.9637E-12	1.2368E-11
3.8064E+25	5.8323E-12	3.9648E-12	1.2382E-11
3.8219E+25	5.8316E-12	3.9660E-12	1.2397E-11
3.8371E+25	5.8309E-12	3.9671E-12	1.2411E-11
3.8526E+25	5.8302E-12	3.9683E-12	1.2426E-11
3.8681E+25	5.8296E-12	3.9695E-12	1.2440E-11
3.8835E+25	5.8289E-12	3.9706E-12	1.2455E-11
3.8990E+25	5.8282E-12	3.9718E-12	1.2469E-11
3.9147E+25	5.8275E-12	3.9729E-12	1.2484E-11
3.9304E+25	5.8268E-12	3.9740E-12	1.2498E-11
3.9462E+25	5.8261E-12	3.9752E-12	1.2512E-11
3.9621E+25	5.8254E-12	3.9763E-12	1.2527E-11
3.9781E+25	5.8248E-12	3.9775E-12	1.2541E-11
3.9940E+25	5.8241E-12	3.9786E-12	1.2556E-11
4.0100E+25	5.8234E-12	3.9798E-12	1.2571E-11
4.0260E+25	5.8227E-12	3.9809E-12	1.2585E-11
4.0422E+25	5.8220E-12	3.9820E-12	1.2600E-11
4.0584E+25	5.8213E-12	3.9831E-12	1.2614E-11
4.0748E+25	5.8207E-12	3.9843E-12	1.2629E-11
4.0910E+25	5.8200E-12	3.9854E-12	1.2643E-11
4.1074E+25	5.8193E-12	3.9866E-12	1.2658E-11
4.1239E+25	5.8186E-12	3.9877E-12	1.2673E-11
4.1406E+25	5.8179E-12	3.9888E-12	1.2687E-11
4.1572E+25	5.8172E-12	3.9899E-12	1.2702E-11
4.1739E+25	5.8166E-12	3.9911E-12	1.2716E-11
4.1906E+25	5.8159E-12	3.9922E-12	1.2731E-11
4.2073E+25	5.8152E-12	3.9933E-12	1.2746E-11
4.2242E+25	5.8145E-12	3.9944E-12	1.2760E-11
4.2412E+25	5.8138E-12	3.9955E-12	1.2775E-11
4.2583E+25	5.8131E-12	3.9966E-12	1.2790E-11
4.2752E+25	5.8124E-12	3.9977E-12	1.2805E-11
4.2924E+25	5.8118E-12	3.9989E-12	1.2819E-11
4.3098E+25	5.8111E-12	4.0000E-12	1.2834E-11
4.3270E+25	5.8104E-12	4.0011E-12	1.2849E-11
4.3444E+25	5.8097E-12	4.0022E-12	1.2864E-11
4.3618E+25	5.8090E-12	4.0033E-12	1.2879E-11
4.3792E+25	5.8083E-12	4.0044E-12	1.2893E-11
4.3969E+25	5.8077E-12	4.0055E-12	1.2908E-11
4.4145E+25	5.8070E-12	4.0066E-12	1.2923E-11
4.4322E+25	5.8063E-12	4.0077E-12	1.2938E-11
4.4501E+25	5.8056E-12	4.0088E-12	1.2952E-11
4.4680E+25	5.8049E-12	4.0099E-12	1.2967E-11
4.4859E+25	5.8043E-12	4.0110E-12	1.2982E-11
4.5037E+25	5.8036E-12	4.0121E-12	1.2997E-11
4.5219E+25	5.8029E-12	4.0132E-12	1.3012E-11
4.5400E+25	5.8022E-12	4.0142E-12	1.3027E-11
4.5584E+25	5.8015E-12	4.0153E-12	1.3042E-11
4.5765E+25	5.8008E-12	4.0164E-12	1.3057E-11
4.5949E+25	5.8002E-12	4.0175E-12	1.3072E-11
4.6133E+25	5.7995E-12	4.0186E-12	1.3086E-11
4.6319E+25	5.7988E-12	4.0197E-12	1.3101E-11
4.6505E+25	5.7981E-12	4.0208E-12	1.3117E-11
4.6691E+25	5.7974E-12	4.0218E-12	1.3131E-11
4.6880E+25	5.7968E-12	4.0229E-12	1.3146E-11
4.7066E+25	5.7961E-12	4.0240E-12	1.3161E-11
4.7255E+25	5.7954E-12	4.0251E-12	1.3176E-11
4.7446E+25	5.7947E-12	4.0261E-12	1.3191E-11
4.7637E+25	5.7940E-12	4.0272E-12	1.3207E-11
4.7828E+25	5.7933E-12	4.0282E-12	1.3221E-11
4.8019E+25	5.7927E-12	4.0293E-12	1.3236E-11
4.8212E+25	5.7920E-12	4.0304E-12	1.3251E-11
4.8406E+25	5.7913E-12	4.0314E-12	1.3266E-11
4.8599E+25	5.7906E-12	4.0325E-12	1.3282E-11
4.8795E+25	5.7899E-12	4.0335E-12	1.3297E-11
4.8991E+25	5.7893E-12	4.0346E-12	1.3312E-11
4.9187E+25	5.7886E-12	4.0357E-12	1.3327E-11
4.9385E+25	5.7879E-12	4.0367E-12	1.3342E-11
4.9583E+25	5.7872E-12	4.0378E-12	1.3357E-11
4.9782E+25	5.7865E-12	4.0388E-12	1.3372E-11
4.9982E+25	5.7859E-12	4.0399E-12	1.3388E-11
5.0183E+25	5.7852E-12	4.0409E-12	1.3403E-11
5.0384E+25	5.7845E-12	4.0420E-12	1.3418E-11
5.0587E+25	5.7838E-12	4.0430E-12	1.3433E-11
5.0787E+25	5.7831E-12	4.0441E-12	1.3448E-11
5.0993E+25	5.7825E-12	4.0451E-12	1.3463E-11
5.1196E+25	5.7818E-12	4.0462E-12	1.3479E-11
5.1402E+25	5.7811E-12	4.0472E-12	1.3494E-11
5.1610E+25	5.7804E-12	4.0482E-12	1.3509E-11
5.1815E+25	5.7797E-12	4.0492E-12	1.3524E-11
5.2023E+25	5.7791E-12	4.0503E-12	1.3540E-11
5.2233E+25	5.7784E-12	4.0513E-12	1.3555E-11
5.2441E+25	5.7777E-12	4.0524E-12	1.3570E-11
5.2652E+25	5.7770E-12	4.0534E-12	1.3586E-11
5.2864E+25	5.7763E-12	4.0544E-12	1.3601E-11
5.3077E+25	5.7757E-12	4.0555E-12	1.3616E-11
5.3290E+25	5.7750E-12	4.0565E-12	1.3632E-11
5.3503E+25	5.7743E-12	4.0575E-12	1.3647E-11
5.3718E+25	5.7736E-12	4.0585E-12	1.3663E-11
5.3933E+25	5.7729E-12	4.0595E-12	1.3678E-11
5.4151E+25	5.7723E-12	4.0606E-12	1.3693E-11
5.4366E+25	5.7716E-12	4.0616E-12	1.3708E-11
5.4586E+25	5.7709E-12	4.0626E-12	1.3724E-11
5.4804E+25	5.7702E-12	4.0636E-12	1.3740E-11
5.5024E+25	5.7695E-12	4.0646E-12	1.3755E-11
5.5246E+25	5.7689E-12	4.0656E-12	1.3770E-11
5.5466E+25	5.7682E-12	4.0666E-12	1.3786E-11
5.5689E+25	5.7675E-12	4.0676E-12	1.3801E-11
5.5914E+25	5.7668E-12	4.0686E-12	1.3817E-11
5.6138E+25	5.7662E-12	4.0697E-12	1.3832E-11
5.6363E+25	5.7655E-12	4.0707E-12	1.3848E-11
5.6588E+25	5.7648E-12	4.0717E-12	1.3863E-11
5.6815E+25	5.7641E-12	4.0727E-12	1.3879E-11
5.7043E+25	5.7634E-12	4.0737E-12	1.3895E-11
5.7272E+25	5.7628E-12	4.0747E-12	1.3910E-11
5.7502E+25	5.7621E-12	4.0757E-12	1.3925E-11
5.7734E+25	5.7614E-12	4.0767E-12	1.3941E-11
5.7964E+25	5.7607E-12	4.0776E-12	1.3957E-11
5.8199E+25	5.7601E-12	4.0787E-12	1.3972E-11
5.8431E+25	5.7594E-12	4.0796E-12	1.3988E-11
5.8665E+25	5.7587E-12	4.0806E-12	1.4003E-11
5.8902E+25	5.7580E-12	4.0816E-12	1.4019E-11
5.9137E+25	5.7574E-12	4.0826E-12	1.4035E-11
5.9376E+25	5.7567E-12	4.0836E-12	1.4050E-11
5.9613E+25	5.7560E-12	4.0846E-12	1.4066E-11
5.9852E+25	5.7553E-12	4.0855E-12	1.4082E-11
6.0092E+25	5.7546E-12	4.0865E-12	1.4098E-11
6.0334E+25	5.7540E-12	4.0875E-12	1.4113E-11
6.0575E+25	5.7533E-12	4.0885E-12	1.4129E-11
6.0820E+25	5.7526E-12	4.0894E-12	1.4145E-11
6.1064E+25	5.7519E-12	4.0904E-12	1.4160E-11
6.1308E+25	5.7513E-12	4.0914E-12	1.4176E-11
6.1555E+25	5.7506E-12	4.0924E-12	1.4192E-11
6.1801E+25	5.7499E-12	4.0933E-12	1.4208E-11
6.2050E+25	5.7492E-12	4.0943E-12	1.4224E-11
6.2299E+25	5.7486E-12	4.0953E-12	1.4239E-11
6.2549E+25	5.7479E-12	4.0962E-12	1.4255E-11
6.2800E+25	5.7472E-12	4.0972E-12	1.4271E-11
6.3051E+25	5.7465E-12	4.0981E-12	1.4287E-11
6.3305E+25	5.7459E-12	4.0991E-12	1.4302E-11
6.3559E+25	5.7452E-12	4.1001E-12	1.4318E-11
6.3813E+25	5.7445E-12	4.1010E-12	1.4334E-11
6.4069E+25	5.7438E-12	4.1020E-12	1.4350E-11
6.4326E+25	5.7432E-12	4.1029E-12	1.4366E-11
6.4584E+25	5.7425E-12	4.1039E-12	1.4382E-11
6.4843E+25	5.7418E-12	4.1048E-12	1.4398E-11
6.5104E+25	5.7411E-12	4.1058E-12	1.4414E-11
6.5366E+25	5.7405E-12	4.1068E-12	1.4430E-11
6.5629E+25	5.7398E-12	4.1077E-12	1.4446E-11
6.5893E+25	5.7391E-12	4.1086E-12	1.4462E-11
6.6156E+25	5.7384E-12	4.1096E-12	1.4478E-11
6.6422E+25	5.7378E-12	4.1105E-12	1.4494E-11
6.6688E+25	5.7371E-12	4.1114E-12	1.4510E-11
6.6957E+25	5.7364E-12	4.1124E-12	1.4526E-11
6.7225E+25	5.7357E-12	4.1133E-12	1.4542E-11
6.7493E+25	5.7351E-12	4.1143E-12	1.4558E-11
6.7764E+25	5.7344E-12	4.1152E-12	1.4574E-11
6.8037E+25	5.7337E-12	4.1161E-12	1.4590E-11
6.8311E+25	5.7330E-12	4.1170E-12	1.4606E-11
6.8584E+25	5.7324E-12	4.1180E-12	1.4622E-11
6.8859E+25	5.7317E-12	4.1189E-12	1.4638E-11
6.9135E+25	5.7310E-12	4.1198E-12	1.4654E-11
6.9413E+25	5.7303E-12	4.1208E-12	1.4671E-11
6.9691E+25	5.7297E-12	4.1217E-12	1.4686E-11
6.9972E+25	5.7290E-12	4.1226E-12	1.4703E-11
7.0252E+25	5.7283E-12	4.1235E-12	1.4719E-11
7.0535E+25	5.7276E-12	4.1244E-12	1.4735E-11
7.0818E+25	5.7270E-12	4.1254E-12	1.4751E-11
7.1101E+25	5.7263E-12	4.1263E-12	1.4767E-11
7.1386E+25	5.7256E-12	4.1272E-12	1.4784E-11
7.1674E+25	5.7249E-12	4.1281E-12	1.4800E-11
7.1962E+25	5.7243E-12	4.1290E-12	1.4816E-11
7.2250E+25	5.7236E-12	4.1299E-12	1.4833E-11