2.4180E+022	7.7284E-012	3.3064E-012	3.3064E-012
2.4277E+022	7.7296E-012	3.3025E-012	3.3025E-012
2.4373E+022	7.7308E-012	3.2986E-012	3.2986E-012
2.4472E+022	7.7319E-012	3.2946E-012	3.2946E-012
2.4569E+022	7.7331E-012	3.2907E-012	3.2907E-012
2.4668E+022	7.7343E-012	3.2868E-012	3.2868E-012
2.4767E+022	7.7355E-012	3.2829E-012	3.2829E-012
2.4867E+022	7.7366E-012	3.2789E-012	3.2789E-012
2.4968E+022	7.7378E-012	3.2750E-012	3.2750E-012
2.5067E+022	7.7390E-012	3.2711E-012	3.2711E-012
2.5169E+022	7.7402E-012	3.2672E-012	3.2672E-012
2.5268E+022	7.7413E-012	3.2632E-012	3.2632E-012
2.5370E+022	7.7425E-012	3.2593E-012	3.2593E-012
2.5471E+022	7.7437E-012	3.2554E-012	3.2554E-012
2.5575E+022	7.7449E-012	3.2514E-012	3.2514E-012
2.5677E+022	7.7460E-012	3.2475E-012	3.2475E-012
2.5781E+022	7.7472E-012	3.2436E-012	3.2436E-012
2.5885E+022	7.7484E-012	3.2397E-012	3.2397E-012
2.5989E+022	7.7496E-012	3.2357E-012	3.2357E-012
2.6093E+022	7.7508E-012	3.2318E-012	3.2318E-012
2.6196E+022	7.7519E-012	3.2279E-012	3.2279E-012
2.6300E+022	7.7531E-012	3.2240E-012	3.2240E-012
2.6407E+022	7.7543E-012	3.2200E-012	3.2200E-012
2.6513E+022	7.7555E-012	3.2161E-012	3.2161E-012
2.6620E+022	7.7567E-012	3.2122E-012	3.2122E-012
2.6726E+022	7.7578E-012	3.2083E-012	3.2083E-012
2.6835E+022	7.7590E-012	3.2043E-012	3.2043E-012
2.6941E+022	7.7602E-012	3.2004E-012	3.2004E-012
2.7050E+022	7.7614E-012	3.1965E-012	3.1965E-012
2.7159E+022	7.7626E-012	3.1926E-012	3.1926E-012
2.7268E+022	7.7637E-012	3.1887E-012	3.1887E-012
2.7376E+022	7.7649E-012	3.1847E-012	3.1847E-012
2.7485E+022	7.7661E-012	3.1808E-012	3.1808E-012
2.7597E+022	7.7673E-012	3.1769E-012	3.1769E-012
2.7708E+022	7.7685E-012	3.1730E-012	3.1730E-012
2.7819E+022	7.7696E-012	3.1690E-012	3.1690E-012
2.7930E+022	7.7708E-012	3.1651E-012	3.1651E-012
2.8041E+022	7.7720E-012	3.1612E-012	3.1612E-012
2.8155E+022	7.7732E-012	3.1573E-012	3.1573E-012
2.8269E+022	7.7744E-012	3.1533E-012	3.1533E-012
2.8382E+022	7.7755E-012	3.1494E-012	3.1494E-012
2.8496E+022	7.7767E-012	3.1455E-012	3.1455E-012
2.8610E+022	7.7779E-012	3.1416E-012	3.1416E-012
2.8723E+022	7.7791E-012	3.1377E-012	3.1377E-012
2.8839E+022	7.7803E-012	3.1337E-012	3.1337E-012
2.8955E+022	7.7815E-012	3.1298E-012	3.1298E-012
2.9071E+022	7.7826E-012	3.1259E-012	3.1259E-012
2.9188E+022	7.7838E-012	3.1220E-012	3.1220E-012
2.9306E+022	7.7850E-012	3.1181E-012	3.1181E-012
2.9422E+022	7.7862E-012	3.1141E-012	3.1141E-012
2.9541E+022	7.7874E-012	3.1102E-012	3.1102E-012
2.9659E+022	7.7886E-012	3.1063E-012	3.1063E-012
2.9778E+022	7.7897E-012	3.1024E-012	3.1024E-012
2.9898E+022	7.7909E-012	3.0985E-012	3.0985E-012
3.0019E+022	7.7921E-012	3.0945E-012	3.0945E-012
3.0138E+022	7.7933E-012	3.0906E-012	3.0906E-012
3.0259E+022	7.7945E-012	3.0867E-012	3.0867E-012
3.0382E+022	7.7957E-012	3.0828E-012	3.0828E-012
3.0503E+022	7.7968E-012	3.0789E-012	3.0789E-012
3.0626E+022	7.7980E-012	3.0750E-012	3.0750E-012
3.0747E+022	7.7992E-012	3.0710E-012	3.0710E-012
3.0870E+022	7.8004E-012	3.0671E-012	3.0671E-012
3.0996E+022	7.8016E-012	3.0632E-012	3.0632E-012
3.1120E+022	7.8028E-012	3.0593E-012	3.0593E-012
3.1245E+022	7.8040E-012	3.0554E-012	3.0554E-012
3.1371E+022	7.8051E-012	3.0515E-012	3.0515E-012
3.1497E+022	7.8063E-012	3.0476E-012	3.0476E-012
3.1622E+022	7.8075E-012	3.0437E-012	3.0437E-012
3.1748E+022	7.8087E-012	3.0397E-012	3.0397E-012
3.1876E+022	7.8099E-012	3.0358E-012	3.0358E-012
3.2005E+022	7.8111E-012	3.0319E-012	3.0319E-012
3.2133E+022	7.8123E-012	3.0280E-012	3.0280E-012
3.2263E+022	7.8135E-012	3.0241E-012	3.0241E-012
3.2391E+022	7.8146E-012	3.0202E-012	3.0202E-012
3.2522E+022	7.8158E-012	3.0163E-012	3.0163E-012
3.2653E+022	7.8170E-012	3.0124E-012	3.0124E-012
3.2783E+022	7.8182E-012	3.0085E-012	3.0085E-012
3.2914E+022	7.8194E-012	3.0046E-012	3.0046E-012
3.3047E+022	7.8206E-012	3.0006E-012	3.0006E-012
3.3180E+022	7.8218E-012	2.9967E-012	2.9967E-012
3.3313E+022	7.8230E-012	2.9928E-012	2.9928E-012
3.3446E+022	7.8242E-012	2.9889E-012	2.9889E-012
3.3581E+022	7.8253E-012	2.9850E-012	2.9850E-012
3.3716E+022	7.8265E-012	2.9811E-012	2.9811E-012
3.3849E+022	7.8277E-012	2.9772E-012	2.9772E-012
3.3987E+022	7.8289E-012	2.9733E-012	2.9733E-012
3.4123E+022	7.8301E-012	2.9694E-012	2.9694E-012
3.4260E+022	7.8313E-012	2.9655E-012	2.9655E-012
3.4398E+022	7.8325E-012	2.9616E-012	2.9616E-012
3.4536E+022	7.8337E-012	2.9577E-012	2.9577E-012
3.4674E+022	7.8349E-012	2.9538E-012	2.9538E-012
3.4814E+022	7.8361E-012	2.9499E-012	2.9499E-012
3.4952E+022	7.8373E-012	2.9460E-012	2.9460E-012
3.5092E+022	7.8384E-012	2.9421E-012	2.9421E-012
3.5235E+022	7.8396E-012	2.9382E-012	2.9382E-012
3.5375E+022	7.8408E-012	2.9343E-012	2.9343E-012
3.5518E+022	7.8420E-012	2.9304E-012	2.9304E-012
3.5661E+022	7.8432E-012	2.9265E-012	2.9265E-012
3.5803E+022	7.8444E-012	2.9226E-012	2.9226E-012
3.5946E+022	7.8456E-012	2.9187E-012	2.9187E-012
3.6091E+022	7.8468E-012	2.9148E-012	2.9148E-012
3.6236E+022	7.8480E-012	2.9109E-012	2.9109E-012
3.6381E+022	7.8492E-012	2.9070E-012	2.9070E-012
3.6526E+022	7.8504E-012	2.9032E-012	2.9032E-012
3.6674E+022	7.8516E-012	2.8993E-012	2.8993E-012
3.6821E+022	7.8528E-012	2.8954E-012	2.8954E-012
3.6969E+022	7.8539E-012	2.8915E-012	2.8915E-012
3.7116E+022	7.8551E-012	2.8876E-012	2.8876E-012
3.7266E+022	7.8563E-012	2.8837E-012	2.8837E-012
3.7416E+022	7.8575E-012	2.8798E-012	2.8798E-012
3.7566E+022	7.8587E-012	2.8759E-012	2.8759E-012
3.7716E+022	7.8599E-012	2.8720E-012	2.8720E-012
3.7868E+022	7.8611E-012	2.8682E-012	2.8682E-012
3.8020E+022	7.8623E-012	2.8643E-012	2.8643E-012
3.8173E+022	7.8635E-012	2.8604E-012	2.8604E-012
3.8325E+022	7.8647E-012	2.8565E-012	2.8565E-012
3.8480E+022	7.8659E-012	2.8526E-012	2.8526E-012
3.8635E+022	7.8671E-012	2.8488E-012	2.8488E-012
3.8789E+022	7.8683E-012	2.8449E-012	2.8449E-012
3.8944E+022	7.8695E-012	2.8410E-012	2.8410E-012
3.9101E+022	7.8707E-012	2.8371E-012	2.8371E-012
3.9258E+022	7.8719E-012	2.8332E-012	2.8332E-012
3.9416E+022	7.8731E-012	2.8294E-012	2.8294E-012
3.9573E+022	7.8743E-012	2.8255E-012	2.8255E-012
3.9732E+022	7.8755E-012	2.8216E-012	2.8216E-012
3.9892E+022	7.8767E-012	2.8177E-012	2.8177E-012
4.0052E+022	7.8779E-012	2.8139E-012	2.8139E-012
4.0214E+022	7.8791E-012	2.8100E-012	2.8100E-012
4.0373E+022	7.8803E-012	2.8061E-012	2.8061E-012
4.0535E+022	7.8815E-012	2.8023E-012	2.8023E-012
4.0700E+022	7.8827E-012	2.7984E-012	2.7984E-012
4.0862E+022	7.8839E-012	2.7945E-012	2.7945E-012
4.1026E+022	7.8851E-012	2.7907E-012	2.7907E-012
4.1190E+022	7.8863E-012	2.7868E-012	2.7868E-012
4.1355E+022	7.8874E-012	2.7829E-012	2.7829E-012
4.1522E+022	7.8886E-012	2.7791E-012	2.7791E-012
4.1689E+022	7.8898E-012	2.7752E-012	2.7752E-012
4.1855E+022	7.8910E-012	2.7714E-012	2.7714E-012
4.2025E+022	7.8922E-012	2.7675E-012	2.7675E-012
4.2191E+022	7.8934E-012	2.7636E-012	2.7636E-012
4.2361E+022	7.8946E-012	2.7598E-012	2.7598E-012
4.2532E+022	7.8958E-012	2.7559E-012	2.7559E-012
4.2702E+022	7.8970E-012	2.7521E-012	2.7521E-012
4.2873E+022	7.8982E-012	2.7482E-012	2.7482E-012
4.3045E+022	7.8994E-012	2.7444E-012	2.7444E-012
4.3219E+022	7.9006E-012	2.7405E-012	2.7405E-012
4.3393E+022	7.9019E-012	2.7367E-012	2.7367E-012
4.3567E+022	7.9031E-012	2.7328E-012	2.7328E-012
4.3741E+022	7.9043E-012	2.7290E-012	2.7290E-012
4.3916E+022	7.9055E-012	2.7251E-012	2.7251E-012
4.4092E+022	7.9067E-012	2.7213E-012	2.7213E-012
4.4271E+022	7.9079E-012	2.7174E-012	2.7174E-012
4.4447E+022	7.9091E-012	2.7136E-012	2.7136E-012
4.4626E+022	7.9103E-012	2.7097E-012	2.7097E-012
4.4805E+022	7.9115E-012	2.7059E-012	2.7059E-012
4.4984E+022	7.9127E-012	2.7021E-012	2.7021E-012
4.5166E+022	7.9139E-012	2.6982E-012	2.6982E-012
4.5347E+022	7.9151E-012	2.6944E-012	2.6944E-012
4.5528E+022	7.9163E-012	2.6906E-012	2.6906E-012
4.5712E+022	7.9175E-012	2.6867E-012	2.6867E-012
4.5896E+022	7.9187E-012	2.6829E-012	2.6829E-012
4.6080E+022	7.9199E-012	2.6791E-012	2.6791E-012
4.6263E+022	7.9211E-012	2.6752E-012	2.6752E-012
4.6450E+022	7.9223E-012	2.6714E-012	2.6714E-012
4.6636E+022	7.9235E-012	2.6676E-012	2.6676E-012
4.6822E+022	7.9247E-012	2.6638E-012	2.6638E-012
4.7011E+022	7.9259E-012	2.6599E-012	2.6599E-012
4.7199E+022	7.9271E-012	2.6561E-012	2.6561E-012
4.7390E+022	7.9283E-012	2.6523E-012	2.6523E-012
4.7579E+022	7.9295E-012	2.6485E-012	2.6485E-012
4.7770E+022	7.9307E-012	2.6447E-012	2.6447E-012
4.7961E+022	7.9319E-012	2.6408E-012	2.6408E-012
4.8154E+022	7.9331E-012	2.6370E-012	2.6370E-012
4.8348E+022	7.9344E-012	2.6332E-012	2.6332E-012
4.8541E+022	7.9356E-012	2.6294E-012	2.6294E-012
4.8737E+022	7.9368E-012	2.6256E-012	2.6256E-012
4.8933E+022	7.9380E-012	2.6218E-012	2.6218E-012
4.9129E+022	7.9392E-012	2.6180E-012	2.6180E-012
4.9325E+022	7.9404E-012	2.6142E-012	2.6142E-012
4.9523E+022	7.9416E-012	2.6104E-012	2.6104E-012
4.9724E+022	7.9428E-012	2.6066E-012	2.6066E-012
4.9922E+022	7.9440E-012	2.6028E-012	2.6028E-012
5.0122E+022	7.9452E-012	2.5990E-012	2.5990E-012
5.0323E+022	7.9464E-012	2.5952E-012	2.5952E-012
5.0526E+022	7.9476E-012	2.5914E-012	2.5914E-012
5.0727E+022	7.9488E-012	2.5876E-012	2.5876E-012
5.0933E+022	7.9500E-012	2.5838E-012	2.5838E-012
5.1136E+022	7.9513E-012	2.5800E-012	2.5800E-012
5.1341E+022	7.9525E-012	2.5762E-012	2.5762E-012
5.1547E+022	7.9537E-012	2.5724E-012	2.5724E-012
5.1755E+022	7.9549E-012	2.5687E-012	2.5687E-012
5.1963E+022	7.9561E-012	2.5649E-012	2.5649E-012
5.2171E+022	7.9573E-012	2.5611E-012	2.5611E-012
5.2381E+022	7.9585E-012	2.5573E-012	2.5573E-012
5.2591E+022	7.9597E-012	2.5535E-012	2.5535E-012
5.2802E+022	7.9609E-012	2.5498E-012	2.5498E-012
5.3012E+022	7.9621E-012	2.5460E-012	2.5460E-012
5.3225E+022	7.9634E-012	2.5422E-012	2.5422E-012
5.3440E+022	7.9646E-012	2.5385E-012	2.5385E-012
5.3653E+022	7.9658E-012	2.5347E-012	2.5347E-012
5.3870E+022	7.9670E-012	2.5309E-012	2.5309E-012
5.4086E+022	7.9682E-012	2.5272E-012	2.5272E-012
5.4303E+022	7.9694E-012	2.5234E-012	2.5234E-012
5.4521E+022	7.9706E-012	2.5196E-012	2.5196E-012
5.4738E+022	7.9718E-012	2.5159E-012	2.5159E-012
5.4958E+022	7.9730E-012	2.5121E-012	2.5121E-012
5.5179E+022	7.9743E-012	2.5084E-012	2.5084E-012
5.5401E+022	7.9755E-012	2.5046E-012	2.5046E-012
5.5623E+022	7.9767E-012	2.5009E-012	2.5009E-012
5.5846E+022	7.9779E-012	2.4971E-012	2.4971E-012
5.6071E+022	7.9791E-012	2.4934E-012	2.4934E-012
5.6296E+022	7.9803E-012	2.4897E-012	2.4897E-012
5.6520E+022	7.9815E-012	2.4859E-012	2.4859E-012
5.6748E+022	7.9827E-012	2.4822E-012	2.4822E-012
5.6975E+022	7.9840E-012	2.4784E-012	2.4784E-012
5.7205E+022	7.9852E-012	2.4747E-012	2.4747E-012
5.7434E+022	7.9864E-012	2.4710E-012	2.4710E-012
5.7664E+022	7.9876E-012	2.4673E-012	2.4673E-012
5.7896E+022	7.9888E-012	2.4635E-012	2.4635E-012
5.8128E+022	7.9900E-012	2.4598E-012	2.4598E-012
5.8363E+022	7.9912E-012	2.4561E-012	2.4561E-012
5.8595E+022	7.9925E-012	2.4524E-012	2.4524E-012
5.8832E+022	7.9937E-012	2.4486E-012	2.4486E-012
5.9067E+022	7.9949E-012	2.4449E-012	2.4449E-012
5.9304E+022	7.9961E-012	2.4412E-012	2.4412E-012
5.9543E+022	7.9973E-012	2.4375E-012	2.4375E-012
5.9782E+022	7.9985E-012	2.4338E-012	2.4338E-012
6.0022E+022	7.9998E-012	2.4301E-012	2.4301E-012
6.0261E+022	8.0010E-012	2.4264E-012	2.4264E-012
6.0503E+022	8.0022E-012	2.4227E-012	2.4227E-012
6.0747E+022	8.0034E-012	2.4190E-012	2.4190E-012
6.0991E+022	8.0046E-012	2.4153E-012	2.4153E-012
6.1236E+022	8.0058E-012	2.4116E-012	2.4116E-012
6.1482E+022	8.0071E-012	2.4079E-012	2.4079E-012
6.1729E+022	8.0083E-012	2.4042E-012	2.4042E-012
6.1975E+022	8.0095E-012	2.4006E-012	2.4006E-012
6.2225E+022	8.0107E-012	2.3969E-012	2.3969E-012
6.2474E+022	8.0119E-012	2.3932E-012	2.3932E-012
6.2725E+022	8.0131E-012	2.3895E-012	2.3895E-012
6.2977E+022	8.0144E-012	2.3859E-012	2.3859E-012
6.3228E+022	8.0156E-012	2.3822E-012	2.3822E-012
6.3482E+022	8.0168E-012	2.3785E-012	2.3785E-012
6.3738E+022	8.0180E-012	2.3749E-012	2.3749E-012
6.3995E+022	8.0192E-012	2.3712E-012	2.3712E-012
6.4251E+022	8.0205E-012	2.3675E-012	2.3675E-012
6.4507E+022	8.0217E-012	2.3639E-012	2.3639E-012
6.4768E+022	8.0229E-012	2.3602E-012	2.3602E-012
6.5027E+022	8.0241E-012	2.3566E-012	2.3566E-012
6.5288E+022	8.0253E-012	2.3529E-012	2.3529E-012
6.5549E+022	8.0266E-012	2.3493E-012	2.3493E-012
6.5813E+022	8.0278E-012	2.3456E-012	2.3456E-012
6.6076E+022	8.0290E-012	2.3420E-012	2.3420E-012
6.6342E+022	8.0302E-012	2.3384E-012	2.3384E-012
6.6608E+022	8.0314E-012	2.3347E-012	2.3347E-012
6.6877E+022	8.0327E-012	2.3311E-012	2.3311E-012
6.7145E+022	8.0339E-012	2.3275E-012	2.3275E-012
6.7414E+022	8.0351E-012	2.3239E-012	2.3239E-012
6.7684E+022	8.0363E-012	2.3202E-012	2.3202E-012
6.7955E+022	8.0375E-012	2.3166E-012	2.3166E-012
6.8228E+022	8.0388E-012	2.3130E-012	2.3130E-012
6.8502E+022	8.0400E-012	2.3094E-012	2.3094E-012
6.8777E+022	8.0412E-012	2.3058E-012	2.3058E-012
6.9053E+022	8.0424E-012	2.3022E-012	2.3022E-012
6.9331E+022	8.0437E-012	2.2986E-012	2.2986E-012
6.9609E+022	8.0449E-012	2.2950E-012	2.2950E-012
6.9887E+022	8.0461E-012	2.2914E-012	2.2914E-012
7.0168E+022	8.0473E-012	2.2878E-012	2.2878E-012
7.0451E+022	8.0485E-012	2.2842E-012	2.2842E-012
7.0733E+022	8.0498E-012	2.2806E-012	2.2806E-012
7.1016E+022	8.0510E-012	2.2770E-012	2.2770E-012
7.1302E+022	8.0522E-012	2.2735E-012	2.2735E-012
7.1587E+022	8.0534E-012	2.2699E-012	2.2699E-012
7.1875E+022	8.0547E-012	2.2663E-012	2.2663E-012
7.2165E+022	8.0559E-012	2.2628E-012	2.2628E-012
7.2453E+022	8.0571E-012	2.2592E-012	2.2592E-012
7.2745E+022	8.0583E-012	2.2556E-012	2.2556E-012
7.3035E+022	8.0596E-012	2.2521E-012	2.2521E-012
7.3328E+022	8.0608E-012	2.2485E-012	2.2485E-012
7.3623E+022	8.0620E-012	2.2450E-012	2.2450E-012
7.3918E+022	8.0632E-012	2.2414E-012	2.2414E-012
7.4215E+022	8.0645E-012	2.2379E-012	2.2379E-012
7.4513E+022	8.0657E-012	2.2344E-012	2.2344E-012
7.4813E+022	8.0669E-012	2.2308E-012	2.2308E-012
7.5112E+022	8.0681E-012	2.2273E-012	2.2273E-012
7.5415E+022	8.0694E-012	2.2238E-012	2.2238E-012
7.5717E+022	8.0706E-012	2.2202E-012	2.2202E-012
7.6022E+022	8.0718E-012	2.2167E-012	2.2167E-012
7.6326E+022	8.0731E-012	2.2132E-012	2.2132E-012
7.6631E+022	8.0743E-012	2.2097E-012	2.2097E-012
7.6940E+022	8.0755E-012	2.2062E-012	2.2062E-012
7.7248E+022	8.0767E-012	2.2027E-012	2.2027E-012
7.7559E+022	8.0780E-012	2.1992E-012	2.1992E-012
7.7869E+022	8.0792E-012	2.1957E-012	2.1957E-012
7.8183E+022	8.0804E-012	2.1922E-012	2.1922E-012
7.8495E+022	8.0816E-012	2.1887E-012	2.1887E-012
7.8812E+022	8.0829E-012	2.1852E-012	2.1852E-012
7.9126E+022	8.0841E-012	2.1818E-012	2.1818E-012
7.9445E+022	8.0853E-012	2.1783E-012	2.1783E-012
7.9765E+022	8.0866E-012	2.1748E-012	2.1748E-012
8.0084E+022	8.0878E-012	2.1714E-012	2.1714E-012
8.0405E+022	8.0890E-012	2.1679E-012	2.1679E-012
8.0727E+022	8.0903E-012	2.1644E-012	2.1644E-012
8.1051E+022	8.0915E-012	2.1610E-012	2.1610E-012
8.1377E+022	8.0927E-012	2.1575E-012	2.1575E-012
8.1704E+022	8.0939E-012	2.1541E-012	2.1541E-012
8.2030E+022	8.0952E-012	2.1507E-012	2.1507E-012
8.2362E+022	8.0964E-012	2.1472E-012	2.1472E-012
8.2690E+022	8.0976E-012	2.1438E-012	2.1438E-012
8.3024E+022	8.0989E-012	2.1404E-012	2.1404E-012
8.3355E+022	8.1001E-012	2.1369E-012	2.1369E-012
8.3691E+022	8.1013E-012	2.1335E-012	2.1335E-012
8.4028E+022	8.1026E-012	2.1301E-012	2.1301E-012
8.4364E+022	8.1038E-012	2.1267E-012	2.1267E-012
8.4702E+022	8.1050E-012	2.1233E-012	2.1233E-012
8.5043E+022	8.1063E-012	2.1199E-012	2.1199E-012
8.5384E+022	8.1075E-012	2.1165E-012	2.1165E-012
8.5727E+022	8.1087E-012	2.1131E-012	2.1131E-012
8.6071E+022	8.1100E-012	2.1097E-012	2.1097E-012
8.6417E+022	8.1112E-012	2.1064E-012	2.1064E-012
8.6762E+022	8.1124E-012	2.1030E-012	2.1030E-012
8.7110E+022	8.1137E-012	2.0996E-012	2.0996E-012
8.7461E+022	8.1149E-012	2.0963E-012	2.0963E-012
8.7812E+022	8.1161E-012	2.0929E-012	2.0929E-012
8.8165E+022	8.1174E-012	2.0895E-012	2.0895E-012
8.8518E+022	8.1186E-012	2.0862E-012	2.0862E-012
8.8873E+022	8.1198E-012	2.0828E-012	2.0828E-012
8.9229E+022	8.1211E-012	2.0795E-012	2.0795E-012
8.9587E+022	8.1223E-012	2.0762E-012	2.0762E-012
8.9947E+022	8.1235E-012	2.0728E-012	2.0728E-012
9.0307E+022	8.1248E-012	2.0695E-012	2.0695E-012
9.0670E+022	8.1260E-012	2.0662E-012	2.0662E-012
9.1035E+022	8.1272E-012	2.0629E-012	2.0629E-012
9.1400E+022	8.1285E-012	2.0596E-012	2.0596E-012
9.1768E+022	8.1297E-012	2.0563E-012	2.0563E-012
9.2135E+022	8.1309E-012	2.0530E-012	2.0530E-012
9.2505E+022	8.1322E-012	2.0497E-012	2.0497E-012
9.2875E+022	8.1334E-012	2.0464E-012	2.0464E-012
9.3250E+022	8.1346E-012	2.0431E-012	2.0431E-012
9.3622E+022	8.1359E-012	2.0399E-012	2.0399E-012
9.3999E+022	8.1371E-012	2.0366E-012	2.0366E-012
9.4377E+022	8.1384E-012	2.0333E-012	2.0333E-012
9.4754E+022	8.1396E-012	2.0301E-012	2.0301E-012
9.5136E+022	8.1408E-012	2.0268E-012	2.0268E-012
9.5518E+022	8.1421E-012	2.0236E-012	2.0236E-012
9.5900E+022	8.1433E-012	2.0203E-012	2.0203E-012
9.6284E+022	8.1445E-012	2.0171E-012	2.0171E-012
9.6671E+022	8.1458E-012	2.0139E-012	2.0139E-012
9.7058E+022	8.1470E-012	2.0107E-012	2.0107E-012
9.7450E+022	8.1483E-012	2.0074E-012	2.0074E-012
9.7839E+022	8.1495E-012	2.0042E-012	2.0042E-012
9.8233E+022	8.1507E-012	2.0010E-012	2.0010E-012
9.8627E+022	8.1520E-012	1.9978E-012	1.9978E-012
9.9021E+022	8.1532E-012	1.9946E-012	1.9946E-012
9.9420E+022	8.1545E-012	1.9914E-012	1.9914E-012
9.9819E+022	8.1557E-012	1.9883E-012	1.9883E-012
1.0022E+023	8.1569E-012	1.9851E-012	1.9851E-012
1.0062E+023	8.1582E-012	1.9819E-012	1.9819E-012
1.0103E+023	8.1594E-012	1.9788E-012	1.9788E-012
1.0143E+023	8.1607E-012	1.9756E-012	1.9756E-012
1.0184E+023	8.1619E-012	1.9725E-012	1.9725E-012
1.0225E+023	8.1631E-012	1.9693E-012	1.9693E-012
1.0266E+023	8.1644E-012	1.9662E-012	1.9662E-012
1.0307E+023	8.1656E-012	1.9631E-012	1.9631E-012
1.0348E+023	8.1669E-012	1.9599E-012	1.9599E-012
1.0390E+023	8.1681E-012	1.9568E-012	1.9568E-012
1.0431E+023	8.1693E-012	1.9537E-012	1.9537E-012
1.0473E+023	8.1706E-012	1.9506E-012	1.9506E-012
1.0515E+023	8.1718E-012	1.9475E-012	1.9475E-012
1.0558E+023	8.1731E-012	1.9444E-012	1.9444E-012
1.0600E+023	8.1743E-012	1.9413E-012	1.9413E-012
1.0643E+023	8.1756E-012	1.9383E-012	1.9383E-012
1.0685E+023	8.1768E-012	1.9352E-012	1.9352E-012
1.0728E+023	8.1780E-012	1.9321E-012	1.9321E-012
1.0771E+023	8.1793E-012	1.9291E-012	1.9291E-012
1.0814E+023	8.1805E-012	1.9260E-012	1.9260E-012
1.0858E+023	8.1818E-012	1.9230E-012	1.9230E-012
1.0901E+023	8.1830E-012	1.9200E-012	1.9200E-012
1.0945E+023	8.1843E-012	1.9170E-012	1.9170E-012
1.0989E+023	8.1855E-012	1.9139E-012	1.9139E-012
1.1033E+023	8.1868E-012	1.9109E-012	1.9109E-012
1.1077E+023	8.1880E-012	1.9079E-012	1.9079E-012
1.1122E+023	8.1892E-012	1.9049E-012	1.9049E-012
1.1167E+023	8.1905E-012	1.9019E-012	1.9019E-012
1.1211E+023	8.1917E-012	1.8990E-012	1.8990E-012
1.1256E+023	8.1930E-012	1.8960E-012	1.8960E-012
1.1301E+023	8.1942E-012	1.8930E-012	1.8930E-012
1.1347E+023	8.1955E-012	1.8901E-012	1.8901E-012
1.1392E+023	8.1967E-012	1.8871E-012	1.8871E-012
1.1438E+023	8.1980E-012	1.8842E-012	1.8842E-012
1.1484E+023	8.1992E-012	1.8812E-012	1.8812E-012
1.1530E+023	8.2005E-012	1.8783E-012	1.8783E-012
1.1576E+023	8.2017E-012	1.8754E-012	1.8754E-012
1.1623E+023	8.2029E-012	1.8725E-012	1.8725E-012
1.1669E+023	8.2042E-012	1.8696E-012	1.8696E-012
1.1716E+023	8.2054E-012	1.8667E-012	1.8667E-012
1.1763E+023	8.2067E-012	1.8638E-012	1.8638E-012
1.1810E+023	8.2079E-012	1.8609E-012	1.8609E-012
1.1858E+023	8.2092E-012	1.8580E-012	1.8580E-012
1.1905E+023	8.2104E-012	1.8552E-012	1.8552E-012
1.1953E+023	8.2117E-012	1.8523E-012	1.8523E-012
1.2001E+023	8.2129E-012	1.8495E-012	1.8495E-012
1.2049E+023	8.2142E-012	1.8466E-012	1.8466E-012
1.2098E+023	8.2154E-012	1.8438E-012	1.8438E-012
1.2146E+023	8.2167E-012	1.8410E-012	1.8410E-012
1.2195E+023	8.2179E-012	1.8382E-012	1.8382E-012
1.2244E+023	8.2192E-012	1.8354E-012	1.8354E-012
1.2293E+023	8.2204E-012	1.8326E-012	1.8326E-012
1.2342E+023	8.2217E-012	1.8298E-012	1.8298E-012
1.2392E+023	8.2229E-012	1.8270E-012	1.8270E-012
1.2442E+023	8.2242E-012	1.8242E-012	1.8242E-012
1.2492E+023	8.2254E-012	1.8215E-012	1.8215E-012
1.2542E+023	8.2267E-012	1.8187E-012	1.8187E-012
1.2592E+023	8.2279E-012	1.8160E-012	1.8160E-012
1.2643E+023	8.2292E-012	1.8133E-012	1.8133E-012
1.2693E+023	8.2304E-012	1.8105E-012	1.8105E-012
1.2744E+023	8.2317E-012	1.8078E-012	1.8078E-012
1.2796E+023	8.2329E-012	1.8051E-012	1.8051E-012
1.2847E+023	8.2342E-012	1.8024E-012	1.8024E-012
1.2899E+023	8.2354E-012	1.7997E-012	1.7997E-012
1.2950E+023	8.2367E-012	1.7970E-012	1.7970E-012
1.3002E+023	8.2379E-012	1.7944E-012	1.7944E-012
1.3054E+023	8.2392E-012	1.7917E-012	1.7917E-012
1.3107E+023	8.2404E-012	1.7891E-012	1.7891E-012
1.3159E+023	8.2417E-012	1.7864E-012	1.7864E-012
1.3212E+023	8.2429E-012	1.7838E-012	1.7838E-012
1.3265E+023	8.2442E-012	1.7812E-012	1.7812E-012
1.3318E+023	8.2455E-012	1.7786E-012	1.7786E-012
1.3372E+023	8.2467E-012	1.7760E-012	1.7760E-012
1.3425E+023	8.2480E-012	1.7734E-012	1.7734E-012
1.3479E+023	8.2492E-012	1.7708E-012	1.7708E-012
1.3533E+023	8.2505E-012	1.7682E-012	1.7682E-012
1.3588E+023	8.2517E-012	1.7656E-012	1.7656E-012
1.3642E+023	8.2530E-012	1.7631E-012	1.7631E-012
1.3697E+023	8.2542E-012	1.7606E-012	1.7606E-012
1.3752E+023	8.2555E-012	1.7580E-012	1.7580E-012
1.3807E+023	8.2567E-012	1.7555E-012	1.7555E-012
1.3863E+023	8.2580E-012	1.7530E-012	1.7530E-012
1.3918E+023	8.2593E-012	1.7505E-012	1.7505E-012
1.3974E+023	8.2605E-012	1.7480E-012	1.7480E-012
1.4030E+023	8.2618E-012	1.7455E-012	1.7455E-012
1.4086E+023	8.2630E-012	1.7430E-012	1.7430E-012
1.4143E+023	8.2643E-012	1.7406E-012	1.7406E-012
1.4200E+023	8.2655E-012	1.7381E-012	1.7381E-012
1.4257E+023	8.2668E-012	1.7357E-012	1.7357E-012
1.4314E+023	8.2680E-012	1.7333E-012	1.7333E-012
1.4372E+023	8.2693E-012	1.7309E-012	1.7309E-012
1.4429E+023	8.2706E-012	1.7285E-012	1.7285E-012
1.4487E+023	8.2718E-012	1.7261E-012	1.7261E-012
1.4545E+023	8.2731E-012	1.7237E-012	1.7237E-012
1.4603E+023	8.2743E-012	1.7213E-012	1.7213E-012
1.4662E+023	8.2756E-012	1.7189E-012	1.7189E-012
1.4721E+023	8.2768E-012	1.7166E-012	1.7166E-012
1.4780E+023	8.2781E-012	1.7142E-012	1.7142E-012
1.4839E+023	8.2794E-012	1.7119E-012	1.7119E-012
1.4899E+023	8.2806E-012	1.7096E-012	1.7096E-012
1.4959E+023	8.2819E-012	1.7073E-012	1.7073E-012
1.5019E+023	8.2831E-012	1.7050E-012	1.7050E-012
1.5079E+023	8.2844E-012	1.7027E-012	1.7027E-012
1.5140E+023	8.2857E-012	1.7005E-012	1.7005E-012
1.5200E+023	8.2869E-012	1.6982E-012	1.6982E-012
1.5261E+023	8.2882E-012	1.6959E-012	1.6959E-012
1.5323E+023	8.2894E-012	1.6937E-012	1.6937E-012
1.5384E+023	8.2907E-012	1.6915E-012	1.6915E-012
1.5446E+023	8.2920E-012	1.6893E-012	1.6893E-012
1.5508E+023	8.2932E-012	1.6871E-012	1.6871E-012
1.5570E+023	8.2945E-012	1.6849E-012	1.6849E-012
1.5633E+023	8.2957E-012	1.6827E-012	1.6827E-012
1.5695E+023	8.2970E-012	1.6805E-012	1.6805E-012
1.5758E+023	8.2983E-012	1.6784E-012	1.6784E-012
1.5821E+023	8.2995E-012	1.6763E-012	1.6763E-012
1.5885E+023	8.3008E-012	1.6741E-012	1.6741E-012
1.5949E+023	8.3021E-012	1.6720E-012	1.6720E-012
1.6013E+023	8.3033E-012	1.6699E-012	1.6699E-012
1.6077E+023	8.3046E-012	1.6678E-012	1.6678E-012
1.6142E+023	8.3058E-012	1.6657E-012	1.6657E-012
1.6206E+023	8.3071E-012	1.6637E-012	1.6637E-012
1.6271E+023	8.3084E-012	1.6616E-012	1.6616E-012
1.6337E+023	8.3096E-012	1.6596E-012	1.6596E-012
1.6402E+023	8.3109E-012	1.6576E-012	1.6576E-012
1.6468E+023	8.3122E-012	1.6555E-012	1.6555E-012
1.6534E+023	8.3134E-012	1.6535E-012	1.6535E-012
1.6600E+023	8.3147E-012	1.6516E-012	1.6516E-012
1.6667E+023	8.3159E-012	1.6496E-012	1.6496E-012
1.6734E+023	8.3172E-012	1.6476E-012	1.6476E-012
1.6801E+023	8.3185E-012	1.6457E-012	1.6457E-012
1.6869E+023	8.3197E-012	1.6437E-012	1.6437E-012
1.6936E+023	8.3210E-012	1.6418E-012	1.6418E-012
1.7004E+023	8.3223E-012	1.6399E-012	1.6399E-012
1.7072E+023	8.3235E-012	1.6380E-012	1.6380E-012
1.7141E+023	8.3248E-012	1.6361E-012	1.6361E-012
1.7210E+023	8.3261E-012	1.6343E-012	1.6343E-012
1.7279E+023	8.3273E-012	1.6324E-012	1.6324E-012
1.7348E+023	8.3286E-012	1.6306E-012	1.6306E-012
1.7418E+023	8.3299E-012	1.6287E-012	1.6287E-012
1.7488E+023	8.3311E-012	1.6269E-012	1.6269E-012
1.7558E+023	8.3324E-012	1.6251E-012	1.6251E-012
1.7628E+023	8.3337E-012	1.6233E-012	1.6233E-012
1.7699E+023	8.3349E-012	1.6216E-012	1.6216E-012
1.7770E+023	8.3362E-012	1.6198E-012	1.6198E-012
1.7841E+023	8.3375E-012	1.6181E-012	1.6181E-012
1.7913E+023	8.3387E-012	1.6163E-012	1.6163E-012
1.7985E+023	8.3400E-012	1.6146E-012	1.6146E-012
1.8057E+023	8.3413E-012	1.6129E-012	1.6129E-012
1.8130E+023	8.3425E-012	1.6112E-012	1.6112E-012
1.8202E+023	8.3438E-012	1.6096E-012	1.6096E-012
1.8275E+023	8.3451E-012	1.6079E-012	1.6079E-012
1.8349E+023	8.3463E-012	1.6063E-012	1.6063E-012
1.8422E+023	8.3476E-012	1.6046E-012	1.6046E-012
1.8496E+023	8.3489E-012	1.6030E-012	1.6030E-012
1.8571E+023	8.3501E-012	1.6014E-012	1.6014E-012
1.8645E+023	8.3514E-012	1.5998E-012	1.5998E-012
1.8720E+023	8.3527E-012	1.5983E-012	1.5983E-012
1.8795E+023	8.3540E-012	1.5967E-012	1.5967E-012
1.8870E+023	8.3552E-012	1.5952E-012	1.5952E-012
1.8946E+023	8.3565E-012	1.5936E-012	1.5936E-012
1.9022E+023	8.3578E-012	1.5921E-012	1.5921E-012
1.9098E+023	8.3590E-012	1.5906E-012	1.5906E-012
1.9175E+023	8.3603E-012	1.5892E-012	1.5892E-012
1.9252E+023	8.3616E-012	1.5877E-012	1.5877E-012
1.9329E+023	8.3629E-012	1.5862E-012	1.5862E-012
1.9407E+023	8.3641E-012	1.5848E-012	1.5848E-012
1.9485E+023	8.3654E-012	1.5834E-012	1.5834E-012
1.9563E+023	8.3667E-012	1.5820E-012	1.5820E-012
1.9642E+023	8.3679E-012	1.5806E-012	1.5806E-012
1.9720E+023	8.3692E-012	1.5792E-012	1.5792E-012
1.9799E+023	8.3705E-012	1.5779E-012	1.5779E-012
1.9879E+023	8.3718E-012	1.5765E-012	1.5765E-012
1.9959E+023	8.3730E-012	1.5752E-012	1.5752E-012
2.0039E+023	8.3743E-012	1.5739E-012	1.5739E-012
2.0119E+023	8.3756E-012	1.5726E-012	1.5726E-012
2.0200E+023	8.3768E-012	1.5713E-012	1.5713E-012
2.0281E+023	8.3781E-012	1.5701E-012	1.5701E-012
2.0363E+023	8.3794E-012	1.5688E-012	1.5688E-012
2.0444E+023	8.3807E-012	1.5676E-012	1.5676E-012
2.0526E+023	8.3819E-012	1.5664E-012	1.5664E-012
2.0609E+023	8.3832E-012	1.5652E-012	1.5652E-012
2.0691E+023	8.3845E-012	1.5640E-012	1.5640E-012
2.0774E+023	8.3858E-012	1.5628E-012	1.5628E-012
2.0858E+023	8.3870E-012	1.5617E-012	1.5617E-012
2.0941E+023	8.3883E-012	1.5605E-012	1.5605E-012
2.1026E+023	8.3896E-012	1.5594E-012	1.5594E-012
2.1110E+023	8.3909E-012	1.5583E-012	1.5583E-012
2.1195E+023	8.3921E-012	1.5572E-012	1.5572E-012
2.1280E+023	8.3934E-012	1.5562E-012	1.5562E-012
2.1365E+023	8.3947E-012	1.5551E-012	1.5551E-012
2.1451E+023	8.3960E-012	1.5541E-012	1.5541E-012
2.1537E+023	8.3972E-012	1.5531E-012	1.5531E-012
2.1623E+023	8.3985E-012	1.5521E-012	1.5521E-012
2.1710E+023	8.3998E-012	1.5511E-012	1.5511E-012
2.1797E+023	8.4011E-012	1.5501E-012	1.5501E-012
2.1885E+023	8.4024E-012	1.5492E-012	1.5492E-012
2.1973E+023	8.4036E-012	1.5483E-012	1.5483E-012
2.2061E+023	8.4049E-012	1.5473E-012	1.5473E-012
2.2149E+023	8.4062E-012	1.5464E-012	1.5464E-012
2.2238E+023	8.4075E-012	1.5456E-012	1.5456E-012
2.2327E+023	8.4087E-012	1.5447E-012	1.5447E-012
2.2417E+023	8.4100E-012	1.5438E-012	1.5438E-012
2.2507E+023	8.4113E-012	1.5430E-012	1.5430E-012
2.2597E+023	8.4126E-012	1.5422E-012	1.5422E-012
2.2688E+023	8.4139E-012	1.5414E-012	1.5414E-012
2.2779E+023	8.4151E-012	1.5406E-012	1.5406E-012
2.2871E+023	8.4164E-012	1.5399E-012	1.5399E-012
2.2962E+023	8.4177E-012	1.5391E-012	1.5391E-012
2.3054E+023	8.4190E-012	1.5384E-012	1.5384E-012
2.3147E+023	8.4203E-012	1.5377E-012	1.5377E-012
2.3240E+023	8.4215E-012	1.5370E-012	1.5370E-012
2.3333E+023	8.4228E-012	1.5363E-012	1.5363E-012
2.3427E+023	8.4241E-012	1.5357E-012	1.5357E-012
2.3521E+023	8.4254E-012	1.5350E-012	1.5350E-012
2.3615E+023	8.4267E-012	1.5344E-012	1.5344E-012
2.3710E+023	8.4279E-012	1.5338E-012	1.5338E-012
2.3805E+023	8.4292E-012	1.5332E-012	1.5332E-012
2.3901E+023	8.4305E-012	1.5327E-012	1.5327E-012
2.3997E+023	8.4318E-012	1.5321E-012	1.5321E-012
2.4093E+023	8.4331E-012	1.5316E-012	1.5316E-012
2.4190E+023	8.4343E-012	1.5311E-012	1.5311E-012
2.4286E+023	8.4356E-012	1.5306E-012	1.5306E-012
2.4383E+023	8.4369E-012	1.5301E-012	1.5301E-012
2.4482E+023	8.4382E-012	1.5297E-012	1.5297E-012
2.4581E+023	8.4395E-012	1.5292E-012	1.5292E-012
2.4678E+023	8.4408E-012	1.5288E-012	1.5288E-012
2.4777E+023	8.4420E-012	1.5284E-012	1.5284E-012
2.4876E+023	8.4433E-012	1.5280E-012	1.5280E-012
2.4978E+023	8.4446E-012	1.5276E-012	1.5276E-012
2.5077E+023	8.4459E-012	1.5273E-012	1.5273E-012
2.5179E+023	8.4472E-012	1.5270E-012	1.5270E-012
2.5280E+023	8.4485E-012	1.5266E-012	1.5266E-012
2.5382E+023	8.4497E-012	1.5264E-012	1.5264E-012
2.5483E+023	8.4510E-012	1.5261E-012	1.5261E-012
2.5585E+023	8.4523E-012	1.5258E-012	1.5258E-012
2.5686E+023	8.4536E-012	1.5256E-012	1.5256E-012
2.5790E+023	8.4549E-012	1.5254E-012	1.5254E-012
2.5894E+023	8.4562E-012	1.5252E-012	1.5252E-012
2.5998E+023	8.4575E-012	1.5250E-012	1.5250E-012
2.6102E+023	8.4587E-012	1.5248E-012	1.5248E-012
2.6206E+023	8.4600E-012	1.5247E-012	1.5247E-012
2.6313E+023	8.4613E-012	1.5245E-012	1.5245E-012
2.6417E+023	8.4626E-012	1.5244E-012	1.5244E-012
2.6523E+023	8.4639E-012	1.5243E-012	1.5243E-012
2.6629E+023	8.4652E-012	1.5243E-012	1.5243E-012
2.6738E+023	8.4665E-012	1.5242E-012	1.5242E-012
2.6845E+023	8.4678E-012	1.5242E-012	1.5242E-012
2.6951E+023	8.4690E-012	1.5242E-012	1.5242E-012
2.7060E+023	8.4703E-012	1.5242E-012	1.5242E-012
2.7169E+023	8.4716E-012	1.5242E-012	1.5242E-012
2.7277E+023	8.4729E-012	1.5242E-012	1.5242E-012
2.7386E+023	8.4742E-012	1.5243E-012	1.5243E-012
2.7497E+023	8.4755E-012	1.5244E-012	1.5244E-012
2.7609E+023	8.4768E-012	1.5245E-012	1.5245E-012
2.7717E+023	8.4781E-012	1.5246E-012	1.5246E-012
2.7829E+023	8.4793E-012	1.5247E-012	1.5247E-012
2.7942E+023	8.4806E-012	1.5249E-012	1.5249E-012
2.8054E+023	8.4819E-012	1.5250E-012	1.5250E-012
2.8167E+023	8.4832E-012	1.5252E-012	1.5252E-012
2.8278E+023	8.4845E-012	1.5254E-012	1.5254E-012
2.8392E+023	8.4858E-012	1.5257E-012	1.5257E-012
2.8506E+023	8.4871E-012	1.5259E-012	1.5259E-012
2.8622E+023	8.4884E-012	1.5262E-012	1.5262E-012
2.8735E+023	8.4897E-012	1.5265E-012	1.5265E-012
2.8851E+023	8.4910E-012	1.5268E-012	1.5268E-012
2.8968E+023	8.4922E-012	1.5271E-012	1.5271E-012
2.9084E+023	8.4935E-012	1.5274E-012	1.5274E-012
2.9200E+023	8.4948E-012	1.5278E-012	1.5278E-012
2.9318E+023	8.4961E-012	1.5282E-012	1.5282E-012
2.9434E+023	8.4974E-012	1.5286E-012	1.5286E-012
2.9553E+023	8.4987E-012	1.5290E-012	1.5290E-012
2.9671E+023	8.5000E-012	1.5294E-012	1.5294E-012
2.9790E+023	8.5013E-012	1.5299E-012	1.5299E-012
2.9911E+023	8.5026E-012	1.5303E-012	1.5303E-012
3.0029E+023	8.5039E-012	1.5308E-012	1.5308E-012
3.0150E+023	8.5052E-012	1.5313E-012	1.5313E-012
3.0271E+023	8.5065E-012	1.5319E-012	1.5319E-012
3.0394E+023	8.5078E-012	1.5324E-012	1.5324E-012
3.0515E+023	8.5090E-012	1.5330E-012	1.5330E-012
3.0638E+023	8.5103E-012	1.5336E-012	1.5336E-012
3.0759E+023	8.5116E-012	1.5342E-012	1.5342E-012
3.0885E+023	8.5129E-012	1.5348E-012	1.5348E-012
3.1008E+023	8.5142E-012	1.5355E-012	1.5355E-012
3.1132E+023	8.5155E-012	1.5361E-012	1.5361E-012
3.1257E+023	8.5168E-012	1.5368E-012	1.5368E-012
3.1383E+023	8.5181E-012	1.5375E-012	1.5375E-012
3.1509E+023	8.5194E-012	1.5382E-012	1.5382E-012
3.1635E+023	8.5207E-012	1.5390E-012	1.5390E-012
3.1763E+023	8.5220E-012	1.5397E-012	1.5397E-012
3.1888E+023	8.5233E-012	1.5405E-012	1.5405E-012
3.2017E+023	8.5246E-012	1.5413E-012	1.5413E-012
3.2145E+023	8.5259E-012	1.5421E-012	1.5421E-012
3.2275E+023	8.5272E-012	1.5429E-012	1.5429E-012
3.2403E+023	8.5285E-012	1.5438E-012	1.5438E-012
3.2534E+023	8.5298E-012	1.5447E-012	1.5447E-012
3.2665E+023	8.5311E-012	1.5455E-012	1.5455E-012
3.2795E+023	8.5324E-012	1.5464E-012	1.5464E-012
3.2928E+023	8.5337E-012	1.5474E-012	1.5474E-012
3.3061E+023	8.5350E-012	1.5483E-012	1.5483E-012
3.3192E+023	8.5363E-012	1.5493E-012	1.5493E-012
3.3325E+023	8.5375E-012	1.5503E-012	1.5503E-012
3.3460E+023	8.5388E-012	1.5513E-012	1.5513E-012
3.3593E+023	8.5401E-012	1.5523E-012	1.5523E-012
3.3729E+023	8.5414E-012	1.5533E-012	1.5533E-012
3.3864E+023	8.5427E-012	1.5544E-012	1.5544E-012
3.3999E+023	8.5440E-012	1.5555E-012	1.5555E-012
3.4137E+023	8.5453E-012	1.5565E-012	1.5565E-012
3.4273E+023	8.5466E-012	1.5577E-012	1.5577E-012
3.4410E+023	8.5479E-012	1.5588E-012	1.5588E-012
3.4548E+023	8.5492E-012	1.5599E-012	1.5599E-012
3.4688E+023	8.5505E-012	1.5611E-012	1.5611E-012
3.4826E+023	8.5518E-012	1.5623E-012	1.5623E-012
3.4967E+023	8.5531E-012	1.5635E-012	1.5635E-012
3.5107E+023	8.5544E-012	1.5647E-012	1.5647E-012
3.5247E+023	8.5557E-012	1.5660E-012	1.5660E-012
3.5390E+023	8.5570E-012	1.5672E-012	1.5672E-012
3.5532E+023	8.5583E-012	1.5685E-012	1.5685E-012
3.5675E+023	8.5596E-012	1.5698E-012	1.5698E-012
3.5818E+023	8.5609E-012	1.5711E-012	1.5711E-012
3.5960E+023	8.5622E-012	1.5724E-012	1.5724E-012
3.6105E+023	8.5635E-012	1.5738E-012	1.5738E-012
3.6250E+023	8.5648E-012	1.5752E-012	1.5752E-012
3.6396E+023	8.5661E-012	1.5765E-012	1.5765E-012
3.6541E+023	8.5675E-012	1.5780E-012	1.5780E-012
3.6688E+023	8.5688E-012	1.5794E-012	1.5794E-012
3.6836E+023	8.5701E-012	1.5808E-012	1.5808E-012
3.6983E+023	8.5714E-012	1.5823E-012	1.5823E-012
3.7131E+023	8.5727E-012	1.5838E-012	1.5838E-012
3.7281E+023	8.5740E-012	1.5852E-012	1.5852E-012
3.7430E+023	8.5753E-012	1.5868E-012	1.5868E-012
3.7580E+023	8.5766E-012	1.5883E-012	1.5883E-012
3.7730E+023	8.5779E-012	1.5898E-012	1.5898E-012
3.7883E+023	8.5792E-012	1.5914E-012	1.5914E-012
3.8035E+023	8.5805E-012	1.5930E-012	1.5930E-012
3.8187E+023	8.5818E-012	1.5946E-012	1.5946E-012
3.8340E+023	8.5831E-012	1.5962E-012	1.5962E-012
3.8494E+023	8.5844E-012	1.5979E-012	1.5979E-012
3.8649E+023	8.5857E-012	1.5995E-012	1.5995E-012
3.8804E+023	8.5870E-012	1.6012E-012	1.6012E-012
3.8961E+023	8.5883E-012	1.6029E-012	1.6029E-012
3.9116E+023	8.5896E-012	1.6046E-012	1.6046E-012
3.9273E+023	8.5909E-012	1.6063E-012	1.6063E-012
3.9430E+023	8.5922E-012	1.6080E-012	1.6080E-012
3.9590E+023	8.5935E-012	1.6098E-012	1.6098E-012
3.9747E+023	8.5948E-012	1.6116E-012	1.6116E-012
3.9906E+023	8.5962E-012	1.6134E-012	1.6134E-012
4.0069E+023	8.5975E-012	1.6152E-012	1.6152E-012
4.0228E+023	8.5988E-012	1.6170E-012	1.6170E-012
4.0390E+023	8.6001E-012	1.6189E-012	1.6189E-012
4.0552E+023	8.6014E-012	1.6207E-012	1.6207E-012
4.0714E+023	8.6027E-012	1.6226E-012	1.6226E-012
4.0879E+023	8.6040E-012	1.6245E-012	1.6245E-012
4.1043E+023	8.6053E-012	1.6264E-012	1.6264E-012
4.1207E+023	8.6066E-012	1.6284E-012	1.6284E-012
4.1372E+023	8.6079E-012	1.6303E-012	1.6303E-012
4.1539E+023	8.6092E-012	1.6323E-012	1.6323E-012
4.1705E+023	8.6105E-012	1.6343E-012	1.6343E-012
4.1872E+023	8.6118E-012	1.6362E-012	1.6362E-012
4.2042E+023	8.6132E-012	1.6383E-012	1.6383E-012
4.2208E+023	8.6145E-012	1.6403E-012	1.6403E-012
4.2378E+023	8.6158E-012	1.6423E-012	1.6423E-012
4.2549E+023	8.6171E-012	1.6444E-012	1.6444E-012
4.2719E+023	8.6184E-012	1.6465E-012	1.6465E-012
4.2890E+023	8.6197E-012	1.6486E-012	1.6486E-012
4.3062E+023	8.6210E-012	1.6507E-012	1.6507E-012
4.3236E+023	8.6223E-012	1.6528E-012	1.6528E-012
4.3410E+023	8.6236E-012	1.6550E-012	1.6550E-012
4.3584E+023	8.6249E-012	1.6572E-012	1.6572E-012
4.3758E+023	8.6263E-012	1.6593E-012	1.6593E-012
4.3935E+023	8.6276E-012	1.6615E-012	1.6615E-012
4.4111E+023	8.6289E-012	1.6637E-012	1.6637E-012
4.4288E+023	8.6302E-012	1.6660E-012	1.6660E-012
4.4464E+023	8.6315E-012	1.6682E-012	1.6682E-012
4.4643E+023	8.6328E-012	1.6705E-012	1.6705E-012
4.4822E+023	8.6341E-012	1.6728E-012	1.6728E-012
4.5004E+023	8.6354E-012	1.6751E-012	1.6751E-012
4.5183E+023	8.6368E-012	1.6774E-012	1.6774E-012
4.5364E+023	8.6381E-012	1.6797E-012	1.6797E-012
4.5548E+023	8.6394E-012	1.6820E-012	1.6820E-012
4.5729E+023	8.6407E-012	1.6844E-012	1.6844E-012
4.5913E+023	8.6420E-012	1.6868E-012	1.6868E-012
4.6097E+023	8.6433E-012	1.6892E-012	1.6892E-012
4.6283E+023	8.6446E-012	1.6916E-012	1.6916E-012
4.6469E+023	8.6460E-012	1.6940E-012	1.6940E-012
4.6655E+023	8.6473E-012	1.6964E-012	1.6964E-012
4.6841E+023	8.6486E-012	1.6989E-012	1.6989E-012
4.7030E+023	8.6499E-012	1.7013E-012	1.7013E-012
4.7218E+023	8.6512E-012	1.7038E-012	1.7038E-012
4.7407E+023	8.6525E-012	1.7063E-012	1.7063E-012
4.7598E+023	8.6538E-012	1.7088E-012	1.7088E-012
4.7789E+023	8.6552E-012	1.7113E-012	1.7113E-012
4.7980E+023	8.6565E-012	1.7139E-012	1.7139E-012
4.8174E+023	8.6578E-012	1.7164E-012	1.7164E-012
4.8367E+023	8.6591E-012	1.7190E-012	1.7190E-012
4.8560E+023	8.6604E-012	1.7216E-012	1.7216E-012
4.8756E+023	8.6617E-012	1.7242E-012	1.7242E-012
4.8952E+023	8.6631E-012	1.7268E-012	1.7268E-012
4.9148E+023	8.6644E-012	1.7295E-012	1.7295E-012
4.9346E+023	8.6657E-012	1.7321E-012	1.7321E-012
4.9542E+023	8.6670E-012	1.7348E-012	1.7348E-012
4.9743E+023	8.6683E-012	1.7374E-012	1.7374E-012
4.9941E+023	8.6696E-012	1.7401E-012	1.7401E-012
5.0142E+023	8.6710E-012	1.7428E-012	1.7428E-012
5.0343E+023	8.6723E-012	1.7456E-012	1.7456E-012
5.0546E+023	8.6736E-012	1.7483E-012	1.7483E-012
5.0749E+023	8.6749E-012	1.7511E-012	1.7511E-012
5.0952E+023	8.6762E-012	1.7538E-012	1.7538E-012
5.1157E+023	8.6776E-012	1.7566E-012	1.7566E-012
5.1363E+023	8.6789E-012	1.7594E-012	1.7594E-012
5.1568E+023	8.6802E-012	1.7622E-012	1.7622E-012
5.1774E+023	8.6815E-012	1.7650E-012	1.7650E-012
5.1982E+023	8.6828E-012	1.7678E-012	1.7678E-012
5.2192E+023	8.6842E-012	1.7707E-012	1.7707E-012
5.2400E+023	8.6855E-012	1.7736E-012	1.7736E-012
5.2611E+023	8.6868E-012	1.7764E-012	1.7764E-012
5.2821E+023	8.6881E-012	1.7793E-012	1.7793E-012
5.3034E+023	8.6894E-012	1.7822E-012	1.7822E-012
5.3247E+023	8.6908E-012	1.7852E-012	1.7852E-012
5.3462E+023	8.6921E-012	1.7881E-012	1.7881E-012
5.3675E+023	8.6934E-012	1.7910E-012	1.7910E-012
5.3890E+023	8.6947E-012	1.7940E-012	1.7940E-012
5.4107E+023	8.6960E-012	1.7970E-012	1.7970E-012
5.4325E+023	8.6974E-012	1.8000E-012	1.8000E-012
5.4543E+023	8.6987E-012	1.8030E-012	1.8030E-012
5.4760E+023	8.7000E-012	1.8060E-012	1.8060E-012
5.4980E+023	8.7013E-012	1.8090E-012	1.8090E-012
5.5200E+023	8.7027E-012	1.8120E-012	1.8120E-012
5.5423E+023	8.7040E-012	1.8151E-012	1.8151E-012
5.5645E+023	8.7053E-012	1.8182E-012	1.8182E-012
5.5868E+023	8.7066E-012	1.8212E-012	1.8212E-012
5.6093E+023	8.7079E-012	1.8243E-012	1.8243E-012
5.6317E+023	8.7093E-012	1.8274E-012	1.8274E-012
5.6545E+023	8.7106E-012	1.8306E-012	1.8306E-012
5.6772E+023	8.7119E-012	1.8337E-012	1.8337E-012
5.6999E+023	8.7132E-012	1.8368E-012	1.8368E-012
5.7227E+023	8.7146E-012	1.8400E-012	1.8400E-012
5.7456E+023	8.7159E-012	1.8432E-012	1.8432E-012
5.7688E+023	8.7172E-012	1.8464E-012	1.8464E-012
5.7918E+023	8.7185E-012	1.8496E-012	1.8496E-012
5.8153E+023	8.7199E-012	1.8528E-012	1.8528E-012
5.8385E+023	8.7212E-012	1.8560E-012	1.8560E-012
5.8619E+023	8.7225E-012	1.8592E-012	1.8592E-012
5.8854E+023	8.7238E-012	1.8625E-012	1.8625E-012
5.9091E+023	8.7252E-012	1.8657E-012	1.8657E-012
5.9328E+023	8.7265E-012	1.8690E-012	1.8690E-012
5.9567E+023	8.7278E-012	1.8723E-012	1.8723E-012
5.9804E+023	8.7292E-012	1.8756E-012	1.8756E-012
6.0046E+023	8.7305E-012	1.8789E-012	1.8789E-012
6.0285E+023	8.7318E-012	1.8822E-012	1.8822E-012
6.0527E+023	8.7331E-012	1.8856E-012	1.8856E-012
6.0771E+023	8.7345E-012	1.8889E-012	1.8889E-012
6.1016E+023	8.7358E-012	1.8923E-012	1.8923E-012
6.1260E+023	8.7371E-012	1.8956E-012	1.8956E-012
6.1506E+023	8.7384E-012	1.8990E-012	1.8990E-012
6.1753E+023	8.7398E-012	1.9024E-012	1.9024E-012
6.2000E+023	8.7411E-012	1.9058E-012	1.9058E-012
6.2249E+023	8.7424E-012	1.9092E-012	1.9092E-012
6.2498E+023	8.7438E-012	1.9127E-012	1.9127E-012
6.2749E+023	8.7451E-012	1.9161E-012	1.9161E-012
6.3001E+023	8.7464E-012	1.9196E-012	1.9196E-012
6.3255E+023	8.7478E-012	1.9230E-012	1.9230E-012
6.3508E+023	8.7491E-012	1.9265E-012	1.9265E-012
6.3762E+023	8.7504E-012	1.9300E-012	1.9300E-012
6.4019E+023	8.7517E-012	1.9335E-012	1.9335E-012
6.4275E+023	8.7531E-012	1.9370E-012	1.9370E-012
6.4534E+023	8.7544E-012	1.9405E-012	1.9405E-012
6.4792E+023	8.7557E-012	1.9441E-012	1.9441E-012
6.5054E+023	8.7571E-012	1.9476E-012	1.9476E-012
6.5315E+023	8.7584E-012	1.9512E-012	1.9512E-012
6.5576E+023	8.7597E-012	1.9547E-012	1.9547E-012
6.5839E+023	8.7611E-012	1.9583E-012	1.9583E-012
6.6103E+023	8.7624E-012	1.9619E-012	1.9619E-012
6.6369E+023	8.7637E-012	1.9655E-012	1.9655E-012
6.6635E+023	8.7651E-012	1.9691E-012	1.9691E-012
6.6903E+023	8.7664E-012	1.9727E-012	1.9727E-012
6.7172E+023	8.7677E-012	1.9764E-012	1.9764E-012
6.7440E+023	8.7691E-012	1.9800E-012	1.9800E-012
6.7711E+023	8.7704E-012	1.9837E-012	1.9837E-012
6.7982E+023	8.7717E-012	1.9873E-012	1.9873E-012
6.8255E+023	8.7731E-012	1.9910E-012	1.9910E-012
6.8531E+023	8.7744E-012	1.9947E-012	1.9947E-012
6.8804E+023	8.7757E-012	1.9984E-012	1.9984E-012
6.9082E+023	8.7771E-012	2.0021E-012	2.0021E-012
6.9358E+023	8.7784E-012	2.0058E-012	2.0058E-012
6.9636E+023	8.7797E-012	2.0096E-012	2.0096E-012
6.9916E+023	8.7811E-012	2.0133E-012	2.0133E-012
7.0197E+023	8.7824E-012	2.0171E-012	2.0171E-012
7.0477E+023	8.7837E-012	2.0208E-012	2.0208E-012
7.0760E+023	8.7851E-012	2.0246E-012	2.0246E-012
7.1045E+023	8.7864E-012	2.0284E-012	2.0284E-012
7.1331E+023	8.7877E-012	2.0322E-012	2.0322E-012
7.1616E+023	8.7891E-012	2.0360E-012	2.0360E-012
7.1904E+023	8.7904E-012	2.0398E-012	2.0398E-012
7.2191E+023	8.7917E-012	2.0436E-012	2.0436E-012
7.2482E+023	8.7931E-012	2.0475E-012	2.0475E-012
7.2772E+023	8.7944E-012	2.0513E-012	2.0513E-012
7.3064E+023	8.7958E-012	2.0552E-012	2.0552E-012
7.3359E+023	8.7971E-012	2.0590E-012	2.0590E-012
7.3652E+023	8.7984E-012	2.0629E-012	2.0629E-012
7.3949E+023	8.7998E-012	2.0668E-012	2.0668E-012
7.4244E+023	8.8011E-012	2.0707E-012	2.0707E-012
7.4542E+023	8.8024E-012	2.0746E-012	2.0746E-012
7.4842E+023	8.8038E-012	2.0785E-012	2.0785E-012
7.5141E+023	8.8051E-012	2.0824E-012	2.0824E-012
7.5444E+023	8.8065E-012	2.0864E-012	2.0864E-012
7.5746E+023	8.8078E-012	2.0903E-012	2.0903E-012
7.6051E+023	8.8091E-012	2.0943E-012	2.0943E-012
7.6355E+023	8.8105E-012	2.0982E-012	2.0982E-012
7.6662E+023	8.8118E-012	2.1022E-012	2.1022E-012
7.6969E+023	8.8132E-012	2.1062E-012	2.1062E-012
7.7279E+023	8.8145E-012	2.1102E-012	2.1102E-012
7.7588E+023	8.8158E-012	2.1142E-012	2.1142E-012
7.7900E+023	8.8172E-012	2.1182E-012	2.1182E-012
7.8212E+023	8.8185E-012	2.1222E-012	2.1222E-012
7.8527E+023	8.8199E-012	2.1262E-012	2.1262E-012
7.8843E+023	8.8212E-012	2.1303E-012	2.1303E-012
7.9158E+023	8.8225E-012	2.1343E-012	2.1343E-012
7.9477E+023	8.8239E-012	2.1384E-012	2.1384E-012
7.9796E+023	8.8252E-012	2.1424E-012	2.1424E-012
8.0115E+023	8.8266E-012	2.1465E-012	2.1465E-012
8.0437E+023	8.8279E-012	2.1506E-012	2.1506E-012
8.0761E+023	8.8292E-012	2.1547E-012	2.1547E-012
8.1085E+023	8.8306E-012	2.1588E-012	2.1588E-012
8.1409E+023	8.8319E-012	2.1629E-012	2.1629E-012
8.1735E+023	8.8333E-012	2.1670E-012	2.1670E-012
8.2064E+023	8.8346E-012	2.1712E-012	2.1712E-012
8.2393E+023	8.8360E-012	2.1753E-012	2.1753E-012
8.2724E+023	8.8373E-012	2.1794E-012	2.1794E-012
8.3056E+023	8.8386E-012	2.1836E-012	2.1836E-012
8.3389E+023	8.8400E-012	2.1878E-012	2.1878E-012
8.3723E+023	8.8413E-012	2.1919E-012	2.1919E-012
8.4059E+023	8.8427E-012	2.1961E-012	2.1961E-012
8.4397E+023	8.8440E-012	2.2003E-012	2.2003E-012
8.4736E+023	8.8454E-012	2.2045E-012	2.2045E-012
8.5077E+023	8.8467E-012	2.2087E-012	2.2087E-012
8.5418E+023	8.8481E-012	2.2129E-012	2.2129E-012
8.5761E+023	8.8494E-012	2.2172E-012	2.2172E-012
8.6105E+023	8.8507E-012	2.2214E-012	2.2214E-012
8.6450E+023	8.8521E-012	2.2256E-012	2.2256E-012
8.6796E+023	8.8534E-012	2.2299E-012	2.2299E-012
8.7144E+023	8.8548E-012	2.2341E-012	2.2341E-012
8.7495E+023	8.8561E-012	2.2384E-012	2.2384E-012
8.7846E+023	8.8575E-012	2.2427E-012	2.2427E-012
8.8199E+023	8.8588E-012	2.2470E-012	2.2470E-012
8.8552E+023	8.8602E-012	2.2513E-012	2.2513E-012
8.8907E+023	8.8615E-012	2.2556E-012	2.2556E-012
8.9265E+023	8.8629E-012	2.2599E-012	2.2599E-012
8.9623E+023	8.8642E-012	2.2642E-012	2.2642E-012
8.9983E+023	8.8656E-012	2.2685E-012	2.2685E-012
9.0343E+023	8.8669E-012	2.2728E-012	2.2728E-012
9.0706E+023	8.8683E-012	2.2772E-012	2.2772E-012
9.1071E+023	8.8696E-012	2.2815E-012	2.2815E-012
9.1436E+023	8.8710E-012	2.2859E-012	2.2859E-012
9.1804E+023	8.8723E-012	2.2903E-012	2.2903E-012
9.2171E+023	8.8737E-012	2.2946E-012	2.2946E-012
9.2541E+023	8.8750E-012	2.2990E-012	2.2990E-012
9.2914E+023	8.8764E-012	2.3034E-012	2.3034E-012
9.3286E+023	8.8777E-012	2.3078E-012	2.3078E-012
9.3661E+023	8.8790E-012	2.3122E-012	2.3122E-012
9.4036E+023	8.8804E-012	2.3166E-012	2.3166E-012
9.4413E+023	8.8817E-012	2.3210E-012	2.3210E-012
9.4792E+023	8.8831E-012	2.3255E-012	2.3255E-012
9.5172E+023	8.8844E-012	2.3299E-012	2.3299E-012
9.5554E+023	8.8858E-012	2.3343E-012	2.3343E-012
9.5939E+023	8.8872E-012	2.3388E-012	2.3388E-012
9.6323E+023	8.8885E-012	2.3432E-012	2.3432E-012
9.6710E+023	8.8899E-012	2.3477E-012	2.3477E-012
9.7097E+023	8.8912E-012	2.3522E-012	2.3522E-012
9.7488E+023	8.8926E-012	2.3567E-012	2.3567E-012
9.7878E+023	8.8939E-012	2.3612E-012	2.3612E-012
9.8272E+023	8.8953E-012	2.3657E-012	2.3657E-012
9.8666E+023	8.8966E-012	2.3702E-012	2.3702E-012
9.9063E+023	8.8980E-012	2.3747E-012	2.3747E-012
9.9459E+023	8.8993E-012	2.3792E-012	2.3792E-012
9.9858E+023	8.9007E-012	2.3837E-012	2.3837E-012
1.0026E+024	8.9020E-012	2.3882E-012	2.3882E-012
1.0066E+024	8.9034E-012	2.3928E-012	2.3928E-012
1.0106E+024	8.9047E-012	2.3973E-012	2.3973E-012
1.0147E+024	8.9061E-012	2.4019E-012	2.4019E-012
1.0188E+024	8.9074E-012	2.4064E-012	2.4064E-012
1.0229E+024	8.9088E-012	2.4110E-012	2.4110E-012
1.0270E+024	8.9101E-012	2.4156E-012	2.4156E-012
1.0311E+024	8.9115E-012	2.4202E-012	2.4202E-012
1.0352E+024	8.9129E-012	2.4248E-012	2.4248E-012
1.0394E+024	8.9142E-012	2.4294E-012	2.4294E-012
1.0436E+024	8.9156E-012	2.4340E-012	2.4340E-012
1.0478E+024	8.9169E-012	2.4386E-012	2.4386E-012
1.0519E+024	8.9183E-012	2.4432E-012	2.4432E-012
1.0562E+024	8.9196E-012	2.4478E-012	2.4478E-012
1.0604E+024	8.9210E-012	2.4524E-012	2.4524E-012
1.0647E+024	8.9223E-012	2.4571E-012	2.4571E-012
1.0689E+024	8.9237E-012	2.4617E-012	2.4617E-012
1.0732E+024	8.9251E-012	2.4664E-012	2.4664E-012
1.0776E+024	8.9264E-012	2.4710E-012	2.4710E-012
1.0819E+024	8.9278E-012	2.4757E-012	2.4757E-012
1.0862E+024	8.9291E-012	2.4804E-012	2.4804E-012
1.0906E+024	8.9305E-012	2.4851E-012	2.4851E-012
1.0949E+024	8.9318E-012	2.4897E-012	2.4897E-012
1.0993E+024	8.9332E-012	2.4944E-012	2.4944E-012
1.1037E+024	8.9346E-012	2.4991E-012	2.4991E-012
1.1082E+024	8.9359E-012	2.5038E-012	2.5038E-012
1.1126E+024	8.9373E-012	2.5085E-012	2.5085E-012
1.1171E+024	8.9386E-012	2.5133E-012	2.5133E-012
1.1216E+024	8.9400E-012	2.5180E-012	2.5180E-012
1.1261E+024	8.9414E-012	2.5227E-012	2.5227E-012
1.1306E+024	8.9427E-012	2.5275E-012	2.5275E-012
1.1351E+024	8.9441E-012	2.5322E-012	2.5322E-012
1.1397E+024	8.9454E-012	2.5370E-012	2.5370E-012
1.1443E+024	8.9468E-012	2.5417E-012	2.5417E-012
1.1489E+024	8.9482E-012	2.5465E-012	2.5465E-012
1.1535E+024	8.9495E-012	2.5513E-012	2.5513E-012
1.1581E+024	8.9509E-012	2.5560E-012	2.5560E-012
1.1627E+024	8.9522E-012	2.5608E-012	2.5608E-012
1.1674E+024	8.9536E-012	2.5656E-012	2.5656E-012
1.1721E+024	8.9550E-012	2.5704E-012	2.5704E-012
1.1768E+024	8.9563E-012	2.5752E-012	2.5752E-012
1.1815E+024	8.9577E-012	2.5800E-012	2.5800E-012
1.1863E+024	8.9590E-012	2.5848E-012	2.5848E-012
1.1910E+024	8.9604E-012	2.5896E-012	2.5896E-012
1.1958E+024	8.9618E-012	2.5945E-012	2.5945E-012
1.2006E+024	8.9631E-012	2.5993E-012	2.5993E-012
1.2054E+024	8.9645E-012	2.6041E-012	2.6041E-012
1.2103E+024	8.9659E-012	2.6090E-012	2.6090E-012
1.2151E+024	8.9672E-012	2.6138E-012	2.6138E-012
1.2200E+024	8.9686E-012	2.6187E-012	2.6187E-012
1.2249E+024	8.9699E-012	2.6236E-012	2.6236E-012
1.2298E+024	8.9713E-012	2.6284E-012	2.6284E-012
1.2347E+024	8.9727E-012	2.6333E-012	2.6333E-012
1.2397E+024	8.9740E-012	2.6382E-012	2.6382E-012
1.2447E+024	8.9754E-012	2.6431E-012	2.6431E-012
1.2497E+024	8.9768E-012	2.6480E-012	2.6480E-012
1.2547E+024	8.9781E-012	2.6529E-012	2.6529E-012
1.2597E+024	8.9795E-012	2.6578E-012	2.6578E-012
1.2648E+024	8.9809E-012	2.6627E-012	2.6627E-012
1.2699E+024	8.9822E-012	2.6676E-012	2.6676E-012
1.2749E+024	8.9836E-012	2.6725E-012	2.6725E-012
1.2801E+024	8.9850E-012	2.6775E-012	2.6775E-012
1.2852E+024	8.9863E-012	2.6824E-012	2.6824E-012
1.2904E+024	8.9877E-012	2.6873E-012	2.6873E-012
1.2955E+024	8.9891E-012	2.6923E-012	2.6923E-012
1.3007E+024	8.9904E-012	2.6972E-012	2.6972E-012
1.3060E+024	8.9918E-012	2.7022E-012	2.7022E-012
1.3112E+024	8.9932E-012	2.7072E-012	2.7072E-012
1.3165E+024	8.9945E-012	2.7121E-012	2.7121E-012
1.3217E+024	8.9959E-012	2.7171E-012	2.7171E-012
1.3270E+024	8.9973E-012	2.7221E-012	2.7221E-012
1.3324E+024	8.9986E-012	2.7271E-012	2.7271E-012
1.3377E+024	9.0000E-012	2.7321E-012	2.7321E-012
1.3431E+024	9.0014E-012	2.7371E-012	2.7371E-012
1.3485E+024	9.0027E-012	2.7421E-012	2.7421E-012
1.3539E+024	9.0041E-012	2.7471E-012	2.7471E-012
1.3593E+024	9.0055E-012	2.7521E-012	2.7521E-012
1.3648E+024	9.0068E-012	2.7571E-012	2.7571E-012
1.3703E+024	9.0082E-012	2.7621E-012	2.7621E-012
1.3757E+024	9.0096E-012	2.7672E-012	2.7672E-012
1.3813E+024	9.0109E-012	2.7722E-012	2.7722E-012
1.3868E+024	9.0123E-012	2.7773E-012	2.7773E-012
1.3924E+024	9.0137E-012	2.7823E-012	2.7823E-012
1.3980E+024	9.0151E-012	2.7874E-012	2.7874E-012
1.4036E+024	9.0164E-012	2.7924E-012	2.7924E-012
1.4092E+024	9.0178E-012	2.7975E-012	2.7975E-012
1.4149E+024	9.0192E-012	2.8025E-012	2.8025E-012
1.4205E+024	9.0205E-012	2.8076E-012	2.8076E-012
1.4263E+024	9.0219E-012	2.8127E-012	2.8127E-012
1.4320E+024	9.0233E-012	2.8178E-012	2.8178E-012
1.4377E+024	9.0247E-012	2.8229E-012	2.8229E-012
1.4435E+024	9.0260E-012	2.8280E-012	2.8280E-012
1.4493E+024	9.0274E-012	2.8331E-012	2.8331E-012
1.4551E+024	9.0288E-012	2.8382E-012	2.8382E-012
1.4609E+024	9.0301E-012	2.8433E-012	2.8433E-012
1.4668E+024	9.0315E-012	2.8484E-012	2.8484E-012
1.4727E+024	9.0329E-012	2.8535E-012	2.8535E-012
1.4786E+024	9.0343E-012	2.8587E-012	2.8587E-012
1.4845E+024	9.0356E-012	2.8638E-012	2.8638E-012
1.4905E+024	9.0370E-012	2.8689E-012	2.8689E-012
1.4965E+024	9.0384E-012	2.8741E-012	2.8741E-012
1.5025E+024	9.0398E-012	2.8792E-012	2.8792E-012
1.5085E+024	9.0411E-012	2.8844E-012	2.8844E-012
1.5146E+024	9.0425E-012	2.8895E-012	2.8895E-012
1.5206E+024	9.0439E-012	2.8947E-012	2.8947E-012
1.5267E+024	9.0453E-012	2.8999E-012	2.8999E-012
1.5329E+024	9.0466E-012	2.9050E-012	2.9050E-012
1.5390E+024	9.0480E-012	2.9102E-012	2.9102E-012
1.5452E+024	9.0494E-012	2.9154E-012	2.9154E-012
1.5514E+024	9.0508E-012	2.9206E-012	2.9206E-012
1.5576E+024	9.0521E-012	2.9258E-012	2.9258E-012
1.5639E+024	9.0535E-012	2.9310E-012	2.9310E-012
1.5701E+024	9.0549E-012	2.9362E-012	2.9362E-012
1.5765E+024	9.0563E-012	2.9414E-012	2.9414E-012
1.5828E+024	9.0576E-012	2.9466E-012	2.9466E-012
1.5891E+024	9.0590E-012	2.9518E-012	2.9518E-012
1.5955E+024	9.0604E-012	2.9570E-012	2.9570E-012
1.6019E+024	9.0618E-012	2.9623E-012	2.9623E-012
1.6083E+024	9.0632E-012	2.9675E-012	2.9675E-012
1.6148E+024	9.0645E-012	2.9727E-012	2.9727E-012
1.6213E+024	9.0659E-012	2.9780E-012	2.9780E-012
1.6278E+024	9.0673E-012	2.9832E-012	2.9832E-012
1.6343E+024	9.0687E-012	2.9885E-012	2.9885E-012
1.6409E+024	9.0700E-012	2.9937E-012	2.9937E-012
1.6474E+024	9.0714E-012	2.9990E-012	2.9990E-012
1.6541E+024	9.0728E-012	3.0043E-012	3.0043E-012
1.6607E+024	9.0742E-012	3.0095E-012	3.0095E-012
1.6674E+024	9.0756E-012	3.0148E-012	3.0148E-012
1.6741E+024	9.0769E-012	3.0201E-012	3.0201E-012
1.6808E+024	9.0783E-012	3.0254E-012	3.0254E-012
1.6875E+024	9.0797E-012	3.0307E-012	3.0307E-012
1.6943E+024	9.0811E-012	3.0359E-012	3.0359E-012
1.7011E+024	9.0825E-012	3.0412E-012	3.0412E-012
1.7079E+024	9.0838E-012	3.0466E-012	3.0466E-012
1.7148E+024	9.0852E-012	3.0519E-012	3.0519E-012
1.7217E+024	9.0866E-012	3.0572E-012	3.0572E-012
1.7286E+024	9.0880E-012	3.0625E-012	3.0625E-012
1.7355E+024	9.0894E-012	3.0678E-012	3.0678E-012
1.7425E+024	9.0907E-012	3.0731E-012	3.0731E-012
1.7495E+024	9.0921E-012	3.0785E-012	3.0785E-012
1.7565E+024	9.0935E-012	3.0838E-012	3.0838E-012
1.7635E+024	9.0949E-012	3.0891E-012	3.0891E-012
1.7706E+024	9.0963E-012	3.0945E-012	3.0945E-012
1.7777E+024	9.0977E-012	3.0998E-012	3.0998E-012
1.7849E+024	9.0990E-012	3.1052E-012	3.1052E-012
1.7920E+024	9.1004E-012	3.1106E-012	3.1106E-012
1.7992E+024	9.1018E-012	3.1159E-012	3.1159E-012
1.8064E+024	9.1032E-012	3.1213E-012	3.1213E-012
1.8137E+024	9.1046E-012	3.1267E-012	3.1267E-012
1.8210E+024	9.1060E-012	3.1320E-012	3.1320E-012
1.8283E+024	9.1073E-012	3.1374E-012	3.1374E-012
1.8356E+024	9.1087E-012	3.1428E-012	3.1428E-012
1.8430E+024	9.1101E-012	3.1482E-012	3.1482E-012
1.8504E+024	9.1115E-012	3.1536E-012	3.1536E-012
1.8578E+024	9.1129E-012	3.1590E-012	3.1590E-012
1.8652E+024	9.1143E-012	3.1644E-012	3.1644E-012
1.8727E+024	9.1157E-012	3.1698E-012	3.1698E-012
1.8803E+024	9.1170E-012	3.1752E-012	3.1752E-012
1.8878E+024	9.1184E-012	3.1806E-012	3.1806E-012
1.8954E+024	9.1198E-012	3.1860E-012	3.1860E-012
1.9030E+024	9.1212E-012	3.1915E-012	3.1915E-012
1.9106E+024	9.1226E-012	3.1969E-012	3.1969E-012
1.9183E+024	9.1240E-012	3.2023E-012	3.2023E-012
1.9260E+024	9.1254E-012	3.2078E-012	3.2078E-012
1.9337E+024	9.1268E-012	3.2132E-012	3.2132E-012
1.9415E+024	9.1281E-012	3.2187E-012	3.2187E-012
1.9493E+024	9.1295E-012	3.2241E-012	3.2241E-012
1.9571E+024	9.1309E-012	3.2296E-012	3.2296E-012
1.9649E+024	9.1323E-012	3.2350E-012	3.2350E-012
1.9728E+024	9.1337E-012	3.2405E-012	3.2405E-012
1.9807E+024	9.1351E-012	3.2460E-012	3.2460E-012
1.9887E+024	9.1365E-012	3.2514E-012	3.2514E-012
1.9967E+024	9.1379E-012	3.2569E-012	3.2569E-012
2.0047E+024	9.1392E-012	3.2624E-012	3.2624E-012
2.0127E+024	9.1406E-012	3.2679E-012	3.2679E-012
2.0208E+024	9.1420E-012	3.2734E-012	3.2734E-012
2.0289E+024	9.1434E-012	3.2788E-012	3.2788E-012
2.0371E+024	9.1448E-012	3.2843E-012	3.2843E-012
2.0452E+024	9.1462E-012	3.2898E-012	3.2898E-012
2.0535E+024	9.1476E-012	3.2953E-012	3.2953E-012
2.0617E+024	9.1490E-012	3.3009E-012	3.3009E-012
2.0700E+024	9.1504E-012	3.3064E-012	3.3064E-012
2.0783E+024	9.1518E-012	3.3119E-012	3.3119E-012
2.0866E+024	9.1531E-012	3.3174E-012	3.3174E-012
2.0950E+024	9.1545E-012	3.3229E-012	3.3229E-012
2.1034E+024	9.1559E-012	3.3285E-012	3.3285E-012
2.1118E+024	9.1573E-012	3.3340E-012	3.3340E-012
2.1203E+024	9.1587E-012	3.3395E-012	3.3395E-012
2.1288E+024	9.1601E-012	3.3451E-012	3.3451E-012
2.1374E+024	9.1615E-012	3.3506E-012	3.3506E-012
2.1459E+024	9.1629E-012	3.3562E-012	3.3562E-012
2.1545E+024	9.1643E-012	3.3617E-012	3.3617E-012
2.1632E+024	9.1657E-012	3.3673E-012	3.3673E-012
2.1719E+024	9.1671E-012	3.3728E-012	3.3728E-012
2.1806E+024	9.1685E-012	3.3784E-012	3.3784E-012
2.1893E+024	9.1699E-012	3.3840E-012	3.3840E-012
2.1981E+024	9.1713E-012	3.3896E-012	3.3896E-012
2.2069E+024	9.1727E-012	3.3951E-012	3.3951E-012
2.2158E+024	9.1740E-012	3.4007E-012	3.4007E-012
2.2247E+024	9.1754E-012	3.4063E-012	3.4063E-012
2.2336E+024	9.1768E-012	3.4119E-012	3.4119E-012
2.2426E+024	9.1782E-012	3.4175E-012	3.4175E-012
2.2516E+024	9.1796E-012	3.4231E-012	3.4231E-012
2.2606E+024	9.1810E-012	3.4287E-012	3.4287E-012
2.2697E+024	9.1824E-012	3.4343E-012	3.4343E-012
2.2788E+024	9.1838E-012	3.4399E-012	3.4399E-012
2.2879E+024	9.1852E-012	3.4455E-012	3.4455E-012
2.2971E+024	9.1866E-012	3.4511E-012	3.4511E-012
2.3064E+024	9.1880E-012	3.4567E-012	3.4567E-012
2.3156E+024	9.1894E-012	3.4624E-012	3.4624E-012
2.3249E+024	9.1908E-012	3.4680E-012	3.4680E-012
2.3342E+024	9.1922E-012	3.4736E-012	3.4736E-012
2.3436E+024	9.1936E-012	3.4793E-012	3.4793E-012
2.3530E+024	9.1950E-012	3.4849E-012	3.4849E-012
2.3624E+024	9.1964E-012	3.4906E-012	3.4906E-012
2.3719E+024	9.1978E-012	3.4962E-012	3.4962E-012
2.3815E+024	9.1992E-012	3.5019E-012	3.5019E-012
2.3910E+024	9.2006E-012	3.5075E-012	3.5075E-012
2.4006E+024	9.2020E-012	3.5132E-012	3.5132E-012
2.4102E+024	9.2034E-012	3.5188E-012	3.5188E-012
2.4199E+024	9.2048E-012	3.5245E-012	3.5245E-012
2.4296E+024	9.2062E-012	3.5302E-012	3.5302E-012
2.4393E+024	9.2076E-012	3.5358E-012	3.5358E-012
2.4492E+024	9.2090E-012	3.5415E-012	3.5415E-012
2.4591E+024	9.2104E-012	3.5472E-012	3.5472E-012
2.4688E+024	9.2118E-012	3.5529E-012	3.5529E-012
2.4787E+024	9.2132E-012	3.5586E-012	3.5586E-012
2.4888E+024	9.2146E-012	3.5643E-012	3.5643E-012
2.4988E+024	9.2160E-012	3.5700E-012	3.5700E-012
2.5087E+024	9.2174E-012	3.5757E-012	3.5757E-012
2.5188E+024	9.2188E-012	3.5814E-012	3.5814E-012
2.5290E+024	9.2202E-012	3.5871E-012	3.5871E-012
2.5391E+024	9.2216E-012	3.5928E-012	3.5928E-012
2.5493E+024	9.2230E-012	3.5985E-012	3.5985E-012
2.5594E+024	9.2244E-012	3.6042E-012	3.6042E-012
2.5698E+024	9.2258E-012	3.6099E-012	3.6099E-012
2.5800E+024	9.2272E-012	3.6157E-012	3.6157E-012
2.5904E+024	9.2286E-012	3.6214E-012	3.6214E-012
2.6008E+024	9.2300E-012	3.6271E-012	3.6271E-012
2.6112E+024	9.2314E-012	3.6329E-012	3.6329E-012
2.6218E+024	9.2328E-012	3.6386E-012	3.6386E-012
2.6322E+024	9.2342E-012	3.6443E-012	3.6443E-012
2.6429E+024	9.2356E-012	3.6501E-012	3.6501E-012
2.6535E+024	9.2370E-012	3.6558E-012	3.6558E-012
2.6641E+024	9.2384E-012	3.6616E-012	3.6616E-012
2.6748E+024	9.2398E-012	3.6674E-012	3.6674E-012
2.6854E+024	9.2412E-012	3.6731E-012	3.6731E-012
2.6963E+024	9.2426E-012	3.6789E-012	3.6789E-012
2.7072E+024	9.2440E-012	3.6847E-012	3.6847E-012
2.7181E+024	9.2454E-012	3.6904E-012	3.6904E-012
2.7289E+024	9.2469E-012	3.6962E-012	3.6962E-012
2.7398E+024	9.2483E-012	3.7020E-012	3.7020E-012
2.7507E+024	9.2497E-012	3.7078E-012	3.7078E-012
2.7618E+024	9.2511E-012	3.7136E-012	3.7136E-012
2.7730E+024	9.2525E-012	3.7193E-012	3.7193E-012
2.7841E+024	9.2539E-012	3.7251E-012	3.7251E-012
2.7952E+024	9.2553E-012	3.7309E-012	3.7309E-012
2.8066E+024	9.2567E-012	3.7367E-012	3.7367E-012
2.8177E+024	9.2581E-012	3.7425E-012	3.7425E-012
2.8290E+024	9.2595E-012	3.7483E-012	3.7483E-012
2.8404E+024	9.2609E-012	3.7542E-012	3.7542E-012
2.8518E+024	9.2623E-012	3.7600E-012	3.7600E-012
2.8631E+024	9.2637E-012	3.7658E-012	3.7658E-012
2.8747E+024	9.2651E-012	3.7716E-012	3.7716E-012
2.8864E+024	9.2666E-012	3.7774E-012	3.7774E-012
2.8977E+024	9.2680E-012	3.7833E-012	3.7833E-012
2.9096E+024	9.2694E-012	3.7891E-012	3.7891E-012
2.9212E+024	9.2708E-012	3.7949E-012	3.7949E-012
2.9328E+024	9.2722E-012	3.8008E-012	3.8008E-012
2.9446E+024	9.2736E-012	3.8066E-012	3.8066E-012
2.9565E+024	9.2750E-012	3.8125E-012	3.8125E-012
2.9683E+024	9.2764E-012	3.8183E-012	3.8183E-012
2.9802E+024	9.2778E-012	3.8242E-012	3.8242E-012
2.9923E+024	9.2792E-012	3.8300E-012	3.8300E-012
3.0041E+024	9.2807E-012	3.8359E-012	3.8359E-012
3.0162E+024	9.2821E-012	3.8417E-012	3.8417E-012
3.0283E+024	9.2835E-012	3.8476E-012	3.8476E-012
3.0406E+024	9.2849E-012	3.8535E-012	3.8535E-012
3.0527E+024	9.2863E-012	3.8593E-012	3.8593E-012
3.0650E+024	9.2877E-012	3.8652E-012	3.8652E-012
3.0774E+024	9.2891E-012	3.8711E-012	3.8711E-012
3.0897E+024	9.2905E-012	3.8770E-012	3.8770E-012
3.1020E+024	9.2919E-012	3.8829E-012	3.8829E-012
3.1144E+024	9.2934E-012	3.8888E-012	3.8888E-012
3.1269E+024	9.2948E-012	3.8946E-012	3.8946E-012
3.1395E+024	9.2962E-012	3.9005E-012	3.9005E-012
3.1521E+024	9.2976E-012	3.9064E-012	3.9064E-012
3.1647E+024	9.2990E-012	3.9123E-012	3.9123E-012
3.1775E+024	9.3004E-012	3.9183E-012	3.9183E-012
3.1903E+024	9.3018E-012	3.9242E-012	3.9242E-012
3.2031E+024	9.3033E-012	3.9301E-012	3.9301E-012
3.2159E+024	9.3047E-012	3.9360E-012	3.9360E-012
3.2287E+024	9.3061E-012	3.9419E-012	3.9419E-012
3.2418E+024	9.3075E-012	3.9478E-012	3.9478E-012
3.2549E+024	9.3089E-012	3.9538E-012	3.9538E-012
3.2679E+024	9.3103E-012	3.9597E-012	3.9597E-012
3.2810E+024	9.3117E-012	3.9656E-012	3.9656E-012
3.2940E+024	9.3132E-012	3.9716E-012	3.9716E-012
3.3073E+024	9.3146E-012	3.9775E-012	3.9775E-012
3.3206E+024	9.3160E-012	3.9834E-012	3.9834E-012
3.3339E+024	9.3174E-012	3.9894E-012	3.9894E-012
3.3472E+024	9.3188E-012	3.9953E-012	3.9953E-012
3.3608E+024	9.3202E-012	4.0013E-012	4.0013E-012
3.3743E+024	9.3217E-012	4.0072E-012	4.0072E-012
3.3878E+024	9.3231E-012	4.0132E-012	4.0132E-012
3.4014E+024	9.3245E-012	4.0192E-012	4.0192E-012
3.4149E+024	9.3259E-012	4.0251E-012	4.0251E-012
3.4287E+024	9.3273E-012	4.0311E-012	4.0311E-012
3.4425E+024	9.3287E-012	4.0371E-012	4.0371E-012
3.4563E+024	9.3302E-012	4.0430E-012	4.0430E-012
3.4701E+024	9.3316E-012	4.0490E-012	4.0490E-012
3.4841E+024	9.3330E-012	4.0550E-012	4.0550E-012
3.4981E+024	9.3344E-012	4.0610E-012	4.0610E-012
3.5121E+024	9.3358E-012	4.0670E-012	4.0670E-012
3.5262E+024	9.3373E-012	4.0730E-012	4.0730E-012
3.5404E+024	9.3387E-012	4.0789E-012	4.0789E-012
3.5544E+024	9.3401E-012	4.0849E-012	4.0849E-012
3.5687E+024	9.3415E-012	4.0909E-012	4.0909E-012
3.5832E+024	9.3429E-012	4.0969E-012	4.0969E-012
3.5975E+024	9.3444E-012	4.1029E-012	4.1029E-012
3.6120E+024	9.3458E-012	4.1090E-012	4.1090E-012
3.6265E+024	9.3472E-012	4.1150E-012	4.1150E-012
3.6410E+024	9.3486E-012	4.1210E-012	4.1210E-012
3.6555E+024	9.3500E-012	4.1270E-012	4.1270E-012
3.6703E+024	9.3515E-012	4.1330E-012	4.1330E-012
3.6850E+024	9.3529E-012	4.1391E-012	4.1391E-012
3.6998E+024	9.3543E-012	4.1451E-012	4.1451E-012
3.7148E+024	9.3557E-012	4.1511E-012	4.1511E-012
3.7295E+024	9.3571E-012	4.1571E-012	4.1571E-012
3.7445E+024	9.3586E-012	4.1632E-012	4.1632E-012
3.7595E+024	9.3600E-012	4.1692E-012	4.1692E-012
3.7747E+024	9.3614E-012	4.1753E-012	4.1753E-012
3.7897E+024	9.3628E-012	4.1813E-012	4.1813E-012
3.8049E+024	9.3643E-012	4.1874E-012	4.1874E-012
3.8202E+024	9.3657E-012	4.1934E-012	4.1934E-012
3.8357E+024	9.3671E-012	4.1995E-012	4.1995E-012
3.8509E+024	9.3685E-012	4.2055E-012	4.2055E-012
3.8664E+024	9.3700E-012	4.2116E-012	4.2116E-012
3.8821E+024	9.3714E-012	4.2177E-012	4.2177E-012
3.8976E+024	9.3728E-012	4.2237E-012	4.2237E-012
3.9133E+024	9.3742E-012	4.2298E-012	4.2298E-012
3.9290E+024	9.3757E-012	4.2359E-012	4.2359E-012
3.9447E+024	9.3771E-012	4.2420E-012	4.2420E-012
3.9604E+024	9.3785E-012	4.2480E-012	4.2480E-012
3.9764E+024	9.3799E-012	4.2541E-012	4.2541E-012
3.9923E+024	9.3814E-012	4.2602E-012	4.2602E-012
4.0083E+024	9.3828E-012	4.2663E-012	4.2663E-012
4.0245E+024	9.3842E-012	4.2724E-012	4.2724E-012
4.0407E+024	9.3856E-012	4.2785E-012	4.2785E-012
4.0569E+024	9.3871E-012	4.2846E-012	4.2846E-012
4.0731E+024	9.3885E-012	4.2907E-012	4.2907E-012
4.0895E+024	9.3899E-012	4.2968E-012	4.2968E-012
4.1057E+024	9.3913E-012	4.3029E-012	4.3029E-012
4.1224E+024	9.3928E-012	4.3090E-012	4.3090E-012
4.1389E+024	9.3942E-012	4.3151E-012	4.3151E-012
4.1556E+024	9.3956E-012	4.3212E-012	4.3212E-012
4.1722E+024	9.3971E-012	4.3274E-012	4.3274E-012
4.1889E+024	9.3985E-012	4.3335E-012	4.3335E-012
4.2056E+024	9.3999E-012	4.3396E-012	4.3396E-012
4.2225E+024	9.4013E-012	4.3457E-012	4.3457E-012
4.2395E+024	9.4028E-012	4.3519E-012	4.3519E-012
4.2566E+024	9.4042E-012	4.3580E-012	4.3580E-012
4.2736E+024	9.4056E-012	4.3641E-012	4.3641E-012
4.2907E+024	9.4071E-012	4.3703E-012	4.3703E-012
4.3081E+024	9.4085E-012	4.3764E-012	4.3764E-012
4.3253E+024	9.4099E-012	4.3826E-012	4.3826E-012
4.3427E+024	9.4114E-012	4.3887E-012	4.3887E-012
4.3601E+024	9.4128E-012	4.3949E-012	4.3949E-012
4.3775E+024	9.4142E-012	4.4010E-012	4.4010E-012
4.3952E+024	9.4157E-012	4.4072E-012	4.4072E-012
4.4128E+024	9.4171E-012	4.4134E-012	4.4134E-012
4.4305E+024	9.4185E-012	4.4195E-012	4.4195E-012
4.4484E+024	9.4199E-012	4.4257E-012	4.4257E-012
4.4660E+024	9.4214E-012	4.4319E-012	4.4319E-012
4.4842E+024	9.4228E-012	4.4380E-012	4.4380E-012
4.5021E+024	9.4242E-012	4.4442E-012	4.4442E-012
4.5202E+024	9.4257E-012	4.4504E-012	4.4504E-012
4.5383E+024	9.4271E-012	4.4566E-012	4.4566E-012
4.5565E+024	9.4285E-012	4.4628E-012	4.4628E-012
4.5748E+024	9.4300E-012	4.4689E-012	4.4689E-012
4.5932E+024	9.4314E-012	4.4751E-012	4.4751E-012
4.6116E+024	9.4328E-012	4.4813E-012	4.4813E-012
4.6300E+024	9.4343E-012	4.4875E-012	4.4875E-012
4.6486E+024	9.4357E-012	4.4937E-012	4.4937E-012
4.6672E+024	9.4371E-012	4.4999E-012	4.4999E-012
4.6861E+024	9.4386E-012	4.5061E-012	4.5061E-012
4.7049E+024	9.4400E-012	4.5123E-012	4.5123E-012
4.7238E+024	9.4415E-012	4.5185E-012	4.5185E-012
4.7426E+024	9.4429E-012	4.5248E-012	4.5248E-012
4.7617E+024	9.4443E-012	4.5310E-012	4.5310E-012
4.7808E+024	9.4458E-012	4.5372E-012	4.5372E-012
4.8000E+024	9.4472E-012	4.5434E-012	4.5434E-012
4.8193E+024	9.4486E-012	4.5497E-012	4.5497E-012
4.8386E+024	9.4501E-012	4.5559E-012	4.5559E-012
4.8580E+024	9.4515E-012	4.5621E-012	4.5621E-012
4.8776E+024	9.4529E-012	4.5683E-012	4.5683E-012
4.8972E+024	9.4544E-012	4.5746E-012	4.5746E-012
4.9167E+024	9.4558E-012	4.5808E-012	4.5808E-012
4.9366E+024	9.4573E-012	4.5871E-012	4.5871E-012
4.9564E+024	9.4587E-012	4.5933E-012	4.5933E-012
4.9762E+024	9.4601E-012	4.5996E-012	4.5996E-012
4.9960E+024	9.4616E-012	4.6058E-012	4.6058E-012
5.0161E+024	9.4630E-012	4.6121E-012	4.6121E-012
5.0364E+024	9.4644E-012	4.6183E-012	4.6183E-012
5.0565E+024	9.4659E-012	4.6246E-012	4.6246E-012
5.0768E+024	9.4673E-012	4.6308E-012	4.6308E-012
5.0971E+024	9.4688E-012	4.6371E-012	4.6371E-012
5.1177E+024	9.4702E-012	4.6434E-012	4.6434E-012
5.1382E+024	9.4716E-012	4.6497E-012	4.6497E-012
5.1588E+024	9.4731E-012	4.6559E-012	4.6559E-012
5.1796E+024	9.4745E-012	4.6622E-012	4.6622E-012
5.2004E+024	9.4760E-012	4.6685E-012	4.6685E-012
5.2212E+024	9.4774E-012	4.6748E-012	4.6748E-012
5.2422E+024	9.4788E-012	4.6811E-012	4.6811E-012
5.2632E+024	9.4803E-012	4.6873E-012	4.6873E-012
5.2843E+024	9.4817E-012	4.6936E-012	4.6936E-012
5.3056E+024	9.4832E-012	4.6999E-012	4.6999E-012
5.3268E+024	9.4846E-012	4.7062E-012	4.7062E-012
5.3481E+024	9.4860E-012	4.7125E-012	4.7125E-012
5.3696E+024	9.4875E-012	4.7188E-012	4.7188E-012
5.3911E+024	9.4889E-012	4.7251E-012	4.7251E-012
5.4129E+024	9.4904E-012	4.7314E-012	4.7314E-012
5.4347E+024	9.4918E-012	4.7378E-012	4.7378E-012
5.4564E+024	9.4933E-012	4.7441E-012	4.7441E-012
5.4782E+024	9.4947E-012	4.7504E-012	4.7504E-012
5.5002E+024	9.4961E-012	4.7567E-012	4.7567E-012
5.5222E+024	9.4976E-012	4.7630E-012	4.7630E-012
5.5444E+024	9.4990E-012	4.7693E-012	4.7693E-012
5.5667E+024	9.5005E-012	4.7757E-012	4.7757E-012
5.5892E+024	9.5019E-012	4.7820E-012	4.7820E-012
5.6114E+024	9.5034E-012	4.7883E-012	4.7883E-012
5.6339E+024	9.5048E-012	4.7947E-012	4.7947E-012
5.6566E+024	9.5063E-012	4.8010E-012	4.8010E-012
5.6794E+024	9.5077E-012	4.8074E-012	4.8074E-012
5.7021E+024	9.5091E-012	4.8137E-012	4.8137E-012
5.7251E+024	9.5106E-012	4.8200E-012	4.8200E-012
5.7480E+024	9.5120E-012	4.8264E-012	4.8264E-012
5.7710E+024	9.5135E-012	4.8328E-012	4.8328E-012
5.7942E+024	9.5149E-012	4.8391E-012	4.8391E-012
5.8174E+024	9.5164E-012	4.8455E-012	4.8455E-012
5.8409E+024	9.5178E-012	4.8518E-012	4.8518E-012
5.8643E+024	9.5193E-012	4.8582E-012	4.8582E-012
5.8878E+024	9.5207E-012	4.8646E-012	4.8646E-012
5.9115E+024	9.5222E-012	4.8709E-012	4.8709E-012
5.9352E+024	9.5236E-012	4.8773E-012	4.8773E-012
5.9589E+024	9.5251E-012	4.8837E-012	4.8837E-012
5.9828E+024	9.5265E-012	4.8900E-012	4.8900E-012
6.0070E+024	9.5280E-012	4.8964E-012	4.8964E-012
6.0309E+024	9.5294E-012	4.9028E-012	4.9028E-012
6.0551E+024	9.5309E-012	4.9092E-012	4.9092E-012
6.0796E+024	9.5323E-012	4.9156E-012	4.9156E-012
6.1040E+024	9.5338E-012	4.9220E-012	4.9220E-012
6.1284E+024	9.5352E-012	4.9284E-012	4.9284E-012
6.1531E+024	9.5367E-012	4.9348E-012	4.9348E-012
6.1777E+024	9.5381E-012	4.9412E-012	4.9412E-012
6.2024E+024	9.5396E-012	4.9476E-012	4.9476E-012
6.2273E+024	9.5410E-012	4.9540E-012	4.9540E-012
6.2524E+024	9.5425E-012	4.9604E-012	4.9604E-012
6.2773E+024	9.5439E-012	4.9668E-012	4.9668E-012
6.3027E+024	9.5454E-012	4.9732E-012	4.9732E-012
6.3279E+024	9.5468E-012	4.9796E-012	4.9796E-012
6.3533E+024	9.5483E-012	4.9860E-012	4.9860E-012
6.3789E+024	9.5497E-012	4.9925E-012	4.9925E-012
6.4045E+024	9.5512E-012	4.9989E-012	4.9989E-012
6.4302E+024	9.5526E-012	5.0053E-012	5.0053E-012
6.4560E+024	9.5541E-012	5.0117E-012	5.0117E-012
6.4819E+024	9.5555E-012	5.0182E-012	5.0182E-012
6.5078E+024	9.5570E-012	5.0246E-012	5.0246E-012
6.5339E+024	9.5584E-012	5.0310E-012	5.0310E-012
6.5602E+024	9.5599E-012	5.0375E-012	5.0375E-012
6.5866E+024	9.5613E-012	5.0439E-012	5.0439E-012
6.6130E+024	9.5628E-012	5.0504E-012	5.0504E-012
6.6396E+024	9.5642E-012	5.0568E-012	5.0568E-012
6.6662E+024	9.5657E-012	5.0633E-012	5.0633E-012
6.6930E+024	9.5671E-012	5.0697E-012	5.0697E-012
6.7198E+024	9.5686E-012	5.0762E-012	5.0762E-012
6.7467E+024	9.5701E-012	5.0826E-012	5.0826E-012
6.7738E+024	9.5715E-012	5.0891E-012	5.0891E-012
6.8011E+024	9.5730E-012	5.0956E-012	5.0956E-012
6.8284E+024	9.5744E-012	5.1020E-012	5.1020E-012
6.8557E+024	9.5759E-012	5.1085E-012	5.1085E-012
6.8833E+024	9.5773E-012	5.1150E-012	5.1150E-012
6.9109E+024	9.5788E-012	5.1214E-012	5.1214E-012
6.9387E+024	9.5802E-012	5.1279E-012	5.1279E-012
6.9665E+024	9.5817E-012	5.1344E-012	5.1344E-012
6.9943E+024	9.5832E-012	5.1409E-012	5.1409E-012
7.0223E+024	9.5846E-012	5.1474E-012	5.1474E-012
7.0506E+024	9.5861E-012	5.1538E-012	5.1538E-012
7.0789E+024	9.5875E-012	5.1603E-012	5.1603E-012
7.1074E+024	9.5890E-012	5.1668E-012	5.1668E-012
7.1357E+024	9.5904E-012	5.1733E-012	5.1733E-012
7.1645E+024	9.5919E-012	5.1798E-012	5.1798E-012
7.1933E+024	9.5934E-012	5.1863E-012	5.1863E-012
7.2221E+024	9.5948E-012	5.1928E-012	5.1928E-012
7.2511E+024	9.5963E-012	5.1993E-012	5.1993E-012
7.2801E+024	9.5977E-012	5.2058E-012	5.2058E-012
7.3093E+024	9.5992E-012	5.2124E-012	5.2124E-012
7.3388E+024	9.6007E-012	5.2189E-012	5.2189E-012
7.3681E+024	9.6021E-012	5.2254E-012	5.2254E-012
7.3978E+024	9.6036E-012	5.2319E-012	5.2319E-012
7.4273E+024	9.6050E-012	5.2384E-012	5.2384E-012
7.4573E+024	9.6065E-012	5.2450E-012	5.2450E-012
7.4873E+024	9.6080E-012	5.2515E-012	5.2515E-012
7.5173E+024	9.6094E-012	5.2580E-012	5.2580E-012
7.5475E+024	9.6109E-012	5.2645E-012	5.2645E-012
7.5777E+024	9.6123E-012	5.2711E-012	5.2711E-012
7.6082E+024	9.6138E-012	5.2776E-012	5.2776E-012
7.6387E+024	9.6153E-012	5.2842E-012	5.2842E-012
7.6694E+024	9.6167E-012	5.2907E-012	5.2907E-012
7.7001E+024	9.6182E-012	5.2972E-012	5.2972E-012
7.7310E+024	9.6196E-012	5.3038E-012	5.3038E-012
7.7620E+024	9.6211E-012	5.3103E-012	5.3103E-012
7.7932E+024	9.6226E-012	5.3169E-012	5.3169E-012
7.8244E+024	9.6240E-012	5.3235E-012	5.3235E-012
7.8558E+024	9.6255E-012	5.3300E-012	5.3300E-012
7.8872E+024	9.6270E-012	5.3366E-012	5.3366E-012
7.9189E+024	9.6284E-012	5.3431E-012	5.3431E-012
7.9508E+024	9.6299E-012	5.3497E-012	5.3497E-012
7.9827E+024	9.6314E-012	5.3563E-012	5.3563E-012
8.0147E+024	9.6328E-012	5.3628E-012	5.3628E-012
8.0468E+024	9.6343E-012	5.3694E-012	5.3694E-012
8.0792E+024	9.6357E-012	5.3760E-012	5.3760E-012
8.1116E+024	9.6372E-012	5.3826E-012	5.3826E-012
8.1443E+024	9.6387E-012	5.3892E-012	5.3892E-012
8.1769E+024	9.6401E-012	5.3957E-012	5.3957E-012
8.2096E+024	9.6416E-012	5.4023E-012	5.4023E-012
8.2427E+024	9.6431E-012	5.4089E-012	5.4089E-012
8.2758E+024	9.6445E-012	5.4155E-012	5.4155E-012
8.3089E+024	9.6460E-012	5.4221E-012	5.4221E-012
8.3423E+024	9.6475E-012	5.4287E-012	5.4287E-012
8.3757E+024	9.6489E-012	5.4353E-012	5.4353E-012
8.4093E+024	9.6504E-012	5.4419E-012	5.4419E-012
8.4431E+024	9.6519E-012	5.4485E-012	5.4485E-012
8.4770E+024	9.6533E-012	5.4551E-012	5.4551E-012
8.5111E+024	9.6548E-012	5.4617E-012	5.4617E-012
8.5452E+024	9.6563E-012	5.4683E-012	5.4683E-012
8.5795E+024	9.6577E-012	5.4750E-012	5.4750E-012
8.6138E+024	9.6592E-012	5.4816E-012	5.4816E-012
8.6484E+024	9.6607E-012	5.4882E-012	5.4882E-012
8.6832E+024	9.6622E-012	5.4948E-012	5.4948E-012
8.7181E+024	9.6636E-012	5.5014E-012	5.5014E-012
8.7529E+024	9.6651E-012	5.5081E-012	5.5081E-012
8.7882E+024	9.6666E-012	5.5147E-012	5.5147E-012
8.8235E+024	9.6680E-012	5.5213E-012	5.5213E-012
8.8588E+024	9.6695E-012	5.5280E-012	5.5280E-012
8.8943E+024	9.6710E-012	5.5346E-012	5.5346E-012
8.9301E+024	9.6724E-012	5.5412E-012	5.5412E-012
8.9659E+024	9.6739E-012	5.5479E-012	5.5479E-012
9.0019E+024	9.6754E-012	5.5545E-012	5.5545E-012
9.0380E+024	9.6769E-012	5.5612E-012	5.5612E-012
9.0742E+024	9.6783E-012	5.5678E-012	5.5678E-012
9.1107E+024	9.6798E-012	5.5745E-012	5.5745E-012
9.1473E+024	9.6813E-012	5.5811E-012	5.5811E-012
9.1840E+024	9.6827E-012	5.5878E-012	5.5878E-012
9.2208E+024	9.6842E-012	5.5945E-012	5.5945E-012
9.2578E+024	9.6857E-012	5.6011E-012	5.6011E-012
9.2950E+024	9.6872E-012	5.6078E-012	5.6078E-012
9.3322E+024	9.6886E-012	5.6145E-012	5.6145E-012
9.3697E+024	9.6901E-012	5.6211E-012	5.6211E-012
9.4074E+024	9.6916E-012	5.6278E-012	5.6278E-012
9.4451E+024	9.6930E-012	5.6345E-012	5.6345E-012
9.4829E+024	9.6945E-012	5.6412E-012	5.6412E-012
9.5211E+024	9.6960E-012	5.6479E-012	5.6479E-012
9.5593E+024	9.6975E-012	5.6545E-012	5.6545E-012
9.5977E+024	9.6989E-012	5.6612E-012	5.6612E-012
9.6362E+024	9.7004E-012	5.6679E-012	5.6679E-012
9.6749E+024	9.7019E-012	5.6746E-012	5.6746E-012
9.7135E+024	9.7034E-012	5.6813E-012	5.6813E-012
9.7527E+024	9.7048E-012	5.6880E-012	5.6880E-012
9.7916E+024	9.7063E-012	5.6947E-012	5.6947E-012
9.8311E+024	9.7078E-012	5.7014E-012	5.7014E-012
9.8705E+024	9.7093E-012	5.7081E-012	5.7081E-012
9.9101E+024	9.7107E-012	5.7148E-012	5.7148E-012
9.9498E+024	9.7122E-012	5.7215E-012	5.7215E-012
9.9899E+024	9.7137E-012	5.7282E-012	5.7282E-012
1.0030E+025	9.7152E-012	5.7349E-012	5.7349E-012
1.0070E+025	9.7167E-012	5.7417E-012	5.7417E-012
1.0111E+025	9.7181E-012	5.7484E-012	5.7484E-012
1.0151E+025	9.7196E-012	5.7551E-012	5.7551E-012
1.0192E+025	9.7211E-012	5.7618E-012	5.7618E-012
1.0233E+025	9.7226E-012	5.7686E-012	5.7686E-012
1.0274E+025	9.7240E-012	5.7753E-012	5.7753E-012
1.0315E+025	9.7255E-012	5.7820E-012	5.7820E-012
1.0356E+025	9.7270E-012	5.7888E-012	5.7888E-012
1.0398E+025	9.7285E-012	5.7955E-012	5.7955E-012
1.0440E+025	9.7300E-012	5.8022E-012	5.8022E-012
1.0482E+025	9.7314E-012	5.8090E-012	5.8090E-012
1.0524E+025	9.7329E-012	5.8157E-012	5.8157E-012
1.0566E+025	9.7344E-012	5.8225E-012	5.8225E-012
1.0608E+025	9.7359E-012	5.8292E-012	5.8292E-012
1.0651E+025	9.7374E-012	5.8360E-012	5.8360E-012
1.0694E+025	9.7388E-012	5.8427E-012	5.8427E-012
1.0737E+025	9.7403E-012	5.8495E-012	5.8495E-012
1.0780E+025	9.7418E-012	5.8562E-012	5.8562E-012
1.0823E+025	9.7433E-012	5.8630E-012	5.8630E-012
1.0866E+025	9.7448E-012	5.8698E-012	5.8698E-012
1.0910E+025	9.7462E-012	5.8765E-012	5.8765E-012
1.0954E+025	9.7477E-012	5.8833E-012	5.8833E-012
1.0998E+025	9.7492E-012	5.8901E-012	5.8901E-012
1.1042E+025	9.7507E-012	5.8969E-012	5.8969E-012
1.1086E+025	9.7522E-012	5.9036E-012	5.9036E-012
1.1131E+025	9.7536E-012	5.9104E-012	5.9104E-012
1.1175E+025	9.7551E-012	5.9172E-012	5.9172E-012
1.1220E+025	9.7566E-012	5.9240E-012	5.9240E-012
1.1265E+025	9.7581E-012	5.9308E-012	5.9308E-012
1.1310E+025	9.7596E-012	5.9376E-012	5.9376E-012
1.1356E+025	9.7611E-012	5.9443E-012	5.9443E-012
1.1401E+025	9.7625E-012	5.9511E-012	5.9511E-012
1.1447E+025	9.7640E-012	5.9579E-012	5.9579E-012
1.1493E+025	9.7655E-012	5.9647E-012	5.9647E-012
1.1539E+025	9.7670E-012	5.9715E-012	5.9715E-012
1.1586E+025	9.7685E-012	5.9783E-012	5.9783E-012
1.1632E+025	9.7700E-012	5.9851E-012	5.9851E-012
1.1679E+025	9.7715E-012	5.9920E-012	5.9920E-012
1.1726E+025	9.7729E-012	5.9988E-012	5.9988E-012
1.1773E+025	9.7744E-012	6.0056E-012	6.0056E-012
1.1820E+025	9.7759E-012	6.0124E-012	6.0124E-012
1.1867E+025	9.7774E-012	6.0192E-012	6.0192E-012
1.1915E+025	9.7789E-012	6.0260E-012	6.0260E-012
1.1963E+025	9.7804E-012	6.0329E-012	6.0329E-012
1.2011E+025	9.7819E-012	6.0397E-012	6.0397E-012
1.2059E+025	9.7833E-012	6.0465E-012	6.0465E-012
1.2107E+025	9.7848E-012	6.0534E-012	6.0534E-012
1.2156E+025	9.7863E-012	6.0602E-012	6.0602E-012
1.2205E+025	9.7878E-012	6.0670E-012	6.0670E-012
1.2254E+025	9.7893E-012	6.0739E-012	6.0739E-012
1.2303E+025	9.7908E-012	6.0807E-012	6.0807E-012
1.2352E+025	9.7923E-012	6.0876E-012	6.0876E-012
1.2402E+025	9.7938E-012	6.0944E-012	6.0944E-012
1.2452E+025	9.7953E-012	6.1012E-012	6.1012E-012
1.2501E+025	9.7967E-012	6.1081E-012	6.1081E-012
1.2552E+025	9.7982E-012	6.1150E-012	6.1150E-012
1.2602E+025	9.7997E-012	6.1218E-012	6.1218E-012
1.2653E+025	9.8012E-012	6.1287E-012	6.1287E-012
1.2703E+025	9.8027E-012	6.1355E-012	6.1355E-012
1.2754E+025	9.8042E-012	6.1424E-012	6.1424E-012
1.2806E+025	9.8057E-012	6.1493E-012	6.1493E-012
1.2857E+025	9.8072E-012	6.1561E-012	6.1561E-012
1.2909E+025	9.8087E-012	6.1630E-012	6.1630E-012
1.2960E+025	9.8102E-012	6.1699E-012	6.1699E-012
1.3012E+025	9.8116E-012	6.1768E-012	6.1768E-012
1.3065E+025	9.8131E-012	6.1836E-012	6.1836E-012
1.3117E+025	9.8146E-012	6.1905E-012	6.1905E-012
1.3170E+025	9.8161E-012	6.1974E-012	6.1974E-012
1.3223E+025	9.8176E-012	6.2043E-012	6.2043E-012
1.3276E+025	9.8191E-012	6.2112E-012	6.2112E-012
1.3329E+025	9.8206E-012	6.2181E-012	6.2181E-012
1.3382E+025	9.8221E-012	6.2250E-012	6.2250E-012
1.3436E+025	9.8236E-012	6.2318E-012	6.2318E-012
1.3490E+025	9.8251E-012	6.2387E-012	6.2387E-012
1.3544E+025	9.8266E-012	6.2456E-012	6.2456E-012
1.3599E+025	9.8281E-012	6.2526E-012	6.2526E-012
1.3653E+025	9.8296E-012	6.2595E-012	6.2595E-012
1.3708E+025	9.8311E-012	6.2664E-012	6.2664E-012
1.3763E+025	9.8325E-012	6.2733E-012	6.2733E-012
1.3818E+025	9.8340E-012	6.2802E-012	6.2802E-012
1.3874E+025	9.8355E-012	6.2871E-012	6.2871E-012
1.3929E+025	9.8370E-012	6.2940E-012	6.2940E-012
1.3985E+025	9.8385E-012	6.3009E-012	6.3009E-012
1.4041E+025	9.8400E-012	6.3079E-012	6.3079E-012
1.4098E+025	9.8415E-012	6.3148E-012	6.3148E-012
1.4154E+025	9.8430E-012	6.3217E-012	6.3217E-012
1.4211E+025	9.8445E-012	6.3286E-012	6.3286E-012
1.4268E+025	9.8460E-012	6.3356E-012	6.3356E-012
1.4325E+025	9.8475E-012	6.3425E-012	6.3425E-012
1.4383E+025	9.8490E-012	6.3495E-012	6.3495E-012
1.4441E+025	9.8505E-012	6.3564E-012	6.3564E-012
1.4499E+025	9.8520E-012	6.3633E-012	6.3633E-012
1.4557E+025	9.8535E-012	6.3703E-012	6.3703E-012
1.4615E+025	9.8550E-012	6.3772E-012	6.3772E-012
1.4674E+025	9.8565E-012	6.3842E-012	6.3842E-012
1.4733E+025	9.8580E-012	6.3911E-012	6.3911E-012
1.4792E+025	9.8595E-012	6.3981E-012	6.3981E-012
1.4851E+025	9.8610E-012	6.4050E-012	6.4050E-012
1.4911E+025	9.8625E-012	6.4120E-012	6.4120E-012
1.4971E+025	9.8640E-012	6.4190E-012	6.4190E-012
1.5031E+025	9.8655E-012	6.4259E-012	6.4259E-012
1.5091E+025	9.8670E-012	6.4329E-012	6.4329E-012
1.5152E+025	9.8685E-012	6.4399E-012	6.4399E-012
1.5212E+025	9.8700E-012	6.4468E-012	6.4468E-012
1.5273E+025	9.8715E-012	6.4538E-012	6.4538E-012
1.5335E+025	9.8730E-012	6.4608E-012	6.4608E-012
1.5396E+025	9.8745E-012	6.4678E-012	6.4678E-012
1.5458E+025	9.8760E-012	6.4747E-012	6.4747E-012
1.5520E+025	9.8775E-012	6.4817E-012	6.4817E-012
1.5582E+025	9.8790E-012	6.4887E-012	6.4887E-012
1.5645E+025	9.8805E-012	6.4957E-012	6.4957E-012
1.5708E+025	9.8820E-012	6.5027E-012	6.5027E-012
1.5771E+025	9.8835E-012	6.5097E-012	6.5097E-012
1.5834E+025	9.8850E-012	6.5167E-012	6.5167E-012
1.5898E+025	9.8865E-012	6.5237E-012	6.5237E-012
1.5961E+025	9.8880E-012	6.5307E-012	6.5307E-012
1.6025E+025	9.8895E-012	6.5377E-012	6.5377E-012
1.6090E+025	9.8910E-012	6.5447E-012	6.5447E-012
1.6154E+025	9.8925E-012	6.5517E-012	6.5517E-012
1.6219E+025	9.8940E-012	6.5587E-012	6.5587E-012
1.6284E+025	9.8955E-012	6.5657E-012	6.5657E-012
1.6350E+025	9.8970E-012	6.5727E-012	6.5727E-012
1.6415E+025	9.8985E-012	6.5797E-012	6.5797E-012
1.6481E+025	9.9000E-012	6.5868E-012	6.5868E-012
1.6547E+025	9.9015E-012	6.5938E-012	6.5938E-012
1.6614E+025	9.9031E-012	6.6008E-012	6.6008E-012
1.6680E+025	9.9046E-012	6.6078E-012	6.6078E-012
1.6747E+025	9.9061E-012	6.6149E-012	6.6149E-012
1.6814E+025	9.9076E-012	6.6219E-012	6.6219E-012
1.6882E+025	9.9091E-012	6.6289E-012	6.6289E-012
1.6950E+025	9.9106E-012	6.6360E-012	6.6360E-012
1.7018E+025	9.9121E-012	6.6430E-012	6.6430E-012
1.7086E+025	9.9136E-012	6.6501E-012	6.6501E-012
1.7155E+025	9.9151E-012	6.6571E-012	6.6571E-012
1.7223E+025	9.9166E-012	6.6641E-012	6.6641E-012
1.7292E+025	9.9181E-012	6.6712E-012	6.6712E-012
1.7362E+025	9.9196E-012	6.6782E-012	6.6782E-012
1.7432E+025	9.9211E-012	6.6853E-012	6.6853E-012
1.7502E+025	9.9226E-012	6.6924E-012	6.6924E-012
1.7572E+025	9.9242E-012	6.6994E-012	6.6994E-012
1.7642E+025	9.9257E-012	6.7065E-012	6.7065E-012
1.7713E+025	9.9272E-012	6.7135E-012	6.7135E-012
1.7784E+025	9.9287E-012	6.7206E-012	6.7206E-012
1.7856E+025	9.9302E-012	6.7277E-012	6.7277E-012
1.7927E+025	9.9317E-012	6.7347E-012	6.7347E-012
1.7999E+025	9.9332E-012	6.7418E-012	6.7418E-012
1.8072E+025	9.9347E-012	6.7489E-012	6.7489E-012
1.8144E+025	9.9362E-012	6.7560E-012	6.7560E-012
1.8217E+025	9.9377E-012	6.7630E-012	6.7630E-012
1.8290E+025	9.9392E-012	6.7701E-012	6.7701E-012
1.8363E+025	9.9408E-012	6.7772E-012	6.7772E-012
1.8437E+025	9.9423E-012	6.7843E-012	6.7843E-012
1.8511E+025	9.9438E-012	6.7914E-012	6.7914E-012
1.8585E+025	9.9453E-012	6.7985E-012	6.7985E-012
1.8660E+025	9.9468E-012	6.8056E-012	6.8056E-012
1.8735E+025	9.9483E-012	6.8127E-012	6.8127E-012
1.8810E+025	9.9498E-012	6.8198E-012	6.8198E-012
1.8885E+025	9.9513E-012	6.8269E-012	6.8269E-012
1.8961E+025	9.9529E-012	6.8340E-012	6.8340E-012
1.9037E+025	9.9544E-012	6.8411E-012	6.8411E-012
1.9114E+025	9.9559E-012	6.8482E-012	6.8482E-012
1.9190E+025	9.9574E-012	6.8553E-012	6.8553E-012
1.9268E+025	9.9589E-012	6.8624E-012	6.8624E-012
1.9345E+025	9.9604E-012	6.8695E-012	6.8695E-012
1.9422E+025	9.9619E-012	6.8767E-012	6.8767E-012
1.9500E+025	9.9635E-012	6.8838E-012	6.8838E-012
1.9579E+025	9.9650E-012	6.8909E-012	6.8909E-012
1.9657E+025	9.9665E-012	6.8980E-012	6.8980E-012
1.9736E+025	9.9680E-012	6.9052E-012	6.9052E-012
1.9815E+025	9.9695E-012	6.9123E-012	6.9123E-012
1.9895E+025	9.9710E-012	6.9194E-012	6.9194E-012
1.9975E+025	9.9725E-012	6.9265E-012	6.9265E-012
2.0055E+025	9.9741E-012	6.9337E-012	6.9337E-012
2.0135E+025	9.9756E-012	6.9408E-012	6.9408E-012
2.0216E+025	9.9771E-012	6.9480E-012	6.9480E-012
2.0297E+025	9.9786E-012	6.9551E-012	6.9551E-012
2.0379E+025	9.9801E-012	6.9623E-012	6.9623E-012
2.0461E+025	9.9816E-012	6.9694E-012	6.9694E-012
2.0543E+025	9.9832E-012	6.9766E-012	6.9766E-012
2.0625E+025	9.9847E-012	6.9837E-012	6.9837E-012
2.0708E+025	9.9862E-012	6.9909E-012	6.9909E-012
2.0791E+025	9.9877E-012	6.9980E-012	6.9980E-012
2.0874E+025	9.9892E-012	7.0052E-012	7.0052E-012
2.0958E+025	9.9908E-012	7.0124E-012	7.0124E-012
2.1042E+025	9.9923E-012	7.0195E-012	7.0195E-012
2.1127E+025	9.9938E-012	7.0267E-012	7.0267E-012
2.1212E+025	9.9953E-012	7.0339E-012	7.0339E-012
2.1297E+025	9.9968E-012	7.0410E-012	7.0410E-012
2.1382E+025	9.9984E-012	7.0482E-012	7.0482E-012
2.1468E+025	9.9999E-012	7.0554E-012	7.0554E-012
2.1554E+025	1.0001E-011	7.0626E-012	7.0626E-012
2.1641E+025	1.0003E-011	7.0698E-012	7.0698E-012
2.1727E+025	1.0004E-011	7.0769E-012	7.0769E-012
2.1815E+025	1.0006E-011	7.0841E-012	7.0841E-012
2.1902E+025	1.0007E-011	7.0913E-012	7.0913E-012
2.1990E+025	1.0009E-011	7.0985E-012	7.0985E-012
2.2078E+025	1.0011E-011	7.1057E-012	7.1057E-012
2.2167E+025	1.0012E-011	7.1129E-012	7.1129E-012
2.2256E+025	1.0014E-011	7.1201E-012	7.1201E-012
2.2345E+025	1.0015E-011	7.1273E-012	7.1273E-012
2.2435E+025	1.0017E-011	7.1345E-012	7.1345E-012
2.2525E+025	1.0018E-011	7.1417E-012	7.1417E-012
2.2615E+025	1.0020E-011	7.1489E-012	7.1489E-012
2.2706E+025	1.0021E-011	7.1561E-012	7.1561E-012
2.2797E+025	1.0023E-011	7.1634E-012	7.1634E-012
2.2889E+025	1.0024E-011	7.1706E-012	7.1706E-012
2.2981E+025	1.0026E-011	7.1778E-012	7.1778E-012
2.3073E+025	1.0027E-011	7.1850E-012	7.1850E-012
2.3165E+025	1.0029E-011	7.1922E-012	7.1922E-012
2.3258E+025	1.0030E-011	7.1995E-012	7.1995E-012
2.3351E+025	1.0032E-011	7.2067E-012	7.2067E-012
2.3445E+025	1.0033E-011	7.2139E-012	7.2139E-012
2.3539E+025	1.0035E-011	7.2212E-012	7.2212E-012
2.3634E+025	1.0036E-011	7.2284E-012	7.2284E-012
2.3729E+025	1.0038E-011	7.2356E-012	7.2356E-012
2.3824E+025	1.0039E-011	7.2429E-012	7.2429E-012
2.3919E+025	1.0041E-011	7.2501E-012	7.2501E-012
2.4015E+025	1.0043E-011	7.2574E-012	7.2574E-012
2.4112E+025	1.0044E-011	7.2646E-012	7.2646E-012
2.4209E+025	1.0046E-011	7.2718E-012	7.2718E-012
2.4306E+025	1.0047E-011	7.2791E-012	7.2791E-012
2.4402E+025	1.0049E-011	7.2864E-012	7.2864E-012
2.4501E+025	1.0050E-011	7.2936E-012	7.2936E-012
2.4601E+025	1.0052E-011	7.3009E-012	7.3009E-012
2.4697E+025	1.0053E-011	7.3081E-012	7.3081E-012
2.4796E+025	1.0055E-011	7.3154E-012	7.3154E-012
2.4898E+025	1.0056E-011	7.3227E-012	7.3227E-012
2.4997E+025	1.0058E-011	7.3299E-012	7.3299E-012
2.5096E+025	1.0059E-011	7.3372E-012	7.3372E-012
2.5198E+025	1.0061E-011	7.3445E-012	7.3445E-012
2.5299E+025	1.0062E-011	7.3518E-012	7.3518E-012
2.5401E+025	1.0064E-011	7.3590E-012	7.3590E-012
2.5503E+025	1.0065E-011	7.3663E-012	7.3663E-012
2.5604E+025	1.0067E-011	7.3736E-012	7.3736E-012
2.5708E+025	1.0069E-011	7.3809E-012	7.3809E-012
2.5812E+025	1.0070E-011	7.3882E-012	7.3882E-012
2.5914E+025	1.0072E-011	7.3955E-012	7.3955E-012
2.6018E+025	1.0073E-011	7.4028E-012	7.4028E-012
2.6124E+025	1.0075E-011	7.4100E-012	7.4100E-012
2.6228E+025	1.0076E-011	7.4173E-012	7.4173E-012
2.6332E+025	1.0078E-011	7.4246E-012	7.4246E-012
2.6438E+025	1.0079E-011	7.4319E-012	7.4319E-012
2.6545E+025	1.0081E-011	7.4392E-012	7.4392E-012
2.6651E+025	1.0082E-011	7.4466E-012	7.4466E-012
2.6757E+025	1.0084E-011	7.4539E-012	7.4539E-012
2.6866E+025	1.0085E-011	7.4612E-012	7.4612E-012
2.6973E+025	1.0087E-011	7.4685E-012	7.4685E-012
2.7081E+025	1.0088E-011	7.4758E-012	7.4758E-012
2.7190E+025	1.0090E-011	7.4831E-012	7.4831E-012
2.7299E+025	1.0091E-011	7.4904E-012	7.4904E-012
2.7408E+025	1.0093E-011	7.4978E-012	7.4978E-012
2.7519E+025	1.0095E-011	7.5051E-012	7.5051E-012
2.7630E+025	1.0096E-011	7.5124E-012	7.5124E-012
2.7739E+025	1.0098E-011	7.5198E-012	7.5198E-012
2.7853E+025	1.0099E-011	7.5271E-012	7.5271E-012
2.7964E+025	1.0101E-011	7.5344E-012	7.5344E-012
2.8075E+025	1.0102E-011	7.5418E-012	7.5418E-012
2.8189E+025	1.0104E-011	7.5491E-012	7.5491E-012
2.8303E+025	1.0105E-011	7.5564E-012	7.5564E-012
2.8416E+025	1.0107E-011	7.5638E-012	7.5638E-012
2.8530E+025	1.0108E-011	7.5711E-012	7.5711E-012
2.8644E+025	1.0110E-011	7.5785E-012	7.5785E-012
2.8760E+025	1.0111E-011	7.5858E-012	7.5858E-012
2.8873E+025	1.0113E-011	7.5932E-012	7.5932E-012
2.8989E+025	1.0115E-011	7.6005E-012	7.6005E-012
2.9105E+025	1.0116E-011	7.6079E-012	7.6079E-012
2.9224E+025	1.0118E-011	7.6153E-012	7.6153E-012
2.9340E+025	1.0119E-011	7.6226E-012	7.6226E-012
2.9458E+025	1.0121E-011	7.6300E-012	7.6300E-012
2.9577E+025	1.0122E-011	7.6374E-012	7.6374E-012
2.9695E+025	1.0124E-011	7.6447E-012	7.6447E-012
2.9814E+025	1.0125E-011	7.6521E-012	7.6521E-012
2.9935E+025	1.0127E-011	7.6595E-012	7.6595E-012
3.0053E+025	1.0128E-011	7.6669E-012	7.6669E-012
3.0174E+025	1.0130E-011	7.6742E-012	7.6742E-012
3.0295E+025	1.0131E-011	7.6816E-012	7.6816E-012
3.0418E+025	1.0133E-011	7.6890E-012	7.6890E-012
3.0539E+025	1.0135E-011	7.6964E-012	7.6964E-012
3.0663E+025	1.0136E-011	7.7038E-012	7.7038E-012
3.0786E+025	1.0138E-011	7.7112E-012	7.7112E-012
3.0909E+025	1.0139E-011	7.7186E-012	7.7186E-012
3.1032E+025	1.0141E-011	7.7260E-012	7.7260E-012
3.1158E+025	1.0142E-011	7.7334E-012	7.7334E-012
3.1282E+025	1.0144E-011	7.7408E-012	7.7408E-012
3.1407E+025	1.0145E-011	7.7482E-012	7.7482E-012
3.1533E+025	1.0147E-011	7.7556E-012	7.7556E-012
3.1661E+025	1.0148E-011	7.7630E-012	7.7630E-012
3.1787E+025	1.0150E-011	7.7704E-012	7.7704E-012
3.1915E+025	1.0152E-011	7.7778E-012	7.7778E-012
3.2043E+025	1.0153E-011	7.7852E-012	7.7852E-012
3.2171E+025	1.0155E-011	7.7926E-012	7.7926E-012
3.2300E+025	1.0156E-011	7.8001E-012	7.8001E-012
3.2430E+025	1.0158E-011	7.8075E-012	7.8075E-012
3.2561E+025	1.0159E-011	7.8149E-012	7.8149E-012
3.2691E+025	1.0161E-011	7.8223E-012	7.8223E-012
3.2822E+025	1.0162E-011	7.8298E-012	7.8298E-012
3.2955E+025	1.0164E-011	7.8372E-012	7.8372E-012
3.3085E+025	1.0165E-011	7.8446E-012	7.8446E-012
3.3218E+025	1.0167E-011	7.8521E-012	7.8521E-012
3.3351E+025	1.0168E-011	7.8595E-012	7.8595E-012
3.3487E+025	1.0170E-011	7.8670E-012	7.8670E-012
3.3620E+025	1.0172E-011	7.8744E-012	7.8744E-012
3.3755E+025	1.0173E-011	7.8818E-012	7.8818E-012
3.3891E+025	1.0175E-011	7.8893E-012	7.8893E-012
3.4026E+025	1.0176E-011	7.8967E-012	7.8967E-012
3.4164E+025	1.0178E-011	7.9042E-012	7.9042E-012
3.4302E+025	1.0179E-011	7.9117E-012	7.9117E-012
3.4439E+025	1.0181E-011	7.9191E-012	7.9191E-012
3.4577E+025	1.0182E-011	7.9266E-012	7.9266E-012
3.4715E+025	1.0184E-011	7.9340E-012	7.9340E-012
3.4855E+025	1.0186E-011	7.9415E-012	7.9415E-012
3.4996E+025	1.0187E-011	7.9490E-012	7.9490E-012
3.5136E+025	1.0189E-011	7.9564E-012	7.9564E-012
3.5276E+025	1.0190E-011	7.9639E-012	7.9639E-012
3.5416E+025	1.0192E-011	7.9714E-012	7.9714E-012
3.5559E+025	1.0193E-011	7.9789E-012	7.9789E-012
3.5702E+025	1.0195E-011	7.9863E-012	7.9863E-012
3.5847E+025	1.0196E-011	7.9938E-012	7.9938E-012
3.5989E+025	1.0198E-011	8.0013E-012	8.0013E-012
3.6134E+025	1.0199E-011	8.0088E-012	8.0088E-012
3.6280E+025	1.0201E-011	8.0163E-012	8.0163E-012
3.6425E+025	1.0203E-011	8.0238E-012	8.0238E-012
3.6570E+025	1.0204E-011	8.0313E-012	8.0313E-012
3.6717E+025	1.0206E-011	8.0388E-012	8.0388E-012
3.6865E+025	1.0207E-011	8.0463E-012	8.0463E-012
3.7012E+025	1.0209E-011	8.0538E-012	8.0538E-012
3.7162E+025	1.0210E-011	8.0613E-012	8.0613E-012
3.7310E+025	1.0212E-011	8.0688E-012	8.0688E-012
3.7459E+025	1.0213E-011	8.0763E-012	8.0763E-012
3.7609E+025	1.0215E-011	8.0838E-012	8.0838E-012
3.7762E+025	1.0217E-011	8.0913E-012	8.0913E-012
3.7914E+025	1.0218E-011	8.0988E-012	8.0988E-012
3.8064E+025	1.0220E-011	8.1063E-012	8.1063E-012
3.8219E+025	1.0221E-011	8.1139E-012	8.1139E-012
3.8371E+025	1.0223E-011	8.1214E-012	8.1214E-012
3.8526E+025	1.0224E-011	8.1289E-012	8.1289E-012
3.8681E+025	1.0226E-011	8.1364E-012	8.1364E-012
3.8835E+025	1.0227E-011	8.1440E-012	8.1440E-012
3.8990E+025	1.0229E-011	8.1515E-012	8.1515E-012
3.9147E+025	1.0231E-011	8.1590E-012	8.1590E-012
3.9304E+025	1.0232E-011	8.1666E-012	8.1666E-012
3.9462E+025	1.0234E-011	8.1741E-012	8.1741E-012
3.9621E+025	1.0235E-011	8.1816E-012	8.1816E-012
3.9781E+025	1.0237E-011	8.1892E-012	8.1892E-012
3.9940E+025	1.0238E-011	8.1967E-012	8.1967E-012
4.0100E+025	1.0240E-011	8.2043E-012	8.2043E-012
4.0260E+025	1.0241E-011	8.2118E-012	8.2118E-012
4.0422E+025	1.0243E-011	8.2194E-012	8.2194E-012
4.0584E+025	1.0245E-011	8.2269E-012	8.2269E-012
4.0748E+025	1.0246E-011	8.2345E-012	8.2345E-012
4.0910E+025	1.0248E-011	8.2421E-012	8.2421E-012
4.1074E+025	1.0249E-011	8.2496E-012	8.2496E-012
4.1239E+025	1.0251E-011	8.2572E-012	8.2572E-012
4.1406E+025	1.0252E-011	8.2647E-012	8.2647E-012
4.1572E+025	1.0254E-011	8.2723E-012	8.2723E-012
4.1739E+025	1.0255E-011	8.2799E-012	8.2799E-012
4.1906E+025	1.0257E-011	8.2875E-012	8.2875E-012
4.2073E+025	1.0259E-011	8.2950E-012	8.2950E-012
4.2242E+025	1.0260E-011	8.3026E-012	8.3026E-012
4.2412E+025	1.0262E-011	8.3102E-012	8.3102E-012
4.2583E+025	1.0263E-011	8.3178E-012	8.3178E-012
4.2752E+025	1.0265E-011	8.3254E-012	8.3254E-012
4.2924E+025	1.0266E-011	8.3330E-012	8.3330E-012
4.3098E+025	1.0268E-011	8.3405E-012	8.3405E-012
4.3270E+025	1.0269E-011	8.3481E-012	8.3481E-012
4.3444E+025	1.0271E-011	8.3557E-012	8.3557E-012
4.3618E+025	1.0273E-011	8.3633E-012	8.3633E-012
4.3792E+025	1.0274E-011	8.3709E-012	8.3709E-012
4.3969E+025	1.0276E-011	8.3785E-012	8.3785E-012
4.4145E+025	1.0277E-011	8.3861E-012	8.3861E-012
4.4322E+025	1.0279E-011	8.3937E-012	8.3937E-012
4.4501E+025	1.0280E-011	8.4014E-012	8.4014E-012
4.4680E+025	1.0282E-011	8.4090E-012	8.4090E-012
4.4859E+025	1.0284E-011	8.4166E-012	8.4166E-012
4.5037E+025	1.0285E-011	8.4242E-012	8.4242E-012
4.5219E+025	1.0287E-011	8.4318E-012	8.4318E-012
4.5400E+025	1.0288E-011	8.4394E-012	8.4394E-012
4.5584E+025	1.0290E-011	8.4471E-012	8.4471E-012
4.5765E+025	1.0291E-011	8.4547E-012	8.4547E-012
4.5949E+025	1.0293E-011	8.4623E-012	8.4623E-012
4.6133E+025	1.0294E-011	8.4699E-012	8.4699E-012
4.6319E+025	1.0296E-011	8.4776E-012	8.4776E-012
4.6505E+025	1.0298E-011	8.4852E-012	8.4852E-012
4.6691E+025	1.0299E-011	8.4929E-012	8.4929E-012
4.6880E+025	1.0301E-011	8.5005E-012	8.5005E-012
4.7066E+025	1.0302E-011	8.5081E-012	8.5081E-012
4.7255E+025	1.0304E-011	8.5158E-012	8.5158E-012
4.7446E+025	1.0305E-011	8.5234E-012	8.5234E-012
4.7637E+025	1.0307E-011	8.5311E-012	8.5311E-012
4.7828E+025	1.0309E-011	8.5387E-012	8.5387E-012
4.8019E+025	1.0310E-011	8.5464E-012	8.5464E-012
4.8212E+025	1.0312E-011	8.5540E-012	8.5540E-012
4.8406E+025	1.0313E-011	8.5617E-012	8.5617E-012
4.8599E+025	1.0315E-011	8.5694E-012	8.5694E-012
4.8795E+025	1.0316E-011	8.5770E-012	8.5770E-012
4.8991E+025	1.0318E-011	8.5847E-012	8.5847E-012
4.9187E+025	1.0320E-011	8.5924E-012	8.5924E-012
4.9385E+025	1.0321E-011	8.6000E-012	8.6000E-012
4.9583E+025	1.0323E-011	8.6077E-012	8.6077E-012
4.9782E+025	1.0324E-011	8.6154E-012	8.6154E-012
4.9982E+025	1.0326E-011	8.6231E-012	8.6231E-012
5.0183E+025	1.0327E-011	8.6307E-012	8.6307E-012
5.0384E+025	1.0329E-011	8.6384E-012	8.6384E-012
5.0587E+025	1.0331E-011	8.6461E-012	8.6461E-012
5.0787E+025	1.0332E-011	8.6538E-012	8.6538E-012
5.0993E+025	1.0334E-011	8.6615E-012	8.6615E-012
5.1196E+025	1.0335E-011	8.6692E-012	8.6692E-012
5.1402E+025	1.0337E-011	8.6769E-012	8.6769E-012
5.1610E+025	1.0338E-011	8.6846E-012	8.6846E-012
5.1815E+025	1.0340E-011	8.6923E-012	8.6923E-012
5.2023E+025	1.0342E-011	8.7000E-012	8.7000E-012
5.2233E+025	1.0343E-011	8.7077E-012	8.7077E-012
5.2441E+025	1.0345E-011	8.7154E-012	8.7154E-012
5.2652E+025	1.0346E-011	8.7231E-012	8.7231E-012
5.2864E+025	1.0348E-011	8.7308E-012	8.7308E-012
5.3077E+025	1.0349E-011	8.7385E-012	8.7385E-012
5.3290E+025	1.0351E-011	8.7462E-012	8.7462E-012
5.3503E+025	1.0353E-011	8.7539E-012	8.7539E-012
5.3718E+025	1.0354E-011	8.7617E-012	8.7617E-012
5.3933E+025	1.0356E-011	8.7694E-012	8.7694E-012
5.4151E+025	1.0357E-011	8.7771E-012	8.7771E-012
5.4366E+025	1.0359E-011	8.7848E-012	8.7848E-012
5.4586E+025	1.0360E-011	8.7926E-012	8.7926E-012
5.4804E+025	1.0362E-011	8.8003E-012	8.8003E-012
5.5024E+025	1.0364E-011	8.8080E-012	8.8080E-012
5.5246E+025	1.0365E-011	8.8158E-012	8.8158E-012
5.5466E+025	1.0367E-011	8.8235E-012	8.8235E-012
5.5689E+025	1.0368E-011	8.8313E-012	8.8313E-012
5.5914E+025	1.0370E-011	8.8390E-012	8.8390E-012
5.6138E+025	1.0371E-011	8.8467E-012	8.8467E-012
5.6363E+025	1.0373E-011	8.8545E-012	8.8545E-012
5.6588E+025	1.0375E-011	8.8622E-012	8.8622E-012
5.6815E+025	1.0376E-011	8.8700E-012	8.8700E-012
5.7043E+025	1.0378E-011	8.8778E-012	8.8778E-012
5.7272E+025	1.0379E-011	8.8855E-012	8.8855E-012
5.7502E+025	1.0381E-011	8.8933E-012	8.8933E-012
5.7734E+025	1.0382E-011	8.9010E-012	8.9010E-012
5.7964E+025	1.0384E-011	8.9088E-012	8.9088E-012
5.8199E+025	1.0386E-011	8.9166E-012	8.9166E-012
5.8431E+025	1.0387E-011	8.9243E-012	8.9243E-012
5.8665E+025	1.0389E-011	8.9321E-012	8.9321E-012
5.8902E+025	1.0390E-011	8.9399E-012	8.9399E-012
5.9137E+025	1.0392E-011	8.9477E-012	8.9477E-012
5.9376E+025	1.0394E-011	8.9554E-012	8.9554E-012
5.9613E+025	1.0395E-011	8.9632E-012	8.9632E-012
5.9852E+025	1.0397E-011	8.9710E-012	8.9710E-012
6.0092E+025	1.0398E-011	8.9788E-012	8.9788E-012
6.0334E+025	1.0400E-011	8.9866E-012	8.9866E-012
6.0575E+025	1.0401E-011	8.9944E-012	8.9944E-012
6.0820E+025	1.0403E-011	9.0022E-012	9.0022E-012
6.1064E+025	1.0405E-011	9.0100E-012	9.0100E-012
6.1308E+025	1.0406E-011	9.0178E-012	9.0178E-012
6.1555E+025	1.0408E-011	9.0256E-012	9.0256E-012
6.1801E+025	1.0409E-011	9.0334E-012	9.0334E-012
6.2050E+025	1.0411E-011	9.0412E-012	9.0412E-012
6.2299E+025	1.0413E-011	9.0490E-012	9.0490E-012
6.2549E+025	1.0414E-011	9.0568E-012	9.0568E-012
6.2800E+025	1.0416E-011	9.0646E-012	9.0646E-012
6.3051E+025	1.0417E-011	9.0724E-012	9.0724E-012
6.3305E+025	1.0419E-011	9.0802E-012	9.0802E-012
6.3559E+025	1.0420E-011	9.0881E-012	9.0881E-012
6.3813E+025	1.0422E-011	9.0959E-012	9.0959E-012
6.4069E+025	1.0424E-011	9.1037E-012	9.1037E-012
6.4326E+025	1.0425E-011	9.1115E-012	9.1115E-012
6.4584E+025	1.0427E-011	9.1194E-012	9.1194E-012
6.4843E+025	1.0428E-011	9.1272E-012	9.1272E-012
6.5104E+025	1.0430E-011	9.1350E-012	9.1350E-012
6.5366E+025	1.0432E-011	9.1429E-012	9.1429E-012
6.5629E+025	1.0433E-011	9.1507E-012	9.1507E-012
6.5893E+025	1.0435E-011	9.1586E-012	9.1586E-012
6.6156E+025	1.0436E-011	9.1664E-012	9.1664E-012
6.6422E+025	1.0438E-011	9.1742E-012	9.1742E-012
6.6688E+025	1.0439E-011	9.1821E-012	9.1821E-012
6.6957E+025	1.0441E-011	9.1899E-012	9.1899E-012
6.7225E+025	1.0443E-011	9.1978E-012	9.1978E-012
6.7493E+025	1.0444E-011	9.2057E-012	9.2057E-012
6.7764E+025	1.0446E-011	9.2135E-012	9.2135E-012
6.8037E+025	1.0447E-011	9.2214E-012	9.2214E-012
6.8311E+025	1.0449E-011	9.2292E-012	9.2292E-012
6.8584E+025	1.0451E-011	9.2371E-012	9.2371E-012
6.8859E+025	1.0452E-011	9.2450E-012	9.2450E-012
6.9135E+025	1.0454E-011	9.2528E-012	9.2528E-012
6.9413E+025	1.0455E-011	9.2607E-012	9.2607E-012
6.9691E+025	1.0457E-011	9.2686E-012	9.2686E-012
6.9972E+025	1.0459E-011	9.2765E-012	9.2765E-012
7.0252E+025	1.0460E-011	9.2843E-012	9.2843E-012
7.0535E+025	1.0462E-011	9.2922E-012	9.2922E-012
7.0818E+025	1.0463E-011	9.3001E-012	9.3001E-012
7.1101E+025	1.0465E-011	9.3080E-012	9.3080E-012
7.1386E+025	1.0466E-011	9.3159E-012	9.3159E-012
7.1674E+025	1.0468E-011	9.3238E-012	9.3238E-012
7.1962E+025	1.0470E-011	9.3317E-012	9.3317E-012
7.2250E+025	1.05E-11	9.34E-12	9.34E-12
7.2540E+025	1.05E-11	9.35E-12	9.35E-12