!E(eV)		F(ergcm-2s-1)	delta e(-)	delta e(+)	delta F(-)	delta F(+)	Observatory
6.2035E-05      1.4425e-12      0.0000E+00      0.0000E+00      1.7835e-14      1.7835e-14      OVRO
6.328E-05       4.4E-13         0.0000E+00      0.0000E+00      2.5E-13         2.5E-13         MOJAVE_core
1.7783E-04      1.2122E-12      0.0000E+00      0.0000E+00      6.751E-14       6.751E-14       43GHz_core
1.8840E+00	3.881E-11	0.0000E+00	0.0000E+00	3.251E-12	3.251E-12	Rband
2.8230E+00	3.8560E-11	0.0000E+00	0.0000E+00	5.2110E-12	5.2110E-12	UVOT
2.2670E+00	3.9000E-11	0.0000E+00	0.0000E+00	6.8350E-12	6.8350E-12	UVOT
3.5780E+00	3.8270E-11	0.0000E+00	0.0000E+00	5.4260E-12	5.4260E-12	UVOT
4.7690E+00	3.0750E-11	0.0000E+00	0.0000E+00	4.1860E-12	4.1860E-12	UVOT
6.4310E+00	2.9510E-11	0.0000E+00	0.0000E+00	4.5630E-12	4.5630E-12	UVOT
5.5200E+00	3.1310E-11	0.0000E+00	0.0000E+00	4.7840E-12	4.7840E-12	UVOT
3.4500E+02	7.2759E-12	4.5000E+01	4.5000E+01	4.2639E-13	4.2639E-13	XRT
4.0500E+02	7.8450E-12	1.5000E+01	1.5000E+01	5.6859E-13	5.6859E-13	XRT
4.3500E+02	6.8626E-12	1.5000E+01	1.5000E+01	5.2783E-13	5.2783E-13	XRT
4.7000E+02	6.4927E-12	2.0000E+01	2.0000E+01	4.7613E-13	4.7613E-13	XRT
5.1000E+02	6.3251E-12	2.0000E+01	2.0000E+01	5.3200E-13	5.3200E-13	XRT
5.6000E+02	6.1116E-12	3.0000E+01	3.0000E+01	4.6922E-13	4.6922E-13	XRT
6.2500E+02	6.0304E-12	3.5000E+01	3.5000E+01	4.5928E-13	4.5928E-13	XRT
6.8000E+02	7.0177E-12	2.0000E+01	2.0000E+01	5.4355E-13	5.4355E-13	XRT
7.2500E+02	5.7055E-12	2.5000E+01	2.5000E+01	4.5122E-13	4.5122E-13	XRT
7.7000E+02	6.5292E-12	2.0000E+01	2.0000E+01	4.8755E-13	4.8755E-13	XRT
8.1500E+02	4.5789E-12	2.5000E+01	2.5000E+01	3.9727E-13	3.9727E-13	XRT
8.6000E+02	5.1046E-12	2.0000E+01	2.0000E+01	4.4879E-13	4.4879E-13	XRT
9.0000E+02	4.8329E-12	2.0000E+01	2.0000E+01	4.0504E-13	4.0504E-13	XRT
9.3500E+02	5.8485E-12	1.5000E+01	1.5000E+01	4.6339E-13	4.6339E-13	XRT
9.6500E+02	4.9312E-12	1.5000E+01	1.5000E+01	4.2865E-13	4.2865E-13	XRT
9.9500E+02	4.6026E-12	1.5000E+01	1.5000E+01	4.2427E-13	4.2427E-13	XRT
1.0250E+03	4.3464E-12	1.5000E+01	1.5000E+01	4.1147E-13	4.1147E-13	XRT
1.0550E+03	4.7352E-12	1.5000E+01	1.5000E+01	4.1794E-13	4.1794E-13	XRT
1.0850E+03	5.2268E-12	1.5000E+01	1.5000E+01	4.3630E-13	4.3630E-13	XRT
1.1150E+03	3.9321E-12	1.5000E+01	1.5000E+01	3.8350E-13	3.8350E-13	XRT
1.1500E+03	3.7802E-12	2.0000E+01	2.0000E+01	3.4887E-13	3.4887E-13	XRT
1.1850E+03	4.3795E-12	1.5000E+01	1.5000E+01	4.0174E-13	4.0174E-13	XRT
1.2150E+03	4.6159E-12	1.5000E+01	1.5000E+01	4.3788E-13	4.3788E-13	XRT
1.2450E+03	4.4651E-12	1.5000E+01	1.5000E+01	4.2822E-13	4.2822E-13	XRT
1.2800E+03	3.8877E-12	2.0000E+01	2.0000E+01	3.5726E-13	3.5726E-13	XRT
1.3200E+03	3.9984E-12	2.0000E+01	2.0000E+01	3.6349E-13	3.6349E-13	XRT
1.3600E+03	3.5451E-12	2.0000E+01	2.0000E+01	3.4675E-13	3.4675E-13	XRT
1.4000E+03	3.8523E-12	2.0000E+01	2.0000E+01	3.6771E-13	3.6771E-13	XRT
1.4400E+03	3.7929E-12	2.0000E+01	2.0000E+01	3.7343E-13	3.7343E-13	XRT
1.4850E+03	3.7232E-12	2.5000E+01	2.5000E+01	3.5308E-13	3.5308E-13	XRT
1.5300E+03	4.5153E-12	2.0000E+01	2.0000E+01	4.3420E-13	4.3420E-13	XRT
1.5750E+03	4.2141E-12	2.5000E+01	2.5000E+01	3.9321E-13	3.9321E-13	XRT
1.6200E+03	5.2191E-12	2.0000E+01	2.0000E+01	5.2091E-13	5.2091E-13	XRT
1.6650E+03	4.6581E-12	2.5000E+01	2.5000E+01	4.5310E-13	4.5310E-13	XRT
1.7200E+03	4.1552E-12	3.0000E+01	3.0000E+01	4.1841E-13	4.1841E-13	XRT
1.7850E+03	3.8705E-12	3.5000E+01	3.5000E+01	3.7517E-13	3.7517E-13	XRT
1.8700E+03	3.5661E-12	5.0000E+01	5.0000E+01	3.3470E-13	3.3470E-13	XRT
1.9750E+03	3.7957E-12	5.5000E+01	5.5000E+01	3.5095E-13	3.5095E-13	XRT
2.0800E+03	4.3442E-12	5.0000E+01	5.0000E+01	4.1585E-13	4.1585E-13	XRT
2.2050E+03	3.5569E-12	7.5000E+01	7.5000E+01	3.3424E-13	3.3424E-13	XRT
2.3700E+03	3.9368E-12	9.0000E+01	9.0000E+01	3.8433E-13	3.8433E-13	XRT
2.5950E+03	3.4052E-12	1.3500E+02	1.3500E+02	3.2294E-13	3.2294E-13	XRT
2.8750E+03	3.4351E-12	1.4500E+02	1.4500E+02	3.2930E-13	3.2930E-13	XRT
3.1650E+03	3.7067E-12	1.4500E+02	1.4500E+02	3.6802E-13	3.6802E-13	XRT
3.4500E+03	4.3648E-12	1.4000E+02	1.4000E+02	4.3244E-13	4.3244E-13	XRT
3.8800E+03	2.8890E-12	2.9000E+02	2.9000E+02	2.8032E-13	2.8032E-13	XRT
4.4600E+03	3.8170E-12	2.9000E+02	2.9000E+02	3.8666E-13	3.8666E-13	XRT
5.3550E+03	3.5319E-12	6.0500E+02	6.0500E+02	3.5911E-13	3.5911E-13	XRT
7.4000E+03	2.2933E-12	1.4400E+03	1.4400E+03	6.0830E-13	6.0830E-13	XRT
2.2270E+08	1.3082E-11	1.2270E+08	2.7324E+08	2.5438E-12	2.7542E-12	Fermi_2021_03_updated
1.1044E+09	1.1409E-11	6.0849E+08	1.3551E+09	2.0169E-12	2.2724E-12	Fermi_2021_03_updated
5.4772E+09	8.0653E-12	3.0177E+09	6.7203E+09	3.3124E-12	4.1072E-12	Fermi_2021_03_updated
2.7163E+10	2.5040E-11	1.4966E+10	3.3328E+10	1.1156E-11	1.4669E-11	Fermi_2021_03_updated
1.3471E+11	2.9914E-11	7.4221E+10	1.6529E+11	2.6020E-11	4.3703E-11	Fermi_2021_03_updated
1.3335E+11	5.44E-12	1.7017E+10	2.5137E+10	0.00E+00	0.00E+00	VERITAS_2021_03_updated
1.8836E+11	1.55E-12	2.9876E+10	3.5507E+10	6.22E-13	6.39E-13	VERITAS_2021_03_updated
2.6607E+11	9.86E-13	4.2200E+10	5.0155E+10	4.55E-13	4.69E-13	VERITAS_2021_03_updated
3.7584E+11	1.19E-12	5.9610E+10	7.0846E+10	3.48E-13	3.65E-13	VERITAS_2021_03_updated
5.3088E+11	7.24E-13	8.4201E+10	1.0007E+11	0.00E+00	0.00E+00	VERITAS_2021_03_updated
7.4989E+11	6.00E-21	1.1894E+11	1.4136E+11	0.00E+00	0.00E+00	VERITAS_2021_03_updated
