!E(eV)		F(ergcm-2s-1)	delta e(-)	delta e(+)	delta F(-)	delta F(+)	Observatory
3.0604E-07	4.5880E-16	0.0000E+00	0.0000E+00	5.9200E-17	5.9200E-17	VLSS
6.2035E-05      1.2079E-12      0.0000E+00      0.0000E+00      6.4165E-14      6.4165E-14      OVRO
6.328E-5        4.4E-13         0.0000E+00      0.0000E+00      2.5E-13         2.5E-13         MOJAVE_core
1.1146E-05	5.7673E-14	0.0000E+00	0.0000E+00	2.9645E-15	2.9645E-15	KUEHR
1.1146E-05	5.0397E-14	0.0000E+00	0.0000E+00	1.8865E-15	1.8865E-15	KUEHR
3.7221E-04	1.9260E-12	0.0000E+00	0.0000E+00	2.2500E-13	2.2500E-13	KUEHR
1.1146E-05	9.7559E-14	0.0000E+00	0.0000E+00	3.5035E-15	3.5035E-15	KUEHR
1.1166E-05	9.2340E-14	0.0000E+00	0.0000E+00	3.2400E-15	3.2400E-15	KUEHR
1.8962E-05	7.9779E-14	0.0000E+00	0.0000E+00	4.1265E-15	4.1265E-15	KUEHR
2.0716E-05	1.3474E-13	0.0000E+00	0.0000E+00	5.0090E-15	5.0090E-15	KUEHR
2.0203E-05	1.4948E-13	0.0000E+00	0.0000E+00	7.3275E-15	7.3275E-15	KUEHR
2.0678E-05	1.3050E-13	0.0000E+00	0.0000E+00	1.0000E-15	1.0000E-15	KUEHR
3.3437E-05	3.1208E-13	0.0000E+00	0.0000E+00	1.5362E-14	1.5362E-14	KUEHR
3.7056E-04	3.0822E-12	0.0000E+00	0.0000E+00	2.3296E-13	2.3296E-13	KUEHR
2.7295E-05	4.9236E-13	0.0000E+00	0.0000E+00	1.2540E-14	1.2540E-14	KUEHR
2.7295E-05	2.0592E-13	0.0000E+00	0.0000E+00	7.9200E-15	7.9200E-15	KUEHR
1.5095E-06	3.1390E-15	0.0000E+00	0.0000E+00	4.0150E-16	4.0150E-16	KUEHR
2.5062E-06	4.7874E-15	0.0000E+00	0.0000E+00	4.2420E-16	4.2420E-16	KUEHR
3.1018E-06	1.0650E-14	0.0000E+00	0.0000E+00	7.5000E-16	7.5000E-16	KUEHR
5.7031E-06	2.0133E-14	0.0000E+00	0.0000E+00	9.6530E-16	9.6530E-16	KUEHR
5.8313E-06	3.0456E-14	0.0000E+00	0.0000E+00	1.4100E-16	1.4100E-16	KUEHR
1.6874E-06	5.0592E-15	0.0000E+00	0.0000E+00	8.5680E-16	8.5680E-16	KUEHR
1.1146E-05	3.2340E-14	0.0000E+00	0.0000E+00	2.1560E-15	2.1560E-15	KUEHR
1.5095E-06	3.1025E-15	0.0000E+00	0.0000E+00	5.1100E-16	5.1100E-16	KUEHR
3.7221E-04	2.3760E-12	0.0000E+00	0.0000E+00	2.6100E-13	2.6100E-13	KUEHR
1.3151E-06	4.0386E-15	0.0000E+00	0.0000E+00	5.0880E-16	5.0880E-16	KUEHR
6.1373E-06	2.5376E-14	0.0000E+00	0.0000E+00	1.3356E-15	1.3356E-15	KUEHR
6.9066E-06	2.0875E-14	0.0000E+00	0.0000E+00	1.5030E-15	1.5030E-15	KUEHR
6.9066E-06	6.3460E-14	0.0000E+00	0.0000E+00	5.8450E-15	5.8450E-15	KUEHR
1.7783E-06	5.5040E-15	0.0000E+00	0.0000E+00	3.4400E-16	3.4400E-16	KUEHR
3.3437E-05	2.5629E-13	0.0000E+00	0.0000E+00	1.1319E-14	1.1319E-14	KUEHR
1.2986E-04	1.7396E-12	0.0000E+00	0.0000E+00	1.0362E-13	1.0362E-13	KUEHR
1.2986E-04	1.4130E-12	0.0000E+00	0.0000E+00	1.4130E-13	1.4130E-13	KUEHR
1.2986E-04	1.0645E-12	0.0000E+00	0.0000E+00	9.7340E-14	9.7340E-14	KUEHR
9.1729E-05	6.2118E-13	0.0000E+00	0.0000E+00	9.5396E-14	9.5396E-14	KUEHR
9.0985E-05	1.8920E-12	0.0000E+00	0.0000E+00	6.6000E-14	6.6000E-14	KUEHR
3.7221E-04	3.8700E-12	0.0000E+00	0.0000E+00	4.2300E-13	4.2300E-13	KUEHR
3.3437E-05	5.3604E-13	0.0000E+00	0.0000E+00	2.0212E-14	2.0212E-14	KUEHR
4.3425E-05	9.6915E-13	0.0000E+00	0.0000E+00	1.5750E-14	1.5750E-14	KUEHR
4.3425E-05	1.9740E-13	0.0000E+00	0.0000E+00	7.3500E-15	7.3500E-15	KUEHR
4.4252E-05	3.7753E-13	0.0000E+00	0.0000E+00	2.1390E-15	2.1390E-15	KUEHR
6.2283E-05	3.0429E-13	0.0000E+00	0.0000E+00	1.6570E-14	1.6570E-14	KUEHR
9.0985E-05	3.8280E-13	0.0000E+00	0.0000E+00	2.2000E-14	2.2000E-14	KUEHR
6.2035E-05	7.0800E-13	0.0000E+00	0.0000E+00	3.6000E-14	3.6000E-14	KUEHR
1.1745E-04	1.6706E-12	0.0000E+00	0.0000E+00	2.6466E-14	2.6466E-14	Planck_PCCS
1.8238E-04	2.4997E-12	0.0000E+00	0.0000E+00	7.0311E-14	7.0311E-14	Planck_PCCS
2.9115E-04	3.6862E-12	0.0000E+00	0.0000E+00	7.7794E-14	7.7794E-14	Planck_PCCS
4.1357E-04	5.7386E-12	0.0000E+00	0.0000E+00	6.8824E-14	6.8824E-14	Planck_PCCS
5.9140E-04	7.5861E-12	0.0000E+00	0.0000E+00	7.1796E-14	7.1796E-14	Planck_PCCS
8.9744E-04	9.3745E-12	0.0000E+00	0.0000E+00	8.7886E-14	8.7886E-14	Planck_PCCS
1.4599E-03	1.3463E-11	0.0000E+00	0.0000E+00	4.1806E-13	4.1806E-13	Planck_PCCS
2.2539E-03	1.4662E-11	0.0000E+00	0.0000E+00	9.7057E-13	9.7057E-13	Planck_PCCS
3.5443E-03	2.0287E-11	0.0000E+00	0.0000E+00	2.9360E-12	2.9360E-12	Planck_PCCS
1.8840E+00	3.7130E-11	0.0000E+00	0.0000E+00	9.8240E-13	9.8240E-13	Rband
2.8230E+00	3.2950E-11	0.0000E+00	0.0000E+00	2.1800E-12	2.1800E-12	UVOT
2.2670E+00	3.5390E-11	0.0000E+00	0.0000E+00	3.0000E-12	3.0000E-12	UVOT
3.5780E+00	3.1490E-11	0.0000E+00	0.0000E+00	2.2120E-12	2.2120E-12	UVOT
4.7690E+00	2.4580E-11	0.0000E+00	0.0000E+00	1.6340E-12	1.6340E-12	UVOT
6.4310E+00	2.2810E-11	0.0000E+00	0.0000E+00	1.3780E-12	1.3780E-12	UVOT
5.5200E+00	2.4330E-11	0.0000E+00	0.0000E+00	1.7090E-12	1.7090E-12	UVOT
350.000008941 	4.8111e-12 	49.9999970198 	49.9999970198 	6.8444e-13 	6.8444e-13 	Swift_XRT
450.00000298 	5.0618e-12 	49.9999970198 	49.9999970198 	4.8803e-13 	4.8803e-13 	Swift_XRT
555.000007153 	2.9945e-12 	55.0000071526 	55.0000071526 	5.6476e-13 	5.6476e-13 	Swift_XRT
670.000016689 	3.5494e-12 	60.0000023842 	60.0000023842 	5.6655e-13 	5.6655e-13 	Swift_XRT
810.000002384 	2.8145e-12 	79.9999833107 	79.9999833107 	3.9787e-13 	3.9787e-13 	Swift_XRT
974.999964237 	3.3841e-12 	84.9999785423 	84.9999785423 	3.2218e-13 	3.2218e-13 	Swift_XRT
1159.99996662 	2.8725e-12 	100.000023842 	100.000023842 	2.7351e-13 	2.7351e-13 	Swift_XRT
1355.00001907 	3.0603e-12 	95.0000286102 	95.0000286102 	3.0116e-13 	3.0116e-13 	Swift_XRT
1585.00003815 	3.0818e-12 	134.999990463 	134.999990463 	2.9607e-13 	2.9607e-13 	Swift_XRT
1985.00001431 	2.7646e-12 	264.999985695 	264.999985695 	2.7501e-13 	2.7501e-13 	Swift_XRT
3110.00001431 	2.6329e-12 	860.000014305 	860.000014305 	2.4899e-13 	2.4899e-13 	Swift_XRT
6144.99986172 	2.4242e-12 	2174.99983311 	2174.99983311 	3.8930e-13 	3.8930e-13 	Swift_XRT
2.2270E+08	6.5869E-12	1.2270E+08	2.7324E+08	2.7155E-12	3.0384E-12	Fermi_2021_03_updated
1.1044E+09	7.2913E-12	6.0849E+08	1.3551E+09	1.9443E-12	2.3922E-12	Fermi_2021_03_updated
5.4772E+09	6.4923E-12	3.0177E+09	6.7203E+09	3.8217E-12	5.0186E-12	Fermi_2021_03_updated
6.0492E+10	9.1080E-12	4.8294E+10	2.3951E+11	6.4862E-12	1.0897E-11	Fermi_2021_03_updated
1.8836E+11	4.88E-12	4.7111E+10	6.2824E+10	0.00E+00	0.0000E+00	VERITAS_2021_03_updated
3.3497E+11	1.50E-12	8.3777E+10	1.1172E+11	0.00E+00	0.0000E+00	VERITAS_2021_03_updated
5.9566E+11	1.35E-12	1.4898E+11	1.9867E+11	0.00E+00	0.0000E+00	VERITAS_2021_03_updated
