2.6598E+25	1.1478E-11	1.9066E-12	1.9066E-12
2.6654E+25	1.1437E-11	1.8998E-12	1.8998E-12
2.6711E+25	1.1396E-11	1.8930E-12	1.8930E-12
2.6767E+25	1.1355E-11	1.8862E-12	1.8862E-12
2.6824E+25	1.1315E-11	1.8795E-12	1.8795E-12
2.6880E+25	1.1274E-11	1.8728E-12	1.8728E-12
2.6937E+25	1.1234E-11	1.8661E-12	1.8661E-12
2.6994E+25	1.1194E-11	1.8594E-12	1.8594E-12
2.7051E+25	1.1154E-11	1.8528E-12	1.8528E-12
2.7109E+25	1.1114E-11	1.8462E-12	1.8462E-12
2.7166E+25	1.1074E-11	1.8396E-12	1.8396E-12
2.7223E+25	1.1035E-11	1.8330E-12	1.8330E-12
2.7281E+25	1.0995E-11	1.8264E-12	1.8264E-12
2.7339E+25	1.0956E-11	1.8199E-12	1.8199E-12
2.7396E+25	1.0917E-11	1.8134E-12	1.8134E-12
2.7454E+25	1.0878E-11	1.8069E-12	1.8069E-12
2.7512E+25	1.0839E-11	1.8005E-12	1.8005E-12
2.7571E+25	1.0800E-11	1.7941E-12	1.7941E-12
2.7629E+25	1.0762E-11	1.7876E-12	1.7876E-12
2.7687E+25	1.0723E-11	1.7813E-12	1.7813E-12
2.7746E+25	1.0685E-11	1.7749E-12	1.7749E-12
2.7805E+25	1.0647E-11	1.7685E-12	1.7685E-12
2.7863E+25	1.0609E-11	1.7622E-12	1.7622E-12
2.7922E+25	1.0571E-11	1.7559E-12	1.7559E-12
2.7981E+25	1.0533E-11	1.7497E-12	1.7497E-12
2.8041E+25	1.0495E-11	1.7434E-12	1.7434E-12
2.8100E+25	1.0458E-11	1.7372E-12	1.7372E-12
2.8159E+25	1.0420E-11	1.7310E-12	1.7310E-12
2.8219E+25	1.0383E-11	1.7248E-12	1.7248E-12
2.8279E+25	1.0346E-11	1.7186E-12	1.7186E-12
2.8338E+25	1.0309E-11	1.7125E-12	1.7125E-12
2.8398E+25	1.0272E-11	1.7064E-12	1.7064E-12
2.8458E+25	1.0236E-11	1.7003E-12	1.7003E-12
2.8519E+25	1.0199E-11	1.6942E-12	1.6942E-12
2.8579E+25	1.0163E-11	1.6881E-12	1.6881E-12
2.8639E+25	1.0126E-11	1.6821E-12	1.6821E-12
2.8700E+25	1.0090E-11	1.6761E-12	1.6761E-12
2.8761E+25	1.0054E-11	1.6701E-12	1.6701E-12
2.8822E+25	1.0018E-11	1.6641E-12	1.6641E-12
2.8883E+25	9.9823E-12	1.6582E-12	1.6582E-12
2.8944E+25	9.9466E-12	1.6523E-12	1.6523E-12
2.9005E+25	9.9111E-12	1.6464E-12	1.6464E-12
2.9066E+25	9.8757E-12	1.6405E-12	1.6405E-12
2.9128E+25	9.8404E-12	1.6346E-12	1.6346E-12
2.9189E+25	9.8052E-12	1.6288E-12	1.6288E-12
2.9251E+25	9.7702E-12	1.6230E-12	1.6230E-12
2.9313E+25	9.7353E-12	1.6172E-12	1.6172E-12
2.9375E+25	9.7005E-12	1.6114E-12	1.6114E-12
2.9437E+25	9.6658E-12	1.6056E-12	1.6056E-12
2.9499E+25	9.6313E-12	1.5999E-12	1.5999E-12
2.9562E+25	9.5969E-12	1.5942E-12	1.5942E-12
2.9624E+25	9.5626E-12	1.5885E-12	1.5885E-12
2.9687E+25	9.5284E-12	1.5828E-12	1.5828E-12
2.9750E+25	9.4944E-12	1.5772E-12	1.5772E-12
2.9813E+25	9.4605E-12	1.5715E-12	1.5715E-12
2.9876E+25	9.4267E-12	1.5659E-12	1.5659E-12
2.9939E+25	9.3930E-12	1.5603E-12	1.5603E-12
3.0002E+25	9.3594E-12	1.5547E-12	1.5547E-12
3.0066E+25	9.3260E-12	1.5492E-12	1.5492E-12
3.0129E+25	9.2927E-12	1.5436E-12	1.5436E-12
3.0193E+25	9.2595E-12	1.5381E-12	1.5381E-12
3.0257E+25	9.2264E-12	1.5326E-12	1.5326E-12
3.0321E+25	9.1934E-12	1.5272E-12	1.5272E-12
3.0385E+25	9.1606E-12	1.5217E-12	1.5217E-12
3.0449E+25	9.1278E-12	1.5163E-12	1.5163E-12
3.0514E+25	9.0952E-12	1.5108E-12	1.5108E-12
3.0578E+25	9.0627E-12	1.5054E-12	1.5054E-12
3.0643E+25	9.0303E-12	1.5001E-12	1.5001E-12
3.0708E+25	8.9981E-12	1.4947E-12	1.4947E-12
3.0773E+25	8.9659E-12	1.4894E-12	1.4894E-12
3.0838E+25	8.9339E-12	1.4840E-12	1.4840E-12
3.0903E+25	8.9020E-12	1.4787E-12	1.4787E-12
3.0968E+25	8.8702E-12	1.4735E-12	1.4735E-12
3.1034E+25	8.8385E-12	1.4682E-12	1.4682E-12
3.1099E+25	8.8069E-12	1.4629E-12	1.4629E-12
3.1165E+25	8.7754E-12	1.4577E-12	1.4577E-12
3.1231E+25	8.7441E-12	1.4525E-12	1.4525E-12
3.1297E+25	8.7128E-12	1.4473E-12	1.4473E-12
3.1363E+25	8.6817E-12	1.4422E-12	1.4422E-12
3.1430E+25	8.6507E-12	1.4370E-12	1.4370E-12
3.1496E+25	8.6198E-12	1.4319E-12	1.4319E-12
3.1563E+25	8.5890E-12	1.4267E-12	1.4267E-12
3.1630E+25	8.5583E-12	1.4217E-12	1.4217E-12
3.1697E+25	8.5277E-12	1.4166E-12	1.4166E-12
3.1764E+25	8.4972E-12	1.4115E-12	1.4115E-12
3.1831E+25	8.4669E-12	1.4065E-12	1.4065E-12
3.1898E+25	8.4366E-12	1.4014E-12	1.4014E-12
3.1966E+25	8.4065E-12	1.3964E-12	1.3964E-12
3.2033E+25	8.3765E-12	1.3914E-12	1.3914E-12
3.2101E+25	8.3465E-12	1.3865E-12	1.3865E-12
3.2169E+25	8.3167E-12	1.3815E-12	1.3815E-12
3.2237E+25	8.2870E-12	1.3766E-12	1.3766E-12
3.2305E+25	8.2574E-12	1.3717E-12	1.3717E-12
3.2373E+25	8.2279E-12	1.3668E-12	1.3668E-12
3.2442E+25	8.1985E-12	1.3619E-12	1.3619E-12
3.2511E+25	8.1692E-12	1.3570E-12	1.3570E-12
3.2579E+25	8.1400E-12	1.3522E-12	1.3522E-12
3.2648E+25	8.1109E-12	1.3473E-12	1.3473E-12
3.2717E+25	8.0819E-12	1.3425E-12	1.3425E-12
3.2786E+25	8.0531E-12	1.3377E-12	1.3377E-12
3.2856E+25	8.0243E-12	1.3329E-12	1.3329E-12
3.2925E+25	7.9956E-12	1.3282E-12	1.3282E-12
3.2995E+25	7.9670E-12	1.3234E-12	1.3234E-12
3.3065E+25	7.9386E-12	1.3187E-12	1.3187E-12
3.3135E+25	7.9102E-12	1.3140E-12	1.3140E-12
3.3205E+25	7.8820E-12	1.3093E-12	1.3093E-12
3.3275E+25	7.8538E-12	1.3046E-12	1.3046E-12
3.3345E+25	7.8257E-12	1.3000E-12	1.3000E-12
3.3416E+25	7.7978E-12	1.2953E-12	1.2953E-12
3.3487E+25	7.7699E-12	1.2907E-12	1.2907E-12
3.3557E+25	7.7421E-12	1.2861E-12	1.2861E-12
3.3628E+25	7.7145E-12	1.2815E-12	1.2815E-12
3.3700E+25	7.6869E-12	1.2769E-12	1.2769E-12
3.3771E+25	7.6595E-12	1.2723E-12	1.2723E-12
3.3842E+25	7.6321E-12	1.2678E-12	1.2678E-12
3.3914E+25	7.6048E-12	1.2633E-12	1.2633E-12
3.3986E+25	7.5776E-12	1.2588E-12	1.2588E-12
3.4057E+25	7.5506E-12	1.2543E-12	1.2543E-12
3.4129E+25	7.5236E-12	1.2498E-12	1.2498E-12
3.4202E+25	7.4967E-12	1.2453E-12	1.2453E-12
3.4274E+25	7.4699E-12	1.2409E-12	1.2409E-12
3.4347E+25	7.4432E-12	1.2364E-12	1.2364E-12
3.4419E+25	7.4166E-12	1.2320E-12	1.2320E-12
3.4492E+25	7.3901E-12	1.2276E-12	1.2276E-12
3.4565E+25	7.3637E-12	1.2232E-12	1.2232E-12
3.4638E+25	7.3374E-12	1.2188E-12	1.2188E-12
3.4711E+25	7.3112E-12	1.2145E-12	1.2145E-12
3.4785E+25	7.2851E-12	1.2102E-12	1.2102E-12
3.4858E+25	7.2591E-12	1.2058E-12	1.2058E-12
3.4932E+25	7.2331E-12	1.2015E-12	1.2015E-12
3.5006E+25	7.2073E-12	1.1972E-12	1.1972E-12
3.5080E+25	7.1815E-12	1.1930E-12	1.1930E-12
3.5154E+25	7.1559E-12	1.1887E-12	1.1887E-12
3.5229E+25	7.1303E-12	1.1844E-12	1.1844E-12
3.5303E+25	7.1048E-12	1.1802E-12	1.1802E-12
3.5378E+25	7.0794E-12	1.1760E-12	1.1760E-12
3.5453E+25	7.0541E-12	1.1718E-12	1.1718E-12
3.5528E+25	7.0289E-12	1.1676E-12	1.1676E-12
3.5603E+25	7.0038E-12	1.1634E-12	1.1634E-12
3.5678E+25	6.9788E-12	1.1593E-12	1.1593E-12
3.5753E+25	6.9539E-12	1.1551E-12	1.1551E-12
3.5829E+25	6.9290E-12	1.1510E-12	1.1510E-12
3.5905E+25	6.9043E-12	1.1469E-12	1.1469E-12
3.5981E+25	6.8796E-12	1.1428E-12	1.1428E-12
3.6057E+25	6.8550E-12	1.1387E-12	1.1387E-12
3.6133E+25	6.8305E-12	1.1346E-12	1.1346E-12
3.6210E+25	6.8061E-12	1.1306E-12	1.1306E-12
3.6286E+25	6.7818E-12	1.1266E-12	1.1266E-12
3.6363E+25	6.7576E-12	1.1225E-12	1.1225E-12
3.6440E+25	6.7334E-12	1.1185E-12	1.1185E-12
3.6517E+25	6.7094E-12	1.1145E-12	1.1145E-12
3.6594E+25	6.6854E-12	1.1105E-12	1.1105E-12
3.6672E+25	6.6615E-12	1.1066E-12	1.1066E-12
3.6749E+25	6.6377E-12	1.1026E-12	1.1026E-12
3.6827E+25	6.6140E-12	1.0987E-12	1.0987E-12
3.6905E+25	6.5904E-12	1.0948E-12	1.0948E-12
3.6983E+25	6.5668E-12	1.0908E-12	1.0908E-12
3.7061E+25	6.5434E-12	1.0869E-12	1.0869E-12
3.7139E+25	6.5200E-12	1.0831E-12	1.0831E-12
3.7218E+25	6.4967E-12	1.0792E-12	1.0792E-12
3.7297E+25	6.4735E-12	1.0753E-12	1.0753E-12
3.7376E+25	6.4503E-12	1.0715E-12	1.0715E-12
3.7455E+25	6.4273E-12	1.0677E-12	1.0677E-12
3.7534E+25	6.4043E-12	1.0638E-12	1.0638E-12
3.7613E+25	6.3814E-12	1.0600E-12	1.0600E-12
3.7693E+25	6.3586E-12	1.0563E-12	1.0563E-12
3.7773E+25	6.3359E-12	1.0525E-12	1.0525E-12
3.7852E+25	6.3133E-12	1.0487E-12	1.0487E-12
3.7933E+25	6.2907E-12	1.0450E-12	1.0450E-12
3.8013E+25	6.2683E-12	1.0412E-12	1.0412E-12
3.8093E+25	6.2459E-12	1.0375E-12	1.0375E-12
3.8174E+25	6.2235E-12	1.0338E-12	1.0338E-12
3.8255E+25	6.2013E-12	1.0301E-12	1.0301E-12
3.8335E+25	6.1791E-12	1.0264E-12	1.0264E-12
3.8417E+25	6.1571E-12	1.0228E-12	1.0228E-12
3.8498E+25	6.1351E-12	1.0191E-12	1.0191E-12
3.8579E+25	6.1132E-12	1.0155E-12	1.0155E-12
3.8661E+25	6.0913E-12	1.0119E-12	1.0119E-12
3.8743E+25	6.0695E-12	1.0082E-12	1.0082E-12
3.8825E+25	6.0479E-12	1.0046E-12	1.0046E-12
3.8907E+25	6.0262E-12	1.0010E-12	1.0010E-12
3.8989E+25	6.0047E-12	9.9747E-13	9.9747E-13
3.9071E+25	5.9833E-12	9.9390E-13	9.9390E-13
3.9154E+25	5.9619E-12	9.9035E-13	9.9035E-13
3.9237E+25	5.9406E-12	9.8681E-13	9.8681E-13
3.9320E+25	5.9194E-12	9.8329E-13	9.8329E-13
3.9403E+25	5.8982E-12	9.7977E-13	9.7977E-13
3.9486E+25	5.8771E-12	9.7627E-13	9.7627E-13
3.9570E+25	5.8561E-12	9.7279E-13	9.7279E-13
3.9654E+25	5.8352E-12	9.6931E-13	9.6931E-13
3.9737E+25	5.8144E-12	9.6585E-13	9.6585E-13
3.9822E+25	5.7936E-12	9.6240E-13	9.6240E-13
3.9906E+25	5.7729E-12	9.5896E-13	9.5896E-13
3.9990E+25	5.7523E-12	9.5553E-13	9.5553E-13
4.0075E+25	5.7317E-12	9.5212E-13	9.5212E-13
4.0160E+25	5.7112E-12	9.4872E-13	9.4872E-13
4.0244E+25	5.6908E-12	9.4533E-13	9.4533E-13
4.0330E+25	5.6705E-12	9.4195E-13	9.4195E-13
4.0415E+25	5.6502E-12	9.3858E-13	9.3858E-13
4.0500E+25	5.6300E-12	9.3523E-13	9.3523E-13
4.0586E+25	5.6099E-12	9.3189E-13	9.3189E-13
4.0672E+25	5.5899E-12	9.2856E-13	9.2856E-13
4.0758E+25	5.5699E-12	9.2524E-13	9.2524E-13
4.0844E+25	5.5500E-12	9.2193E-13	9.2193E-13
4.0931E+25	5.5302E-12	9.1864E-13	9.1864E-13
4.1017E+25	5.5104E-12	9.1536E-13	9.1536E-13
4.1104E+25	5.4907E-12	9.1209E-13	9.1209E-13
4.1191E+25	5.4711E-12	9.0883E-13	9.0883E-13
4.1278E+25	5.4516E-12	9.0558E-13	9.0558E-13
4.1365E+25	5.4321E-12	9.0235E-13	9.0235E-13
4.1453E+25	5.4127E-12	8.9912E-13	8.9912E-13
4.1540E+25	5.3933E-12	8.9591E-13	8.9591E-13
4.1628E+25	5.3741E-12	8.9271E-13	8.9271E-13
4.1716E+25	5.3549E-12	8.8952E-13	8.8952E-13
4.1805E+25	5.3357E-12	8.8634E-13	8.8634E-13
4.1893E+25	5.3167E-12	8.8317E-13	8.8317E-13
4.1982E+25	5.2977E-12	8.8002E-13	8.8002E-13
4.2070E+25	5.2787E-12	8.7687E-13	8.7687E-13
4.2159E+25	5.2599E-12	8.7374E-13	8.7374E-13
4.2249E+25	5.2411E-12	8.7062E-13	8.7062E-13
4.2338E+25	5.2224E-12	8.6751E-13	8.6751E-13
4.2427E+25	5.2037E-12	8.6441E-13	8.6441E-13
4.2517E+25	5.1851E-12	8.6132E-13	8.6132E-13
4.2607E+25	5.1666E-12	8.5824E-13	8.5824E-13
4.2697E+25	5.1481E-12	8.5518E-13	8.5518E-13
4.2788E+25	5.1297E-12	8.5212E-13	8.5212E-13
4.2878E+25	5.1114E-12	8.4908E-13	8.4908E-13
4.2969E+25	5.0931E-12	8.4604E-13	8.4604E-13
4.3060E+25	5.0749E-12	8.4302E-13	8.4302E-13
4.3151E+25	5.0568E-12	8.4001E-13	8.4001E-13
4.3242E+25	5.0387E-12	8.3701E-13	8.3701E-13
4.3334E+25	5.0207E-12	8.3402E-13	8.3402E-13
4.3425E+25	5.0028E-12	8.3104E-13	8.3104E-13
4.3517E+25	4.9849E-12	8.2807E-13	8.2807E-13
4.3609E+25	4.9671E-12	8.2511E-13	8.2511E-13
4.3701E+25	4.9494E-12	8.2216E-13	8.2216E-13
4.3794E+25	4.9317E-12	8.1922E-13	8.1922E-13
4.3886E+25	4.9141E-12	8.1630E-13	8.1630E-13
4.3979E+25	4.8965E-12	8.1338E-13	8.1338E-13
4.4072E+25	4.8790E-12	8.1047E-13	8.1047E-13
4.4165E+25	4.8616E-12	8.0758E-13	8.0758E-13
4.4259E+25	4.8442E-12	8.0469E-13	8.0469E-13
4.4352E+25	4.8269E-12	8.0182E-13	8.0182E-13
4.4446E+25	4.8097E-12	7.9895E-13	7.9895E-13
4.4540E+25	4.7925E-12	7.9610E-13	7.9610E-13
4.4635E+25	4.7754E-12	7.9325E-13	7.9325E-13
4.4729E+25	4.7583E-12	7.9042E-13	7.9042E-13
4.4824E+25	4.7413E-12	7.8759E-13	7.8759E-13
4.4918E+25	4.7243E-12	7.8478E-13	7.8478E-13
4.5013E+25	4.7075E-12	7.8198E-13	7.8198E-13
4.5109E+25	4.6906E-12	7.7918E-13	7.7918E-13
4.5204E+25	4.6739E-12	7.7640E-13	7.7640E-13
4.5300E+25	4.6572E-12	7.7362E-13	7.7362E-13
4.5395E+25	4.6405E-12	7.7086E-13	7.7086E-13
4.5491E+25	4.6240E-12	7.6811E-13	7.6811E-13
4.5588E+25	4.6074E-12	7.6536E-13	7.6536E-13
4.5684E+25	4.5910E-12	7.6263E-13	7.6263E-13
4.5781E+25	4.5746E-12	7.5990E-13	7.5990E-13
4.5878E+25	4.5582E-12	7.5719E-13	7.5719E-13
4.5975E+25	4.5420E-12	7.5448E-13	7.5448E-13
4.6072E+25	4.5257E-12	7.5179E-13	7.5179E-13
4.6169E+25	4.5096E-12	7.4910E-13	7.4910E-13
4.6267E+25	4.4934E-12	7.4642E-13	7.4642E-13
4.6365E+25	4.4774E-12	7.4376E-13	7.4376E-13
4.6463E+25	4.4614E-12	7.4110E-13	7.4110E-13
4.6561E+25	4.4454E-12	7.3845E-13	7.3845E-13
4.6660E+25	4.4296E-12	7.3581E-13	7.3581E-13
4.6758E+25	4.4137E-12	7.3318E-13	7.3318E-13
4.6857E+25	4.3980E-12	7.3056E-13	7.3056E-13
4.6956E+25	4.3823E-12	7.2795E-13	7.2795E-13
4.7056E+25	4.3666E-12	7.2535E-13	7.2535E-13
4.7155E+25	4.3510E-12	7.2276E-13	7.2276E-13
4.7255E+25	4.3354E-12	7.2018E-13	7.2018E-13
4.7355E+25	4.3200E-12	7.1761E-13	7.1761E-13
4.7455E+25	4.3045E-12	7.1504E-13	7.1504E-13
4.7555E+25	4.2891E-12	7.1249E-13	7.1249E-13
4.7656E+25	4.2738E-12	7.0994E-13	7.0994E-13
4.7757E+25	4.2585E-12	7.0740E-13	7.0740E-13
4.7858E+25	4.2433E-12	7.0488E-13	7.0488E-13
4.7959E+25	4.2282E-12	7.0236E-13	7.0236E-13
4.8061E+25	4.2131E-12	6.9985E-13	6.9985E-13
4.8162E+25	4.1980E-12	6.9735E-13	6.9735E-13
4.8264E+25	4.1830E-12	6.9486E-13	6.9486E-13
4.8366E+25	4.1681E-12	6.9237E-13	6.9237E-13
4.8468E+25	4.1532E-12	6.8990E-13	6.8990E-13
4.8571E+25	4.1383E-12	6.8744E-13	6.8744E-13
4.8674E+25	4.1235E-12	6.8498E-13	6.8498E-13
4.8777E+25	4.1088E-12	6.8253E-13	6.8253E-13
4.8880E+25	4.0941E-12	6.8009E-13	6.8009E-13
4.8983E+25	4.0795E-12	6.7766E-13	6.7766E-13
4.9087E+25	4.0649E-12	6.7524E-13	6.7524E-13
4.9191E+25	4.0504E-12	6.7283E-13	6.7283E-13
4.9295E+25	4.0359E-12	6.7043E-13	6.7043E-13
4.9399E+25	4.0215E-12	6.6803E-13	6.6803E-13
4.9503E+25	4.0071E-12	6.6564E-13	6.6564E-13
4.9608E+25	3.9928E-12	6.6326E-13	6.6326E-13
4.9713E+25	3.9786E-12	6.6089E-13	6.6089E-13
4.9818E+25	3.9643E-12	6.5853E-13	6.5853E-13
4.9924E+25	3.9502E-12	6.5618E-13	6.5618E-13
5.0029E+25	3.9361E-12	6.5384E-13	6.5384E-13
5.0135E+25	3.9220E-12	6.5150E-13	6.5150E-13
5.0241E+25	3.9080E-12	6.4917E-13	6.4917E-13
5.0347E+25	3.8940E-12	6.4685E-13	6.4685E-13
5.0454E+25	3.8801E-12	6.4454E-13	6.4454E-13
5.0561E+25	3.8663E-12	6.4224E-13	6.4224E-13
5.0668E+25	3.8524E-12	6.3994E-13	6.3994E-13
5.0775E+25	3.8387E-12	6.3766E-13	6.3766E-13
5.0882E+25	3.8250E-12	6.3538E-13	6.3538E-13
5.0990E+25	3.8113E-12	6.3311E-13	6.3311E-13
5.1098E+25	3.7977E-12	6.3085E-13	6.3085E-13
5.1206E+25	3.7841E-12	6.2859E-13	6.2859E-13
5.1314E+25	3.7706E-12	6.2635E-13	6.2635E-13
5.1423E+25	3.7571E-12	6.2411E-13	6.2411E-13
5.1531E+25	3.7437E-12	6.2188E-13	6.2188E-13
5.1640E+25	3.7303E-12	6.1966E-13	6.1966E-13
5.1750E+25	3.7170E-12	6.1744E-13	6.1744E-13
5.1859E+25	3.7037E-12	6.1524E-13	6.1524E-13
5.1969E+25	3.6905E-12	6.1304E-13	6.1304E-13
5.2079E+25	3.6773E-12	6.1085E-13	6.1085E-13
5.2189E+25	3.6641E-12	6.0867E-13	6.0867E-13
5.2299E+25	3.6511E-12	6.0649E-13	6.0649E-13
5.2410E+25	3.6380E-12	6.0432E-13	6.0432E-13
5.2521E+25	3.6250E-12	6.0217E-13	6.0217E-13
5.2632E+25	3.6121E-12	6.0001E-13	6.0001E-13
5.2743E+25	3.5992E-12	5.9787E-13	5.9787E-13
5.2855E+25	3.5863E-12	5.9573E-13	5.9573E-13
5.2966E+25	3.5735E-12	5.9361E-13	5.9361E-13
5.3078E+25	3.5607E-12	5.9148E-13	5.9148E-13
5.3191E+25	3.5480E-12	5.8937E-13	5.8937E-13
5.3303E+25	3.5353E-12	5.8726E-13	5.8726E-13
5.3416E+25	3.5227E-12	5.8517E-13	5.8517E-13
5.3529E+25	3.5101E-12	5.8308E-13	5.8308E-13
5.3642E+25	3.4976E-12	5.8099E-13	5.8099E-13
5.3756E+25	3.4851E-12	5.7892E-13	5.7892E-13
5.3869E+25	3.4726E-12	5.7685E-13	5.7685E-13
5.3983E+25	3.4602E-12	5.7479E-13	5.7479E-13
5.4097E+25	3.4478E-12	5.7273E-13	5.7273E-13
5.4212E+25	3.4355E-12	5.7069E-13	5.7069E-13
5.4327E+25	3.4232E-12	5.6865E-13	5.6865E-13
5.4441E+25	3.4110E-12	5.6662E-13	5.6662E-13
5.4557E+25	3.3988E-12	5.6459E-13	5.6459E-13
5.4672E+25	3.3867E-12	5.6257E-13	5.6257E-13
5.4788E+25	3.3746E-12	5.6056E-13	5.6056E-13
5.4904E+25	3.3625E-12	5.5856E-13	5.5856E-13
5.5020E+25	3.3505E-12	5.5657E-13	5.5657E-13
5.5136E+25	3.3385E-12	5.5458E-13	5.5458E-13
5.5253E+25	3.3266E-12	5.5260E-13	5.5260E-13
5.5370E+25	3.3147E-12	5.5062E-13	5.5062E-13
5.5487E+25	3.3029E-12	5.4865E-13	5.4865E-13
5.5604E+25	3.2911E-12	5.4669E-13	5.4669E-13
5.5722E+25	3.2793E-12	5.4474E-13	5.4474E-13
5.5840E+25	3.2676E-12	5.4279E-13	5.4279E-13
5.5958E+25	3.2559E-12	5.4085E-13	5.4085E-13
5.6076E+25	3.2443E-12	5.3892E-13	5.3892E-13
5.6195E+25	3.2327E-12	5.3700E-13	5.3700E-13
5.6313E+25	3.2212E-12	5.3508E-13	5.3508E-13
5.6433E+25	3.2096E-12	5.3317E-13	5.3317E-13
5.6552E+25	3.1982E-12	5.3126E-13	5.3126E-13
5.6672E+25	3.1867E-12	5.2936E-13	5.2936E-13
5.6791E+25	3.1754E-12	5.2747E-13	5.2747E-13
5.6912E+25	3.1640E-12	5.2559E-13	5.2559E-13
5.7032E+25	3.1527E-12	5.2371E-13	5.2371E-13
5.7153E+25	3.1414E-12	5.2184E-13	5.2184E-13
5.7273E+25	3.1302E-12	5.1997E-13	5.1997E-13
5.7395E+25	3.1190E-12	5.1812E-13	5.1812E-13
5.7516E+25	3.1079E-12	5.1626E-13	5.1626E-13
5.7638E+25	3.0968E-12	5.1442E-13	5.1442E-13
5.7760E+25	3.0857E-12	5.1258E-13	5.1258E-13
5.7882E+25	3.0747E-12	5.1075E-13	5.1075E-13
5.8004E+25	3.0637E-12	5.0893E-13	5.0893E-13
5.8127E+25	3.0528E-12	5.0711E-13	5.0711E-13
5.8250E+25	3.0419E-12	5.0530E-13	5.0530E-13
5.8373E+25	3.0310E-12	5.0349E-13	5.0349E-13
5.8497E+25	3.0202E-12	5.0169E-13	5.0169E-13
5.8620E+25	3.0094E-12	4.9990E-13	4.9990E-13
5.8744E+25	2.9986E-12	4.9811E-13	4.9811E-13
5.8868E+25	2.9879E-12	4.9633E-13	4.9633E-13
5.8993E+25	2.9772E-12	4.9456E-13	4.9456E-13
5.9118E+25	2.9666E-12	4.9279E-13	4.9279E-13
5.9243E+25	2.9560E-12	4.9103E-13	4.9103E-13
5.9368E+25	2.9454E-12	4.8928E-13	4.8928E-13
5.9494E+25	2.9349E-12	4.8753E-13	4.8753E-13
5.9620E+25	2.9244E-12	4.8579E-13	4.8579E-13
5.9746E+25	2.9140E-12	4.8405E-13	4.8405E-13
5.9872E+25	2.9036E-12	4.8232E-13	4.8232E-13
5.9999E+25	2.8932E-12	4.8060E-13	4.8060E-13
6.0126E+25	2.8829E-12	4.7888E-13	4.7888E-13
6.0253E+25	2.8726E-12	4.7717E-13	4.7717E-13
6.0380E+25	2.8623E-12	4.7547E-13	4.7547E-13
6.0508E+25	2.8521E-12	4.7377E-13	4.7377E-13
6.0636E+25	2.8419E-12	4.7207E-13	4.7207E-13
6.0764E+25	2.8317E-12	4.7039E-13	4.7039E-13
6.0893E+25	2.8216E-12	4.6871E-13	4.6871E-13
6.1022E+25	2.8115E-12	4.6703E-13	4.6703E-13
6.1151E+25	2.8015E-12	4.6536E-13	4.6536E-13
6.1280E+25	2.7915E-12	4.6370E-13	4.6370E-13
6.1410E+25	2.7815E-12	4.6204E-13	4.6204E-13
6.1539E+25	2.7716E-12	4.6039E-13	4.6039E-13
6.1670E+25	2.7616E-12	4.5875E-13	4.5875E-13
6.1800E+25	2.7518E-12	4.5711E-13	4.5711E-13
6.1931E+25	2.7419E-12	4.5548E-13	4.5548E-13
6.2062E+25	2.7322E-12	4.5385E-13	4.5385E-13
6.2193E+25	2.7224E-12	4.5223E-13	4.5223E-13
6.2325E+25	2.7127E-12	4.5061E-13	4.5061E-13
6.2456E+25	2.7030E-12	4.4900E-13	4.4900E-13
6.2589E+25	2.6933E-12	4.4740E-13	4.4740E-13
6.2721E+25	2.6837E-12	4.4580E-13	4.4580E-13
6.2854E+25	2.6741E-12	4.4421E-13	4.4421E-13
6.2987E+25	2.6645E-12	4.4262E-13	4.4262E-13
6.3120E+25	2.6550E-12	4.4104E-13	4.4104E-13
6.3253E+25	2.6455E-12	4.3946E-13	4.3946E-13
6.3387E+25	2.6361E-12	4.3789E-13	4.3789E-13
6.3521E+25	2.6267E-12	4.3633E-13	4.3633E-13
6.3656E+25	2.6173E-12	4.3477E-13	4.3477E-13
6.3790E+25	2.6079E-12	4.3321E-13	4.3321E-13
6.3925E+25	2.5986E-12	4.3167E-13	4.3167E-13
6.4060E+25	2.5893E-12	4.3012E-13	4.3012E-13
6.4196E+25	2.5801E-12	4.2859E-13	4.2859E-13
6.4332E+25	2.5709E-12	4.2706E-13	4.2706E-13
6.4468E+25	2.5617E-12	4.2553E-13	4.2553E-13
6.4604E+25	2.5525E-12	4.2401E-13	4.2401E-13
6.4741E+25	2.5434E-12	4.2249E-13	4.2249E-13
6.4878E+25	2.5343E-12	4.2098E-13	4.2098E-13
6.5015E+25	2.5253E-12	4.1948E-13	4.1948E-13
6.5152E+25	2.5162E-12	4.1798E-13	4.1798E-13
6.5290E+25	2.5072E-12	4.1649E-13	4.1649E-13
6.5428E+25	2.4983E-12	4.1500E-13	4.1500E-13
6.5567E+25	2.4894E-12	4.1352E-13	4.1352E-13
6.5705E+25	2.4805E-12	4.1204E-13	4.1204E-13
6.5844E+25	2.4716E-12	4.1057E-13	4.1057E-13
6.5984E+25	2.4628E-12	4.0910E-13	4.0910E-13
6.6123E+25	2.4540E-12	4.0764E-13	4.0764E-13
6.6263E+25	2.4452E-12	4.0618E-13	4.0618E-13
6.6403E+25	2.4365E-12	4.0473E-13	4.0473E-13
6.6544E+25	2.4278E-12	4.0329E-13	4.0329E-13
6.6684E+25	2.4191E-12	4.0184E-13	4.0184E-13
6.6825E+25	2.4104E-12	4.0041E-13	4.0041E-13
6.6967E+25	2.4018E-12	3.9898E-13	3.9898E-13
6.7108E+25	2.3933E-12	3.9755E-13	3.9755E-13
6.7250E+25	2.3847E-12	3.9613E-13	3.9613E-13
6.7393E+25	2.3762E-12	3.9472E-13	3.9472E-13
6.7535E+25	2.3677E-12	3.9331E-13	3.9331E-13
6.7678E+25	2.3592E-12	3.9190E-13	3.9190E-13
6.7821E+25	2.3508E-12	3.9050E-13	3.9050E-13
6.7965E+25	2.3424E-12	3.8911E-13	3.8911E-13
6.8108E+25	2.3340E-12	3.8772E-13	3.8772E-13
6.8252E+25	2.3257E-12	3.8633E-13	3.8633E-13
6.8397E+25	2.3174E-12	3.8495E-13	3.8495E-13
6.8542E+25	2.3091E-12	3.8357E-13	3.8357E-13
6.8686E+25	2.3009E-12	3.8220E-13	3.8220E-13
6.8832E+25	2.2926E-12	3.8084E-13	3.8084E-13
6.8977E+25	2.2844E-12	3.7948E-13	3.7948E-13
6.9123E+25	2.2763E-12	3.7812E-13	3.7812E-13
6.9269E+25	2.2681E-12	3.7677E-13	3.7677E-13
6.9416E+25	2.2600E-12	3.7542E-13	3.7542E-13
6.9563E+25	2.2520E-12	3.7408E-13	3.7408E-13
6.9710E+25	2.2439E-12	3.7275E-13	3.7275E-13
6.9857E+25	2.2359E-12	3.7141E-13	3.7141E-13
7.0005E+25	2.2279E-12	3.7009E-13	3.7009E-13
7.0153E+25	2.2200E-12	3.6877E-13	3.6877E-13
7.0302E+25	2.2120E-12	3.6745E-13	3.6745E-13
7.0450E+25	2.2041E-12	3.6614E-13	3.6614E-13
7.0599E+25	2.1962E-12	3.6483E-13	3.6483E-13
7.0749E+25	2.1884E-12	3.6352E-13	3.6352E-13
7.0898E+25	2.1806E-12	3.6222E-13	3.6222E-13
7.1048E+25	2.1728E-12	3.6093E-13	3.6093E-13
7.1199E+25	2.1650E-12	3.5964E-13	3.5964E-13
7.1349E+25	2.1573E-12	3.5836E-13	3.5836E-13
7.1500E+25	2.1496E-12	3.5708E-13	3.5708E-13
7.1651E+25	2.1419E-12	3.5580E-13	3.5580E-13
7.1803E+25	2.1342E-12	3.5453E-13	3.5453E-13
7.1955E+25	2.1266E-12	3.5326E-13	3.5326E-13
7.2107E+25	2.1190E-12	3.5200E-13	3.5200E-13
7.2259E+25	2.1115E-12	3.5074E-13	3.5074E-13
7.2412E+25	2.1039E-12	3.4949E-13	3.4949E-13
7.2565E+25	2.0964E-12	3.4824E-13	3.4824E-13
7.2719E+25	2.0889E-12	3.4700E-13	3.4700E-13
7.2873E+25	2.0814E-12	3.4576E-13	3.4576E-13
7.3027E+25	2.0740E-12	3.4452E-13	3.4452E-13
7.3181E+25	2.0666E-12	3.4329E-13	3.4329E-13
7.3336E+25	2.0592E-12	3.4206E-13	3.4206E-13
7.3491E+25	2.0518E-12	3.4084E-13	3.4084E-13
7.3647E+25	2.0445E-12	3.3962E-13	3.3962E-13
7.3803E+25	2.0372E-12	3.3841E-13	3.3841E-13
7.3959E+25	2.0299E-12	3.3720E-13	3.3720E-13
7.4115E+25	2.0227E-12	3.3600E-13	3.3600E-13
7.4272E+25	2.0155E-12	3.3480E-13	3.3480E-13
7.4429E+25	2.0083E-12	3.3360E-13	3.3360E-13
7.4586E+25	2.0011E-12	3.3241E-13	3.3241E-13
7.4744E+25	1.9939E-12	3.3122E-13	3.3122E-13
7.4902E+25	1.9868E-12	3.3004E-13	3.3004E-13
7.5061E+25	1.9797E-12	3.2886E-13	3.2886E-13
7.5219E+25	1.9726E-12	3.2768E-13	3.2768E-13
7.5379E+25	1.9656E-12	3.2651E-13	3.2651E-13
7.5538E+25	1.9586E-12	3.2534E-13	3.2534E-13
7.5698E+25	1.9516E-12	3.2418E-13	3.2418E-13
7.5858E+25	1.9446E-12	3.2302E-13	3.2302E-13
7.6018E+25	1.9376E-12	3.2187E-13	3.2187E-13
7.6179E+25	1.9307E-12	3.2072E-13	3.2072E-13
7.6340E+25	1.9238E-12	3.1957E-13	3.1957E-13
7.6502E+25	1.9169E-12	3.1843E-13	3.1843E-13
7.6664E+25	1.9101E-12	3.1729E-13	3.1729E-13
7.6826E+25	1.9033E-12	3.1616E-13	3.1616E-13
7.6988E+25	1.8965E-12	3.1503E-13	3.1503E-13
7.7151E+25	1.8897E-12	3.1391E-13	3.1391E-13
7.7314E+25	1.8829E-12	3.1278E-13	3.1278E-13
7.7478E+25	1.8762E-12	3.1167E-13	3.1167E-13
7.7642E+25	1.8695E-12	3.1055E-13	3.1055E-13
7.7806E+25	1.8628E-12	3.0944E-13	3.0944E-13
7.7970E+25	1.8562E-12	3.0834E-13	3.0834E-13
7.8135E+25	1.8495E-12	3.0724E-13	3.0724E-13
7.8301E+25	1.8429E-12	3.0614E-13	3.0614E-13
7.8466E+25	1.8364E-12	3.0504E-13	3.0504E-13
7.8632E+25	1.8298E-12	3.0395E-13	3.0395E-13
7.8799E+25	1.8233E-12	3.0287E-13	3.0287E-13
7.8965E+25	1.8167E-12	3.0179E-13	3.0179E-13
7.9132E+25	1.8102E-12	3.0071E-13	3.0071E-13
7.9300E+25	1.8038E-12	2.9963E-13	2.9963E-13
7.9467E+25	1.7973E-12	2.9856E-13	2.9856E-13
7.9636E+25	1.7909E-12	2.9750E-13	2.9750E-13
7.9804E+25	1.7845E-12	2.9643E-13	2.9643E-13
7.9973E+25	1.7781E-12	2.9537E-13	2.9537E-13
8.0142E+25	1.7718E-12	2.9432E-13	2.9432E-13
8.0311E+25	1.7655E-12	2.9327E-13	2.9327E-13
8.0481E+25	1.7591E-12	2.9222E-13	2.9222E-13
8.0652E+25	1.7529E-12	2.9117E-13	2.9117E-13
8.0822E+25	1.7466E-12	2.9013E-13	2.9013E-13
8.0993E+25	1.7404E-12	2.8910E-13	2.8910E-13
8.1164E+25	1.7341E-12	2.8807E-13	2.8807E-13
8.1336E+25	1.7279E-12	2.8704E-13	2.8704E-13
8.1508E+25	1.7218E-12	2.8601E-13	2.8601E-13
8.1681E+25	1.7156E-12	2.8499E-13	2.8499E-13
8.1853E+25	1.7095E-12	2.8397E-13	2.8397E-13
8.2026E+25	1.7034E-12	2.8296E-13	2.8296E-13
8.2200E+25	1.6973E-12	2.8194E-13	2.8194E-13
8.2374E+25	1.6912E-12	2.8094E-13	2.8094E-13
8.2548E+25	1.6852E-12	2.7993E-13	2.7993E-13
8.2723E+25	1.6792E-12	2.7893E-13	2.7893E-13
8.2898E+25	1.6732E-12	2.7794E-13	2.7794E-13
8.3073E+25	1.6672E-12	2.7694E-13	2.7694E-13
8.3249E+25	1.6612E-12	2.7595E-13	2.7595E-13
8.3425E+25	1.6553E-12	2.7497E-13	2.7497E-13
8.3601E+25	1.6494E-12	2.7399E-13	2.7399E-13
8.3778E+25	1.6435E-12	2.7301E-13	2.7301E-13
8.3955E+25	1.6376E-12	2.7203E-13	2.7203E-13
8.4133E+25	1.6318E-12	2.7106E-13	2.7106E-13
8.4311E+25	1.6259E-12	2.7009E-13	2.7009E-13
8.4489E+25	1.6201E-12	2.6913E-13	2.6913E-13
8.4668E+25	1.6143E-12	2.6816E-13	2.6816E-13
8.4847E+25	1.6086E-12	2.6721E-13	2.6721E-13
8.5026E+25	1.6028E-12	2.6625E-13	2.6625E-13
8.5206E+25	1.5971E-12	2.6530E-13	2.6530E-13
8.5386E+25	1.5914E-12	2.6435E-13	2.6435E-13
8.5567E+25	1.5857E-12	2.6341E-13	2.6341E-13
8.5748E+25	1.5800E-12	2.6247E-13	2.6247E-13
8.5929E+25	1.5744E-12	2.6153E-13	2.6153E-13
8.6111E+25	1.5688E-12	2.6059E-13	2.6059E-13
8.6293E+25	1.5632E-12	2.5966E-13	2.5966E-13
8.6476E+25	1.5576E-12	2.5874E-13	2.5874E-13
8.6659E+25	1.5520E-12	2.5781E-13	2.5781E-13
8.6842E+25	1.5465E-12	2.5689E-13	2.5689E-13
8.7026E+25	1.5409E-12	2.5597E-13	2.5597E-13
8.7210E+25	1.5354E-12	2.5506E-13	2.5506E-13
8.7394E+25	1.5300E-12	2.5415E-13	2.5415E-13
8.7579E+25	1.5245E-12	2.5324E-13	2.5324E-13
8.7764E+25	1.5190E-12	2.5233E-13	2.5233E-13
8.7950E+25	1.5136E-12	2.5143E-13	2.5143E-13
8.8136E+25	1.5082E-12	2.5053E-13	2.5053E-13
8.8323E+25	1.5028E-12	2.4964E-13	2.4964E-13
8.8509E+25	1.4974E-12	2.4875E-13	2.4875E-13
8.8697E+25	1.4921E-12	2.4786E-13	2.4786E-13
8.8884E+25	1.4868E-12	2.4697E-13	2.4697E-13
8.9072E+25	1.4814E-12	2.4609E-13	2.4609E-13
8.9261E+25	1.4762E-12	2.4521E-13	2.4521E-13
8.9449E+25	1.4709E-12	2.4433E-13	2.4433E-13
8.9639E+25	1.4656E-12	2.4346E-13	2.4346E-13
8.9828E+25	1.4604E-12	2.4259E-13	2.4259E-13
9.0018E+25	1.4552E-12	2.4172E-13	2.4172E-13
9.0209E+25	1.4500E-12	2.4086E-13	2.4086E-13
9.0399E+25	1.4448E-12	2.4000E-13	2.4000E-13
9.0591E+25	1.4396E-12	2.3914E-13	2.3914E-13
9.0782E+25	1.4345E-12	2.3829E-13	2.3829E-13
9.0974E+25	1.4294E-12	2.3744E-13	2.3744E-13
9.1167E+25	1.4243E-12	2.3659E-13	2.3659E-13
9.1360E+25	1.4192E-12	2.3574E-13	2.3574E-13
9.1553E+25	1.4141E-12	2.3490E-13	2.3490E-13
9.1746E+25	1.4090E-12	2.3406E-13	2.3406E-13
9.1940E+25	1.4040E-12	2.3323E-13	2.3323E-13
9.2135E+25	1.3990E-12	2.3239E-13	2.3239E-13
9.2330E+25	1.3940E-12	2.3156E-13	2.3156E-13
9.2525E+25	1.3890E-12	2.3073E-13	2.3073E-13
9.2721E+25	1.3840E-12	2.2991E-13	2.2991E-13
9.2917E+25	1.3791E-12	2.2909E-13	2.2909E-13
9.3114E+25	1.3742E-12	2.2827E-13	2.2827E-13
9.3310E+25	1.3693E-12	2.2745E-13	2.2745E-13
9.3508E+25	1.3644E-12	2.2664E-13	2.2664E-13
9.3706E+25	1.3595E-12	2.2583E-13	2.2583E-13
9.3904E+25	1.3546E-12	2.2502E-13	2.2502E-13
9.4102E+25	1.3498E-12	2.2422E-13	2.2422E-13
9.4302E+25	1.3450E-12	2.2342E-13	2.2342E-13
9.4501E+25	1.3402E-12	2.2262E-13	2.2262E-13
9.4701E+25	1.3354E-12	2.2183E-13	2.2183E-13
9.4901E+25	1.3306E-12	2.2103E-13	2.2103E-13
9.5102E+25	1.3259E-12	2.2024E-13	2.2024E-13
9.5303E+25	1.3211E-12	2.1946E-13	2.1946E-13
9.5505E+25	1.3164E-12	2.1867E-13	2.1867E-13
9.5707E+25	1.3117E-12	2.1789E-13	2.1789E-13
9.5909E+25	1.3070E-12	2.1711E-13	2.1711E-13
9.6112E+25	1.3023E-12	2.1634E-13	2.1634E-13
9.6315E+25	1.2977E-12	2.1556E-13	2.1556E-13
9.6519E+25	1.2931E-12	2.1479E-13	2.1479E-13
9.6723E+25	1.2884E-12	2.1403E-13	2.1403E-13
9.6928E+25	1.2838E-12	2.1326E-13	2.1326E-13
9.7133E+25	1.2792E-12	2.1250E-13	2.1250E-13
9.7338E+25	1.2747E-12	2.1174E-13	2.1174E-13
9.7544E+25	1.2701E-12	2.1098E-13	2.1098E-13
9.7750E+25	1.2656E-12	2.1023E-13	2.1023E-13
9.7957E+25	1.2611E-12	2.0948E-13	2.0948E-13
9.8164E+25	1.2566E-12	2.0873E-13	2.0873E-13
9.8372E+25	1.2521E-12	2.0798E-13	2.0798E-13
9.8580E+25	1.2476E-12	2.0724E-13	2.0724E-13
9.8789E+25	1.2431E-12	2.0650E-13	2.0650E-13
9.8998E+25	1.2387E-12	2.0576E-13	2.0576E-13
9.9207E+25	1.2343E-12	2.0503E-13	2.0503E-13
9.9417E+25	1.2299E-12	2.0430E-13	2.0430E-13
9.9627E+25	1.2255E-12	2.0357E-13	2.0357E-13
9.9838E+25	1.2211E-12	2.0284E-13	2.0284E-13
1.0005E+26	1.2167E-12	2.0211E-13	2.0211E-13
1.0026E+26	1.2124E-12	2.0139E-13	2.0139E-13
1.0047E+26	1.2080E-12	2.0067E-13	2.0067E-13
1.0069E+26	1.2037E-12	1.9996E-13	1.9996E-13
1.0090E+26	1.1994E-12	1.9924E-13	1.9924E-13
1.0111E+26	1.1951E-12	1.9853E-13	1.9853E-13
1.0133E+26	1.1909E-12	1.9782E-13	1.9782E-13
1.0154E+26	1.1866E-12	1.9711E-13	1.9711E-13
1.0175E+26	1.1824E-12	1.9641E-13	1.9641E-13
1.0197E+26	1.1781E-12	1.9571E-13	1.9571E-13
1.0219E+26	1.1739E-12	1.9501E-13	1.9501E-13
1.0240E+26	1.1697E-12	1.9431E-13	1.9431E-13
1.0262E+26	1.1656E-12	1.9362E-13	1.9362E-13
1.0284E+26	1.1614E-12	1.9292E-13	1.9292E-13
1.0305E+26	1.1572E-12	1.9224E-13	1.9224E-13
1.0327E+26	1.1531E-12	1.9155E-13	1.9155E-13
1.0349E+26	1.1490E-12	1.9086E-13	1.9086E-13
1.0371E+26	1.1449E-12	1.9018E-13	1.9018E-13
1.0393E+26	1.1408E-12	1.8950E-13	1.8950E-13
1.0415E+26	1.1367E-12	1.8883E-13	1.8883E-13
1.0437E+26	1.1327E-12	1.8815E-13	1.8815E-13
1.0459E+26	1.1286E-12	1.8748E-13	1.8748E-13
1.0481E+26	1.1246E-12	1.8681E-13	1.8681E-13
1.0503E+26	1.1206E-12	1.8614E-13	1.8614E-13
1.0525E+26	1.1166E-12	1.8548E-13	1.8548E-13
1.0548E+26	1.1126E-12	1.8481E-13	1.8481E-13
1.0570E+26	1.1086E-12	1.8415E-13	1.8415E-13
1.0592E+26	1.1046E-12	1.8350E-13	1.8350E-13
1.0615E+26	1.1007E-12	1.8284E-13	1.8284E-13
1.0637E+26	1.0968E-12	1.8219E-13	1.8219E-13
1.0660E+26	1.0928E-12	1.8154E-13	1.8154E-13
1.0682E+26	1.0889E-12	1.8089E-13	1.8089E-13
1.0705E+26	1.0850E-12	1.8024E-13	1.8024E-13
1.0727E+26	1.0812E-12	1.7960E-13	1.7960E-13
1.0750E+26	1.0773E-12	1.7895E-13	1.7895E-13
1.0773E+26	1.0735E-12	1.7832E-13	1.7832E-13
1.0796E+26	1.0696E-12	1.7768E-13	1.7768E-13
1.0818E+26	1.0658E-12	1.7704E-13	1.7704E-13
1.0841E+26	1.0620E-12	1.7641E-13	1.7641E-13
1.0864E+26	1.0582E-12	1.7578E-13	1.7578E-13
1.0887E+26	1.0544E-12	1.7515E-13	1.7515E-13
1.0910E+26	1.0506E-12	1.7453E-13	1.7453E-13
1.0933E+26	1.0469E-12	1.7390E-13	1.7390E-13
1.0956E+26	1.0432E-12	1.7328E-13	1.7328E-13
1.0980E+26	1.0394E-12	1.7266E-13	1.7266E-13
1.1003E+26	1.0357E-12	1.7205E-13	1.7205E-13
1.1026E+26	1.0320E-12	1.7143E-13	1.7143E-13
1.1049E+26	1.0283E-12	1.7082E-13	1.7082E-13
1.1073E+26	1.0246E-12	1.7021E-13	1.7021E-13
1.1096E+26	1.0210E-12	1.6960E-13	1.6960E-13
1.1120E+26	1.0173E-12	1.6899E-13	1.6899E-13
1.1143E+26	1.0137E-12	1.6839E-13	1.6839E-13
1.1167E+26	1.0101E-12	1.6779E-13	1.6779E-13
1.1190E+26	1.0065E-12	1.6719E-13	1.6719E-13
1.1214E+26	1.0029E-12	1.6659E-13	1.6659E-13
1.1238E+26	9.9929E-13	1.6600E-13	1.6600E-13
1.1262E+26	9.9572E-13	1.6540E-13	1.6540E-13
1.1285E+26	9.9217E-13	1.6481E-13	1.6481E-13
1.1309E+26	9.8862E-13	1.6422E-13	1.6422E-13
1.1333E+26	9.8509E-13	1.6364E-13	1.6364E-13
1.1357E+26	9.8157E-13	1.6305E-13	1.6305E-13
1.1381E+26	9.7806E-13	1.6247E-13	1.6247E-13
1.1405E+26	9.7457E-13	1.6189E-13	1.6189E-13
1.1429E+26	9.7108E-13	1.6131E-13	1.6131E-13
1.1454E+26	9.6762E-13	1.6073E-13	1.6073E-13
1.1478E+26	9.6416E-13	1.6016E-13	1.6016E-13
1.1502E+26	9.6071E-13	1.5959E-13	1.5959E-13
1.1526E+26	9.5728E-13	1.5902E-13	1.5902E-13
1.1551E+26	9.5386E-13	1.5845E-13	1.5845E-13
1.1575E+26	9.5045E-13	1.5788E-13	1.5788E-13
1.1600E+26	9.4706E-13	1.5732E-13	1.5732E-13
1.1624E+26	9.4367E-13	1.5676E-13	1.5676E-13
1.1649E+26	9.4030E-13	1.5620E-13	1.5620E-13
1.1674E+26	9.3694E-13	1.5564E-13	1.5564E-13
1.1698E+26	9.3359E-13	1.5508E-13	1.5508E-13
1.1723E+26	9.3026E-13	1.5453E-13	1.5453E-13
1.1748E+26	9.2693E-13	1.5398E-13	1.5398E-13
1.1773E+26	9.2362E-13	1.5343E-13	1.5343E-13
1.1797E+26	9.2032E-13	1.5288E-13	1.5288E-13
1.1822E+26	9.1703E-13	1.5233E-13	1.5233E-13
1.1847E+26	9.1376E-13	1.5179E-13	1.5179E-13
1.1873E+26	9.1049E-13	1.5125E-13	1.5125E-13
1.1898E+26	9.0724E-13	1.5071E-13	1.5071E-13
1.1923E+26	9.0400E-13	1.5017E-13	1.5017E-13
1.1948E+26	9.0077E-13	1.4963E-13	1.4963E-13
1.1973E+26	8.9755E-13	1.4910E-13	1.4910E-13
1.1999E+26	8.9434E-13	1.4856E-13	1.4856E-13
1.2024E+26	8.9115E-13	1.4803E-13	1.4803E-13
1.2049E+26	8.8796E-13	1.4750E-13	1.4750E-13
1.2075E+26	8.8479E-13	1.4698E-13	1.4698E-13
1.2100E+26	8.8163E-13	1.4645E-13	1.4645E-13
1.2126E+26	8.7848E-13	1.4593E-13	1.4593E-13
1.2152E+26	8.7534E-13	1.4541E-13	1.4541E-13
1.2177E+26	8.7221E-13	1.4489E-13	1.4489E-13
1.2203E+26	8.6910E-13	1.4437E-13	1.4437E-13
1.2229E+26	8.6599E-13	1.4385E-13	1.4385E-13
1.2255E+26	8.6290E-13	1.4334E-13	1.4334E-13
1.2281E+26	8.5981E-13	1.4283E-13	1.4283E-13
1.2307E+26	8.5674E-13	1.4232E-13	1.4232E-13
1.2333E+26	8.5368E-13	1.4181E-13	1.4181E-13
1.2359E+26	8.5063E-13	1.4130E-13	1.4130E-13
1.2385E+26	8.4759E-13	1.4080E-13	1.4080E-13
1.2411E+26	8.4456E-13	1.4029E-13	1.4029E-13
1.2437E+26	8.4155E-13	1.3979E-13	1.3979E-13
1.2464E+26	8.3854E-13	1.3929E-13	1.3929E-13
1.2490E+26	8.3554E-13	1.3880E-13	1.3880E-13
1.2517E+26	8.3256E-13	1.3830E-13	1.3830E-13
1.2543E+26	8.2958E-13	1.3781E-13	1.3781E-13
1.2570E+26	8.2662E-13	1.3731E-13	1.3731E-13
1.2596E+26	8.2366E-13	1.3682E-13	1.3682E-13
1.2623E+26	8.2072E-13	1.3633E-13	1.3633E-13
1.2649E+26	8.1779E-13	1.3585E-13	1.3585E-13
1.2676E+26	8.1487E-13	1.3536E-13	1.3536E-13
1.2703E+26	8.1196E-13	1.3488E-13	1.3488E-13
1.2730E+26	8.0906E-13	1.3440E-13	1.3440E-13
1.2757E+26	8.0616E-13	1.3392E-13	1.3392E-13
1.2784E+26	8.0328E-13	1.3344E-13	1.3344E-13
1.2811E+26	8.0041E-13	1.3296E-13	1.3296E-13
1.2838E+26	7.9755E-13	1.3248E-13	1.3248E-13
1.2865E+26	7.9470E-13	1.3201E-13	1.3201E-13
1.2892E+26	7.9187E-13	1.3154E-13	1.3154E-13
1.2920E+26	7.8904E-13	1.3107E-13	1.3107E-13
1.2947E+26	7.8622E-13	1.3060E-13	1.3060E-13
1.2974E+26	7.8341E-13	1.3013E-13	1.3013E-13
1.3002E+26	7.8061E-13	1.2967E-13	1.2967E-13
1.3029E+26	7.7782E-13	1.2921E-13	1.2921E-13
1.3057E+26	7.7504E-13	1.2874E-13	1.2874E-13
1.3084E+26	7.7227E-13	1.2828E-13	1.2828E-13
1.3112E+26	7.6951E-13	1.2783E-13	1.2783E-13
1.3140E+26	7.6676E-13	1.2737E-13	1.2737E-13
1.3168E+26	7.6402E-13	1.2691E-13	1.2691E-13
1.3195E+26	7.6129E-13	1.2646E-13	1.2646E-13
1.3223E+26	7.5857E-13	1.2601E-13	1.2601E-13
1.3251E+26	7.5586E-13	1.2556E-13	1.2556E-13
1.3279E+26	7.5316E-13	1.2511E-13	1.2511E-13
1.3307E+26	7.5047E-13	1.2466E-13	1.2466E-13
1.3336E+26	7.4779E-13	1.2422E-13	1.2422E-13
1.3364E+26	7.4512E-13	1.2377E-13	1.2377E-13
1.3392E+26	7.4246E-13	1.2333E-13	1.2333E-13
1.3420E+26	7.3980E-13	1.2289E-13	1.2289E-13
1.3449E+26	7.3716E-13	1.2245E-13	1.2245E-13
1.3477E+26	7.3453E-13	1.2201E-13	1.2201E-13
1.3506E+26	7.3190E-13	1.2158E-13	1.2158E-13
1.3534E+26	7.2929E-13	1.2114E-13	1.2114E-13
1.3563E+26	7.2668E-13	1.2071E-13	1.2071E-13
1.3592E+26	7.2408E-13	1.2028E-13	1.2028E-13
1.3620E+26	7.2150E-13	1.1985E-13	1.1985E-13
1.3649E+26	7.1892E-13	1.1942E-13	1.1942E-13
1.3678E+26	7.1635E-13	1.1900E-13	1.1900E-13
1.3707E+26	7.1379E-13	1.1857E-13	1.1857E-13
1.3736E+26	7.1124E-13	1.1815E-13	1.1815E-13
1.3765E+26	7.0870E-13	1.1772E-13	1.1772E-13
1.3794E+26	7.0617E-13	1.1730E-13	1.1730E-13
1.3823E+26	7.0364E-13	1.1689E-13	1.1689E-13
1.3853E+26	7.0113E-13	1.1647E-13	1.1647E-13
1.3882E+26	6.9862E-13	1.1605E-13	1.1605E-13
1.3911E+26	6.9613E-13	1.1564E-13	1.1564E-13
1.3941E+26	6.9364E-13	1.1522E-13	1.1522E-13
1.3970E+26	6.9116E-13	1.1481E-13	1.1481E-13
1.4000E+26	6.8869E-13	1.1440E-13	1.1440E-13
1.4029E+26	6.8623E-13	1.1399E-13	1.1399E-13
1.4059E+26	6.8378E-13	1.1359E-13	1.1359E-13
1.4089E+26	6.8134E-13	1.1318E-13	1.1318E-13
1.4119E+26	6.7890E-13	1.1278E-13	1.1278E-13
1.4148E+26	6.7648E-13	1.1237E-13	1.1237E-13
1.4178E+26	6.7406E-13	1.1197E-13	1.1197E-13
1.4208E+26	6.7165E-13	1.1157E-13	1.1157E-13
1.4238E+26	6.6925E-13	1.1117E-13	1.1117E-13
1.4268E+26	6.6686E-13	1.1077E-13	1.1077E-13
1.4299E+26	6.6448E-13	1.1038E-13	1.1038E-13
1.4329E+26	6.6210E-13	1.0998E-13	1.0998E-13
1.4359E+26	6.5974E-13	1.0959E-13	1.0959E-13
1.4390E+26	6.5738E-13	1.0920E-13	1.0920E-13
1.4420E+26	6.5503E-13	1.0881E-13	1.0881E-13
1.4451E+26	6.5269E-13	1.0842E-13	1.0842E-13
1.4481E+26	6.5036E-13	1.0803E-13	1.0803E-13
1.4512E+26	6.4804E-13	1.0765E-13	1.0765E-13
1.4542E+26	6.4572E-13	1.0726E-13	1.0726E-13
1.4573E+26	6.4341E-13	1.0688E-13	1.0688E-13
1.4604E+26	6.4112E-13	1.0650E-13	1.0650E-13
1.4635E+26	6.3882E-13	1.0612E-13	1.0612E-13
1.4666E+26	6.3654E-13	1.0574E-13	1.0574E-13
1.4697E+26	6.3427E-13	1.0536E-13	1.0536E-13
1.4728E+26	6.3200E-13	1.0498E-13	1.0498E-13
1.4759E+26	6.2974E-13	1.0461E-13	1.0461E-13
1.4790E+26	6.2749E-13	1.0424E-13	1.0424E-13
1.4822E+26	6.2525E-13	1.0386E-13	1.0386E-13
1.4853E+26	6.2302E-13	1.0349E-13	1.0349E-13
1.4884E+26	6.2079E-13	1.0312E-13	1.0312E-13
1.4916E+26	6.1857E-13	1.0275E-13	1.0275E-13
1.4947E+26	6.1636E-13	1.0239E-13	1.0239E-13
1.4979E+26	6.1416E-13	1.0202E-13	1.0202E-13
1.5011E+26	6.1197E-13	1.0166E-13	1.0166E-13
1.5042E+26	6.0978E-13	1.0129E-13	1.0129E-13
1.5074E+26	6.0760E-13	1.0093E-13	1.0093E-13
1.5106E+26	6.0543E-13	1.0057E-13	1.0057E-13
1.5138E+26	6.0327E-13	1.0021E-13	1.0021E-13
1.5170E+26	6.0111E-13	9.9853E-14	9.9853E-14
1.5202E+26	5.9896E-13	9.9496E-14	9.9496E-14
1.5234E+26	5.9682E-13	9.9141E-14	9.9141E-14
1.5267E+26	5.9469E-13	9.8787E-14	9.8787E-14
1.5299E+26	5.9257E-13	9.8434E-14	9.8434E-14
1.5331E+26	5.9045E-13	9.8082E-14	9.8082E-14
1.5364E+26	5.8834E-13	9.7731E-14	9.7731E-14
1.5396E+26	5.8624E-13	9.7382E-14	9.7382E-14
1.5429E+26	5.8414E-13	9.7034E-14	9.7034E-14
1.5461E+26	5.8206E-13	9.6688E-14	9.6688E-14
1.5494E+26	5.7998E-13	9.6342E-14	9.6342E-14
1.5527E+26	5.7790E-13	9.5998E-14	9.5998E-14
1.5560E+26	5.7584E-13	9.5655E-14	9.5655E-14
1.5593E+26	5.7378E-13	9.5313E-14	9.5313E-14
1.5626E+26	5.7173E-13	9.4973E-14	9.4973E-14
1.5659E+26	5.6969E-13	9.4633E-14	9.4633E-14
1.5692E+26	5.6765E-13	9.4295E-14	9.4295E-14
1.5725E+26	5.6563E-13	9.3958E-14	9.3958E-14
1.5758E+26	5.6360E-13	9.3623E-14	9.3623E-14
1.5792E+26	5.6159E-13	9.3288E-14	9.3288E-14
1.5825E+26	5.5958E-13	9.2955E-14	9.2955E-14
1.5858E+26	5.5759E-13	9.2623E-14	9.2623E-14
1.5892E+26	5.5559E-13	9.2292E-14	9.2292E-14
1.5926E+26	5.5361E-13	9.1962E-14	9.1962E-14
1.5959E+26	5.5163E-13	9.1633E-14	9.1633E-14
1.5993E+26	5.4966E-13	9.1306E-14	9.1306E-14
1.6027E+26	5.4769E-13	9.0980E-14	9.0980E-14
1.6061E+26	5.4574E-13	9.0655E-14	9.0655E-14
1.6095E+26	5.4379E-13	9.0331E-14	9.0331E-14
1.6129E+26	5.4185E-13	9.0008E-14	9.0008E-14
1.6163E+26	5.3991E-13	8.9686E-14	8.9686E-14
1.6197E+26	5.3798E-13	8.9366E-14	8.9366E-14
1.6231E+26	5.3606E-13	8.9047E-14	8.9047E-14
1.6266E+26	5.3414E-13	8.8729E-14	8.8729E-14
1.6300E+26	5.3223E-13	8.8412E-14	8.8412E-14
1.6335E+26	5.3033E-13	8.8096E-14	8.8096E-14
1.6369E+26	5.2844E-13	8.7781E-14	8.7781E-14
1.6404E+26	5.2655E-13	8.7467E-14	8.7467E-14
1.6438E+26	5.2467E-13	8.7155E-14	8.7155E-14
1.6473E+26	5.2279E-13	8.6843E-14	8.6843E-14
1.6508E+26	5.2093E-13	8.6533E-14	8.6533E-14
1.6543E+26	5.1906E-13	8.6224E-14	8.6224E-14
1.6578E+26	5.1721E-13	8.5916E-14	8.5916E-14
1.6613E+26	5.1536E-13	8.5609E-14	8.5609E-14
1.6648E+26	5.1352E-13	8.5303E-14	8.5303E-14
1.6683E+26	5.1169E-13	8.4998E-14	8.4998E-14
1.6719E+26	5.0986E-13	8.4694E-14	8.4694E-14
1.6754E+26	5.0804E-13	8.4392E-14	8.4392E-14
1.6789E+26	5.0622E-13	8.4090E-14	8.4090E-14
1.6825E+26	5.0441E-13	8.3790E-14	8.3790E-14
1.6861E+26	5.0261E-13	8.3490E-14	8.3490E-14
1.6896E+26	5.0081E-13	8.3192E-14	8.3192E-14
1.6932E+26	4.9902E-13	8.2895E-14	8.2895E-14
1.6968E+26	4.9724E-13	8.2599E-14	8.2599E-14
1.7004E+26	4.9547E-13	8.2304E-14	8.2304E-14
1.7040E+26	4.9369E-13	8.2010E-14	8.2010E-14
1.7076E+26	4.9193E-13	8.1717E-14	8.1717E-14
1.7112E+26	4.9017E-13	8.1425E-14	8.1425E-14
1.7148E+26	4.8842E-13	8.1134E-14	8.1134E-14
1.7184E+26	4.8668E-13	8.0844E-14	8.0844E-14
1.7221E+26	4.8494E-13	8.0555E-14	8.0555E-14
1.7257E+26	4.8321E-13	8.0267E-14	8.0267E-14
1.7294E+26	4.8148E-13	7.9980E-14	7.9980E-14
1.7330E+26	4.7976E-13	7.9695E-14	7.9695E-14
1.7367E+26	4.7804E-13	7.9410E-14	7.9410E-14
1.7404E+26	4.7634E-13	7.9126E-14	7.9126E-14
1.7440E+26	4.7463E-13	7.8843E-14	7.8843E-14
1.7477E+26	4.7294E-13	7.8562E-14	7.8562E-14
1.7514E+26	4.7125E-13	7.8281E-14	7.8281E-14
1.7551E+26	4.6956E-13	7.8001E-14	7.8001E-14
1.7588E+26	4.6789E-13	7.7723E-14	7.7723E-14
1.7626E+26	4.6622E-13	7.7445E-14	7.7445E-14
1.7663E+26	4.6455E-13	7.7168E-14	7.7168E-14
1.7700E+26	4.6289E-13	7.6892E-14	7.6892E-14
1.7738E+26	4.6124E-13	7.6618E-14	7.6618E-14
1.7775E+26	4.5959E-13	7.6344E-14	7.6344E-14
1.7813E+26	4.5795E-13	7.6071E-14	7.6071E-14
1.7850E+26	4.5631E-13	7.5799E-14	7.5799E-14
1.7888E+26	4.5468E-13	7.5529E-14	7.5529E-14
1.7926E+26	4.5305E-13	7.5259E-14	7.5259E-14
1.7964E+26	4.5144E-13	7.4990E-14	7.4990E-14
1.8002E+26	4.4982E-13	7.4722E-14	7.4722E-14
1.8040E+26	4.4822E-13	7.4455E-14	7.4455E-14
1.8078E+26	4.4661E-13	7.4189E-14	7.4189E-14
1.8116E+26	4.4502E-13	7.3924E-14	7.3924E-14
1.8155E+26	4.4343E-13	7.3660E-14	7.3660E-14
1.8193E+26	4.4184E-13	7.3396E-14	7.3396E-14
1.8232E+26	4.4027E-13	7.3134E-14	7.3134E-14
1.8270E+26	4.3869E-13	7.2873E-14	7.2873E-14
1.8309E+26	4.3713E-13	7.2613E-14	7.2613E-14
1.8348E+26	4.3556E-13	7.2353E-14	7.2353E-14
1.8386E+26	4.3401E-13	7.2095E-14	7.2095E-14
1.8425E+26	4.3246E-13	7.1837E-14	7.1837E-14
1.8464E+26	4.3091E-13	7.1580E-14	7.1580E-14
1.8503E+26	4.2937E-13	7.1325E-14	7.1325E-14
1.8542E+26	4.2784E-13	7.1070E-14	7.1070E-14
1.8582E+26	4.2631E-13	7.0816E-14	7.0816E-14
1.8621E+26	4.2479E-13	7.0563E-14	7.0563E-14
1.8660E+26	4.2327E-13	7.0311E-14	7.0311E-14
1.8700E+26	4.2176E-13	7.0059E-14	7.0059E-14
1.8739E+26	4.2025E-13	6.9809E-14	6.9809E-14
1.8779E+26	4.1875E-13	6.9560E-14	6.9560E-14
1.8819E+26	4.1725E-13	6.9311E-14	6.9311E-14
1.8859E+26	4.1576E-13	6.9064E-14	6.9064E-14
1.8898E+26	4.1427E-13	6.8817E-14	6.8817E-14
1.8938E+26	4.1279E-13	6.8571E-14	6.8571E-14
1.8978E+26	4.1132E-13	6.8326E-14	6.8326E-14
1.9019E+26	4.0985E-13	6.8082E-14	6.8082E-14
1.9059E+26	4.0839E-13	6.7839E-14	6.7839E-14
1.9099E+26	4.0693E-13	6.7596E-14	6.7596E-14
1.9140E+26	4.0547E-13	6.7355E-14	6.7355E-14
1.9180E+26	4.0402E-13	6.7114E-14	6.7114E-14
1.9221E+26	4.0258E-13	6.6874E-14	6.6874E-14
1.9261E+26	4.0114E-13	6.6635E-14	6.6635E-14
1.9302E+26	3.9971E-13	6.6397E-14	6.6397E-14
1.9343E+26	3.9828E-13	6.6160E-14	6.6160E-14
1.9384E+26	3.9686E-13	6.5924E-14	6.5924E-14
1.9425E+26	3.9544E-13	6.5688E-14	6.5688E-14
1.9466E+26	3.9403E-13	6.5453E-14	6.5453E-14
1.9507E+26	3.9262E-13	6.5219E-14	6.5219E-14
1.9548E+26	3.9122E-13	6.4986E-14	6.4986E-14
1.9590E+26	3.8982E-13	6.4754E-14	6.4754E-14
1.9631E+26	3.8843E-13	6.4523E-14	6.4523E-14
1.9673E+26	3.8704E-13	6.4292E-14	6.4292E-14
1.9714E+26	3.8565E-13	6.4063E-14	6.4063E-14
1.9756E+26	3.8428E-13	6.3834E-14	6.3834E-14
1.9798E+26	3.8290E-13	6.3606E-14	6.3606E-14
1.9840E+26	3.8154E-13	6.3378E-14	6.3378E-14
1.9881E+26	3.8017E-13	6.3152E-14	6.3152E-14
1.9924E+26	3.7881E-13	6.2926E-14	6.2926E-14
1.9966E+26	3.7746E-13	6.2701E-14	6.2701E-14
2.0008E+26	3.7611E-13	6.2477E-14	6.2477E-14
2.0050E+26	3.7477E-13	6.2254E-14	6.2254E-14
2.0093E+26	3.7343E-13	6.2032E-14	6.2032E-14
2.0135E+26	3.7209E-13	6.1810E-14	6.1810E-14
2.0178E+26	3.7077E-13	6.1589E-14	6.1589E-14
2.0220E+26	3.6944E-13	6.1369E-14	6.1369E-14
2.0263E+26	3.6812E-13	6.1150E-14	6.1150E-14
2.0306E+26	3.6681E-13	6.0931E-14	6.0931E-14
2.0349E+26	3.6549E-13	6.0714E-14	6.0714E-14
2.0392E+26	3.6419E-13	6.0497E-14	6.0497E-14
2.0435E+26	3.6289E-13	6.0281E-14	6.0281E-14
2.0478E+26	3.6159E-13	6.0065E-14	6.0065E-14
2.0522E+26	3.6030E-13	5.9851E-14	5.9851E-14
2.0565E+26	3.5901E-13	5.9637E-14	5.9637E-14
2.0609E+26	3.5773E-13	5.9424E-14	5.9424E-14
2.0652E+26	3.5645E-13	5.9211E-14	5.9211E-14
2.0696E+26	3.5518E-13	5.9000E-14	5.9000E-14
2.0740E+26	3.5391E-13	5.8789E-14	5.8789E-14
2.0784E+26	3.5264E-13	5.8579E-14	5.8579E-14
2.0827E+26	3.5138E-13	5.8370E-14	5.8370E-14
2.0872E+26	3.5013E-13	5.8161E-14	5.8161E-14
2.0916E+26	3.4888E-13	5.7953E-14	5.7953E-14
2.0960E+26	3.4763E-13	5.7746E-14	5.7746E-14
2.1004E+26	3.4639E-13	5.7540E-14	5.7540E-14
2.1049E+26	3.4515E-13	5.7334E-14	5.7334E-14
2.1093E+26	3.4392E-13	5.7130E-14	5.7130E-14
2.1138E+26	3.4269E-13	5.6925E-14	5.6925E-14
2.1183E+26	3.4146E-13	5.6722E-14	5.6722E-14
2.1227E+26	3.4024E-13	5.6519E-14	5.6519E-14
2.1272E+26	3.3903E-13	5.6317E-14	5.6317E-14
2.1317E+26	3.3782E-13	5.6116E-14	5.6116E-14
2.1362E+26	3.3661E-13	5.5916E-14	5.5916E-14
2.1408E+26	3.3541E-13	5.5716E-14	5.5716E-14
2.1453E+26	3.3421E-13	5.5517E-14	5.5517E-14
2.1498E+26	3.3302E-13	5.5319E-14	5.5319E-14
2.1544E+26	3.3183E-13	5.5121E-14	5.5121E-14
2.1589E+26	3.3064E-13	5.4924E-14	5.4924E-14
2.1635E+26	3.2946E-13	5.4728E-14	5.4728E-14
2.1681E+26	3.2828E-13	5.4532E-14	5.4532E-14
2.1727E+26	3.2711E-13	5.4337E-14	5.4337E-14
2.1772E+26	3.2594E-13	5.4143E-14	5.4143E-14
2.1819E+26	3.2478E-13	5.3950E-14	5.3950E-14
2.1865E+26	3.2362E-13	5.3757E-14	5.3757E-14
2.1911E+26	3.2246E-13	5.3565E-14	5.3565E-14
2.20E+26	3.2131E-13	5.3374E-14	5.3374E-14
