3.022486552606E+025	2.9564E-012	2.120358061518E-12	2.120358061518E-12
3.028459079147E+025	2.9450E-012	2.112189535563E-12	2.112189535563E-12
3.034443407585E+025	2.9337E-012	2.104052478263E-12	2.104052478263E-12
3.040439561239E+025	2.9224E-012	2.095946768388E-12	2.095946768388E-12
3.046447563478E+025	2.9111E-012	2.087872285173E-12	2.087872285173E-12
3.052467437715E+025	2.8999E-012	2.07982890832E-12	2.07982890832E-12
3.058499207409E+025	2.8887E-012	2.071816517995E-12	2.071816517995E-12
3.064542896065E+025	2.8776E-012	2.063834994823E-12	2.063834994823E-12
3.070598527236E+025	2.8665E-012	2.055884219891E-12	2.055884219891E-12
3.076666124521E+025	2.8555E-012	2.047964074745E-12	2.047964074745E-12
3.082745711566E+025	2.8445E-012	2.040074441384E-12	2.040074441384E-12
3.088837312061E+025	2.8335E-012	2.032215202265E-12	2.032215202265E-12
3.094940949747E+025	2.8226E-012	2.024386240295E-12	2.024386240295E-12
3.101056648409E+025	2.8117E-012	2.016587438835E-12	2.016587438835E-12
3.107184431879E+025	2.8009E-012	2.008818681693E-12	2.008818681693E-12
3.113324324039E+025	2.7901E-012	2.001079853126E-12	2.001079853126E-12
3.119476348815E+025	2.7794E-012	1.993370837835E-12	1.993370837835E-12
3.125640530181E+025	2.7687E-012	1.985691520968E-12	1.985691520968E-12
3.13181689216E+025	2.7580E-012	1.978041788113E-12	1.978041788113E-12
3.13800545882E+025	2.7474E-012	1.9704215253E-12	1.9704215253E-12
3.144206254278E+025	2.7368E-012	1.962830618999E-12	1.962830618999E-12
3.150419302699E+025	2.7262E-012	1.955268956114E-12	1.955268956114E-12
3.156644628296E+025	2.7157E-012	1.947736423988E-12	1.947736423988E-12
3.162882255327E+025	2.7053E-012	1.940232910397E-12	1.940232910397E-12
3.169132208102E+025	2.6948E-012	1.932758303549E-12	1.932758303549E-12
3.175394510976E+025	2.6845E-012	1.925312492083E-12	1.925312492083E-12
3.181669188353E+025	2.6741E-012	1.917895365067E-12	1.917895365067E-12
3.187956264686E+025	2.6638E-012	1.910506811996E-12	1.910506811996E-12
3.194255764476E+025	2.6536E-012	1.90314672279E-12	1.90314672279E-12
3.200567712271E+025	2.6433E-012	1.895814987795E-12	1.895814987795E-12
3.20689213267E+025	2.6332E-012	1.888511497779E-12	1.888511497779E-12
3.213229050318E+025	2.6230E-012	1.88123614393E-12	1.88123614393E-12
3.219578489911E+025	2.6129E-012	1.873988817854E-12	1.873988817854E-12
3.225940476192E+025	2.6028E-012	1.866769411578E-12	1.866769411578E-12
3.232315033953E+025	2.5928E-012	1.859577817542E-12	1.859577817542E-12
3.238702188038E+025	2.5828E-012	1.852413928601E-12	1.852413928601E-12
3.245101963335E+025	2.5729E-012	1.845277638024E-12	1.845277638024E-12
3.251514384786E+025	2.5630E-012	1.838168839489E-12	1.838168839489E-12
3.257939477379E+025	2.5531E-012	1.831087427087E-12	1.831087427087E-12
3.264377266153E+025	2.5433E-012	1.824033295313E-12	1.824033295313E-12
3.270827776195E+025	2.5335E-012	1.817006339071E-12	1.817006339071E-12
3.277291032645E+025	2.5237E-012	1.81000645367E-12	1.81000645367E-12
3.283767060688E+025	2.5140E-012	1.803033534821E-12	1.803033534821E-12
3.290255885562E+025	2.5043E-012	1.796087478636E-12	1.796087478636E-12
3.296757532554E+025	2.4946E-012	1.78916818163E-12	1.78916818163E-12
3.303272027001E+025	2.4850E-012	1.782275540716E-12	1.782275540716E-12
3.30979939429E+025	2.4755E-012	1.775409453201E-12	1.775409453201E-12
3.316339659857E+025	2.465921075045E-12	1.768569816791E-12	1.768569816791E-12
3.32289284919E+025	2.456421292593E-12	1.761756529586E-12	1.761756529586E-12
3.329458987828E+025	2.446958107366E-12	1.754969490077E-12	1.754969490077E-12
3.336038101358E+025	2.437531378375E-12	1.748208597146E-12	1.748208597146E-12
3.342630215419E+025	2.428140965175E-12	1.741473750065E-12	1.741473750065E-12
3.3492353557E+025	2.418786727862E-12	1.734764848496E-12	1.734764848496E-12
3.355853547942E+025	2.409468527071E-12	1.728081792484E-12	1.728081792484E-12
3.362484817936E+025	2.400186223975E-12	1.721424482462E-12	1.721424482462E-12
3.369129191523E+025	2.390939680279E-12	1.714792819244E-12	1.714792819244E-12
3.375786694598E+025	2.381728758223E-12	1.70818670403E-12	1.70818670403E-12
3.382457353103E+025	2.372553320578E-12	1.701606038396E-12	1.701606038396E-12
3.389141193036E+025	2.363413230643E-12	1.6950507243E-12	1.6950507243E-12
3.395838240442E+025	2.354308352242E-12	1.688520664077E-12	1.688520664077E-12
3.402548521419E+025	2.345238549726E-12	1.682015760438E-12	1.682015760438E-12
3.409272062119E+025	2.336203687968E-12	1.67553591647E-12	1.67553591647E-12
3.416008888743E+025	2.327203632361E-12	1.669081035631E-12	1.669081035631E-12
3.422759027543E+025	2.318238248817E-12	1.662651021754E-12	1.662651021754E-12
3.429522504826E+025	2.309307403764E-12	1.65624577904E-12	1.65624577904E-12
3.436299346948E+025	2.300410964145E-12	1.64986521206E-12	1.64986521206E-12
3.443089580318E+025	2.291548797415E-12	1.643509225752E-12	1.643509225752E-12
3.4498932314E+025	2.282720771542E-12	1.637177725422E-12	1.637177725422E-12
3.456710326705E+025	2.273926754999E-12	1.630870616738E-12	1.630870616738E-12
3.463540892801E+025	2.265166616768E-12	1.624587805734E-12	1.624587805734E-12
3.470384956305E+025	2.256440226336E-12	1.618329198804E-12	1.618329198804E-12
3.47724254389E+025	2.247747453691E-12	1.612094702705E-12	1.612094702705E-12
3.48411368228E+025	2.239088169324E-12	1.605884224551E-12	1.605884224551E-12
3.49099839825E+025	2.230462244223E-12	1.599697671814E-12	1.599697671814E-12
3.497896718631E+025	2.221869549874E-12	1.593534952324E-12	1.593534952324E-12
3.504808670306E+025	2.213309958258E-12	1.587395974264E-12	1.587395974264E-12
3.511734280211E+025	2.20478334185E-12	1.581280646174E-12	1.581280646174E-12
3.518673575334E+025	2.196289573613E-12	1.575188876942E-12	1.575188876942E-12
3.525626582717E+025	2.187828527004E-12	1.56912057581E-12	1.56912057581E-12
3.532593329458E+025	2.179400075965E-12	1.563075652369E-12	1.563075652369E-12
3.539573842705E+025	2.171004094923E-12	1.557054016558E-12	1.557054016558E-12
3.546568149661E+025	2.162640458791E-12	1.551055578663E-12	1.551055578663E-12
3.553576277583E+025	2.154309042961E-12	1.545080249315E-12	1.545080249315E-12
3.560598253781E+025	2.146009723308E-12	1.539127939492E-12	1.539127939492E-12
3.567634105621E+025	2.137742376183E-12	1.533198560511E-12	1.533198560511E-12
3.574683860521E+025	2.129506878414E-12	1.527292024034E-12	1.527292024034E-12
3.581747545954E+025	2.121303107305E-12	1.521408242061E-12	1.521408242061E-12
3.588825189447E+025	2.11313094063E-12	1.515547126932E-12	1.515547126932E-12
3.595916818582E+025	2.104990256635E-12	1.509708591325E-12	1.509708591325E-12
3.603022460994E+025	2.096880934036E-12	1.503892548254E-12	1.503892548254E-12
3.610142144374E+025	2.088802852016E-12	1.498098911068E-12	1.498098911068E-12
3.617275896468E+025	2.080755890222E-12	1.492327593449E-12	1.492327593449E-12
3.624423745076E+025	2.072739928765E-12	1.486578509414E-12	1.486578509414E-12
3.631585718053E+025	2.06475484822E-12	1.480851573309E-12	1.480851573309E-12
3.63876184331E+025	2.05680052962E-12	1.475146699811E-12	1.475146699811E-12
3.64595214881E+025	2.048876854457E-12	1.469463803925E-12	1.469463803925E-12
3.653156662577E+025	2.040983704678E-12	1.463802800985E-12	1.463802800985E-12
3.660375412684E+025	2.033120962688E-12	1.458163606648E-12	1.458163606648E-12
3.667608427264E+025	2.025288511342E-12	1.452546136899E-12	1.452546136899E-12
3.674855734503E+025	2.017486233948E-12	1.446950308046E-12	1.446950308046E-12
3.682117362645E+025	2.009714014263E-12	1.441376036718E-12	1.441376036718E-12
3.689393339987E+025	2.001971736492E-12	1.435823239868E-12	1.435823239868E-12
3.696683694886E+025	1.994259285285E-12	1.430291834765E-12	1.430291834765E-12
3.70398845575E+025	1.986576545738E-12	1.424781739E-12	1.424781739E-12
3.711307651046E+025	1.97892340339E-12	1.41929287048E-12	1.41929287048E-12
3.718641309298E+025	1.971299744218E-12	1.413825147429E-12	1.413825147429E-12
3.725989459084E+025	1.963705454641E-12	1.408378488385E-12	1.408378488385E-12
3.733352129041E+025	1.956140421516E-12	1.402952812201E-12	1.402952812201E-12
3.740729347861E+025	1.948604532133E-12	1.397548038041E-12	1.397548038041E-12
3.748121144292E+025	1.941097674218E-12	1.392164085383E-12	1.392164085383E-12
3.75552754714E+025	1.93361973593E-12	1.386800874013E-12	1.386800874013E-12
3.762948585269E+025	1.926170605858E-12	1.381458324026E-12	1.381458324026E-12
3.770384287598E+025	1.91875017302E-12	1.376136355826E-12	1.376136355826E-12
3.777834683104E+025	1.911358326863E-12	1.370834890124E-12	1.370834890124E-12
3.78529980082E+025	1.903994957258E-12	1.365553847935E-12	1.365553847935E-12
3.79277966984E+025	1.896659954502E-12	1.360293150578E-12	1.360293150578E-12
3.800274319311E+025	1.889353209313E-12	1.355052719677E-12	1.355052719677E-12
3.80778377844E+025	1.88207461283E-12	1.349832477157E-12	1.349832477157E-12
3.815308076491E+025	1.874824056614E-12	1.344632345243E-12	1.344632345243E-12
3.822847242788E+025	1.867601432641E-12	1.339452246461E-12	1.339452246461E-12
3.830401306709E+025	1.860406633304E-12	1.334292103635E-12	1.334292103635E-12
3.837970297694E+025	1.85323955141E-12	1.329151839885E-12	1.329151839885E-12
3.845554245237E+025	1.846100080181E-12	1.32403137863E-12	1.32403137863E-12
3.853153178895E+025	1.838988113248E-12	1.318930643581E-12	1.318930643581E-12
3.86076712828E+025	1.831903544652E-12	1.313849558744E-12	1.313849558744E-12
3.868396123063E+025	1.824846268845E-12	1.308788048419E-12	1.308788048419E-12
3.876040192975E+025	1.817816180681E-12	1.303746037196E-12	1.303746037196E-12
3.883699367804E+025	1.810813175424E-12	1.298723449957E-12	1.298723449957E-12
3.891373677399E+025	1.803837148737E-12	1.293720211871E-12	1.293720211871E-12
3.899063151667E+025	1.796887996688E-12	1.288736248398E-12	1.288736248398E-12
3.906767820572E+025	1.789965615745E-12	1.283771485283E-12	1.283771485283E-12
3.91448771414E+025	1.783069902773E-12	1.278825848559E-12	1.278825848559E-12
3.922222862456E+025	1.776200755036E-12	1.273899264542E-12	1.273899264542E-12
3.929973295663E+025	1.769358070193E-12	1.268991659834E-12	1.268991659834E-12
3.937739043965E+025	1.762541746299E-12	1.264102961317E-12	1.264102961317E-12
3.945520137625E+025	1.755751681799E-12	1.259233096158E-12	1.259233096158E-12
3.953316606966E+025	1.748987775531E-12	1.254381991802E-12	1.254381991802E-12
3.96112848237E+025	1.742249926722E-12	1.249549575974E-12	1.249549575974E-12
3.968955794281E+025	1.735538034988E-12	1.244735776678E-12	1.244735776678E-12
3.976798573201E+025	1.728852000331E-12	1.239940522196E-12	1.239940522196E-12
3.984656849694E+025	1.722191723139E-12	1.235163741085E-12	1.235163741085E-12
3.992530654383E+025	1.715557104183E-12	1.230405362177E-12	1.230405362177E-12
4.000420017953E+025	1.708948044615E-12	1.225665314579E-12	1.225665314579E-12
4.008324971149E+025	1.702364445972E-12	1.220943527672E-12	1.220943527672E-12
4.016245544775E+025	1.695806210165E-12	1.216239931106E-12	1.216239931106E-12
4.024181769699E+025	1.689273239488E-12	1.211554454807E-12	1.211554454807E-12
4.032133676848E+025	1.682765436607E-12	1.206887028965E-12	1.206887028965E-12
4.040101297211E+025	1.676282704566E-12	1.202237584044E-12	1.202237584044E-12
4.048084661837E+025	1.66982494678E-12	1.197606050772E-12	1.197606050772E-12
4.056083801837E+025	1.663392067039E-12	1.192992360148E-12	1.192992360148E-12
4.064098748384E+025	1.656983969502E-12	1.188396443432E-12	1.188396443432E-12
4.072129532713E+025	1.650600558696E-12	1.183818232153E-12	1.183818232153E-12
4.080176186118E+025	1.644241739519E-12	1.179257658102E-12	1.179257658102E-12
4.088238739959E+025	1.637907417232E-12	1.174714653332E-12	1.174714653332E-12
4.096317225655E+025	1.631597497463E-12	1.170189150159E-12	1.170189150159E-12
4.104411674687E+025	1.625311886204E-12	1.16568108116E-12	1.16568108116E-12
4.1125221186E+025	1.619050489807E-12	1.16119037917E-12	1.16119037917E-12
4.120648589E+025	1.612813214986E-12	1.156716977284E-12	1.156716977284E-12
4.128791117555E+025	1.606599968815E-12	1.152260808855E-12	1.152260808855E-12
4.136949735998E+025	1.600410658726E-12	1.147821807493E-12	1.147821807493E-12
4.145124476123E+025	1.594245192505E-12	1.143399907062E-12	1.143399907062E-12
4.153315369785E+025	1.588103478297E-12	1.138995041683E-12	1.138995041683E-12
4.161522448906E+025	1.581985424598E-12	1.134607145728E-12	1.134607145728E-12
4.169745745468E+025	1.575890940258E-12	1.130236153825E-12	1.130236153825E-12
4.177985291518E+025	1.569819934478E-12	1.125882000852E-12	1.125882000852E-12
4.186241119164E+025	1.563772316808E-12	1.121544621938E-12	1.121544621938E-12
4.19451326058E+025	1.557747997148E-12	1.117223952463E-12	1.117223952463E-12
4.202801748003E+025	1.551746885743E-12	1.112919928054E-12	1.112919928054E-12
4.211106613731E+025	1.545768893185E-12	1.108632484587E-12	1.108632484587E-12
4.219427890131E+025	1.539813930411E-12	1.104361558186E-12	1.104361558186E-12
4.227765609628E+025	1.5338819087E-12	1.10010708522E-12	1.10010708522E-12
4.236119804717E+025	1.527972739673E-12	1.095869002303E-12	1.095869002303E-12
4.244490507952E+025	1.522086335293E-12	1.091647246293E-12	1.091647246293E-12
4.252877751955E+025	1.516222607859E-12	1.087441754293E-12	1.087441754293E-12
4.26128156941E+025	1.51038147001E-12	1.083252463647E-12	1.083252463647E-12
4.269701993068E+025	1.504562834723E-12	1.07907931194E-12	1.07907931194E-12
4.278139055742E+025	1.498766615306E-12	1.074922236997E-12	1.074922236997E-12
4.286592790311E+025	1.492992725405E-12	1.070781176885E-12	1.070781176885E-12
4.295063229721E+025	1.487241078998E-12	1.066656069907E-12	1.066656069907E-12
4.30355040698E+025	1.481511590391E-12	1.062546854605E-12	1.062546854605E-12
4.312054355163E+025	1.475804174225E-12	1.058453469758E-12	1.058453469758E-12
4.320575107409E+025	1.470118745467E-12	1.054375854379E-12	1.054375854379E-12
4.329112696924E+025	1.464455219411E-12	1.050313947719E-12	1.050313947719E-12
4.337667156979E+025	1.45881351168E-12	1.04626768926E-12	1.04626768926E-12
4.346238520911E+025	1.453193538219E-12	1.042237018719E-12	1.042237018719E-12
4.354826822122E+025	1.447595215299E-12	1.038221876044E-12	1.038221876044E-12
4.363432094081E+025	1.442018459513E-12	1.034222201416E-12	1.034222201416E-12
4.372054370322E+025	1.436463187775E-12	1.030237935245E-12	1.030237935245E-12
4.380693684446E+025	1.430929317319E-12	1.026269018171E-12	1.026269018171E-12
4.389350070122E+025	1.425416765699E-12	1.022315391062E-12	1.022315391062E-12
4.398023561082E+025	1.419925450784E-12	1.018376995016E-12	1.018376995016E-12
4.406714191128E+025	1.414455290763E-12	1.014453771356E-12	1.014453771356E-12
4.415421994126E+025	1.409006204138E-12	1.010545661631E-12	1.010545661631E-12
4.424147004011E+025	1.403578109724E-12	1.006652607615E-12	1.006652607615E-12
4.432889254785E+025	1.398170926651E-12	1.002774551309E-12	1.002774551309E-12
4.441648780515E+025	1.39278457436E-12	9.989114349333E-13	9.989114349333E-13
4.450425615338E+025	1.3874189726E-12	9.950632009342E-13	9.950632009342E-13
4.459219793458E+025	1.382074041434E-12	9.91229791978E-13	9.91229791978E-13
4.468031349144E+025	1.376749701227E-12	9.874111509523E-13	9.874111509523E-13
4.476860316735E+025	1.371445872656E-12	9.836072209647E-13	9.836072209647E-13
4.485706730639E+025	1.366162476701E-12	9.798179453422E-13	9.798179453422E-13
4.494570625328E+025	1.360899434646E-12	9.760432676296E-13	9.760432676296E-13
4.503452035347E+025	1.35565666808E-12	9.722831315898E-13	9.722831315898E-13
4.512350995306E+025	1.350434098892E-12	9.685374812018E-13	9.685374812018E-13
4.521267539884E+025	1.345231649274E-12	9.648062606609E-13	9.648062606609E-13
4.530201703828E+025	1.340049241717E-12	9.61089414377E-13	9.61089414377E-13
4.539153521956E+025	1.33488679901E-12	9.573868869744E-13	9.573868869744E-13
4.548123029152E+025	1.329744244239E-12	9.536986232906E-13	9.536986232906E-13
4.55711026037E+025	1.324621500789E-12	9.500245683757E-13	9.500245683757E-13
4.566115250635E+025	1.319518492337E-12	9.463646674914E-13	9.463646674914E-13
4.575138035037E+025	1.314435142855E-12	9.427188661103E-13	9.427188661103E-13
4.58417864874E+025	1.30937137661E-12	9.390871099152E-13	9.390871099152E-13
4.593237126973E+025	1.304327118157E-12	9.35469344798E-13	9.35469344798E-13
4.602313505039E+025	1.299302292345E-12	9.318655168589E-13	9.318655168589E-13
4.611407818307E+025	1.294296824311E-12	9.282755724062E-13	9.282755724062E-13
4.620520102219E+025	1.28931063948E-12	9.246994579546E-13	9.246994579546E-13
4.629650392284E+025	1.284343663565E-12	9.211371202252E-13	9.211371202252E-13
4.638798724084E+025	1.279395822566E-12	9.175885061439E-13	9.175885061439E-13
4.647965133269E+025	1.274467042766E-12	9.140535628415E-13	9.140535628415E-13
4.657149655561E+025	1.269557250733E-12	9.105322376524E-13	9.105322376524E-13
4.666352326752E+025	1.264666373318E-12	9.070244781136E-13	9.070244781136E-13
4.675573182705E+025	1.259794337655E-12	9.035302319646E-13	9.035302319646E-13
4.684812259353E+025	1.254941071157E-12	9.000494471459E-13	9.000494471459E-13
4.694069592702E+025	1.250106501516E-12	8.965820717988E-13	8.965820717988E-13
4.703345218826E+025	1.245290556705E-12	8.931280542643E-13	8.931280542643E-13
4.712639173873E+025	1.240493164973E-12	8.896873430823E-13	8.896873430823E-13
4.721951494062E+025	1.235714254845E-12	8.862598869911E-13	8.862598869911E-13
4.731282215682E+025	1.230953755123E-12	8.828456349263E-13	8.828456349263E-13
4.740631375096E+025	1.226211594881E-12	8.794445360206E-13	8.794445360206E-13
4.749999008737E+025	1.221487703468E-12	8.760565396021E-13	8.760565396021E-13
4.75938515311E+025	1.216782010505E-12	8.726815951947E-13	8.726815951947E-13
4.768789844794E+025	1.212094445884E-12	8.693196525163E-13	8.693196525163E-13
4.778213120438E+025	1.207424939766E-12	8.659706614787E-13	8.659706614787E-13
4.787655016766E+025	1.202773422582E-12	8.626345721867E-13	8.626345721867E-13
4.797115570571E+025	1.198139825031E-12	8.593113349372E-13	8.593113349372E-13
4.806594818722E+025	1.19352407808E-12	8.560009002186E-13	8.560009002186E-13
4.81609279816E+025	1.18892611296E-12	8.527032187102E-13	8.527032187102E-13
4.825609545897E+025	1.184345861167E-12	8.494182412811E-13	8.494182412811E-13
4.835145099021E+025	1.179783254463E-12	8.461459189898E-13	8.461459189898E-13
4.844699494692E+025	1.175238224872E-12	8.428862030832E-13	8.428862030832E-13
4.854272770143E+025	1.170710704677E-12	8.396390449963E-13	8.396390449963E-13
4.863864962681E+025	1.166200626427E-12	8.364043963508E-13	8.364043963508E-13
4.873476109687E+025	1.161707922926E-12	8.33182208955E-13	8.33182208955E-13
4.883106248616E+025	1.157232527241E-12	8.299724348031E-13	8.299724348031E-13
4.892755416996E+025	1.152774372693E-12	8.267750260737E-13	8.267750260737E-13
4.90242365243E+025	1.148333392863E-12	8.235899351299E-13	8.235899351299E-13
4.912110992595E+025	1.143909521587E-12	8.204171145185E-13	8.204171145185E-13
4.921817475243E+025	1.139502692954E-12	8.172565169689E-13	8.172565169689E-13
4.931543138199E+025	1.13511284131E-12	8.141080953925E-13	8.141080953925E-13
4.941288019365E+025	1.130739901251E-12	8.109718028824E-13	8.109718028824E-13
4.951052156717E+025	1.126383807628E-12	8.078475927121E-13	8.078475927121E-13
4.960835588304E+025	1.12204449554E-12	8.047354183354E-13	8.047354183354E-13
4.970638352254E+025	1.117721900337E-12	8.016352333852E-13	8.016352333852E-13
4.980460486767E+025	1.11341595762E-12	7.985469916732E-13	7.985469916732E-13
4.990302030121E+025	1.109126603235E-12	7.954706471888E-13	7.954706471888E-13
5.000163020668E+025	1.104853773278E-12	7.924061540988E-13	7.924061540988E-13
5.010043496835E+025	1.100597404089E-12	7.893534667467E-13	7.893534667467E-13
5.019943497128E+025	1.096357432254E-12	7.863125396516E-13	7.863125396516E-13
5.029863060127E+025	1.092133794603E-12	7.83283327508E-13	7.83283327508E-13
5.039802224488E+025	1.087926428211E-12	7.80265785185E-13	7.80265785185E-13
5.049761028943E+025	1.083735270394E-12	7.772598677253E-13	7.772598677253E-13
5.059739512303E+025	1.079560258708E-12	7.742655303451E-13	7.742655303451E-13
5.069737713454E+025	1.075401330953E-12	7.712827284329E-13	7.712827284329E-13
5.079755671358E+025	1.071258425166E-12	7.683114175492E-13	7.683114175492E-13
5.089793425055E+025	1.067131479624E-12	7.653515534255E-13	7.653515534255E-13
5.099851013663E+025	1.06302043284E-12	7.624030919642E-13	7.624030919642E-13
5.109928476376E+025	1.058925223567E-12	7.594659892372E-13	7.594659892372E-13
5.120025852466E+025	1.054845790791E-12	7.565402014859E-13	7.565402014859E-13
5.130143181282E+025	1.050782073735E-12	7.536256851201E-13	7.536256851201E-13
5.140280502251E+025	1.046734011854E-12	7.507223967177E-13	7.507223967177E-13
5.150437854879E+025	1.042701544839E-12	7.478302930237E-13	7.478302930237E-13
5.160615278749E+025	1.038684612611E-12	7.449493309498E-13	7.449493309498E-13
5.170812813521E+025	1.034683155324E-12	7.420794675738E-13	7.420794675738E-13
5.181030498937E+025	1.030697113361E-12	7.392206601387E-13	7.392206601387E-13
5.191268374813E+025	1.026726427337E-12	7.363728660523E-13	7.363728660523E-13
5.201526481048E+025	1.022771038092E-12	7.335360428865E-13	7.335360428865E-13
5.211804857617E+025	1.018830886699E-12	7.307101483766E-13	7.307101483766E-13
5.222103544575E+025	1.014905914454E-12	7.278951404208E-13	7.278951404208E-13
5.232422582055E+025	1.01099606288E-12	7.250909770794E-13	7.250909770794E-13
5.242762010271E+025	1.007101273727E-12	7.222976165742E-13	7.222976165742E-13
5.253121869516E+025	1.003221488966E-12	7.195150172883E-13	7.195150172883E-13
5.263502200162E+025	9.993566507959E-13	7.167431377646E-13	7.167431377646E-13
5.273903042661E+025	9.955067016349E-13	7.139819367062E-13	7.139819367062E-13
5.284324437545E+025	9.916715841244E-13	7.11231372975E-13	7.11231372975E-13
5.294766425426E+025	9.878512411264E-13	7.084914055915E-13	7.084914055915E-13
5.305229046998E+025	9.840456157233E-13	7.05761993734E-13	7.05761993734E-13
5.315712343032E+025	9.802546512167E-13	7.030430967381E-13	7.030430967381E-13
5.326216354381E+025	9.764782911264E-13	7.003346740961E-13	7.003346740961E-13
5.336741121981E+025	9.7271647919E-13	6.976366854563E-13	6.976366854563E-13
5.347286686846E+025	9.689691593618E-13	6.949490906224E-13	6.949490906224E-13
5.357853090072E+025	9.65236275812E-13	6.922718495531E-13	6.922718495531E-13
5.368440372836E+025	9.615177729258E-13	6.896049223612E-13	6.896049223612E-13
5.379048576397E+025	9.578135953029E-13	6.869482693133E-13	6.869482693133E-13
5.389677742095E+025	9.541236877562E-13	6.84301850829E-13	6.84301850829E-13
5.400327911352E+025	9.504479953112E-13	6.816656274803E-13	6.816656274803E-13
5.410999125671E+025	9.467864632052E-13	6.790395599912E-13	6.790395599912E-13
5.421691426639E+025	9.431390368867E-13	6.764236092371E-13	6.764236092371E-13
5.432404855923E+025	9.395056620141E-13	6.738177362439E-13	6.738177362439E-13
5.443139455273E+025	9.358862844552E-13	6.712219021878E-13	6.712219021878E-13
5.453895266522E+025	9.322808502863E-13	6.686360683945E-13	6.686360683945E-13
5.464672331586E+025	9.286893057916E-13	6.660601963387E-13	6.660601963387E-13
5.475470692462E+025	9.251115974621E-13	6.634942476436E-13	6.634942476436E-13
5.486290391232E+025	9.21547671995E-13	6.609381840801E-13	6.609381840801E-13
5.49713147006E+025	9.179974762928E-13	6.583919675664E-13	6.583919675664E-13
5.507993971193E+025	9.144609574625E-13	6.558555601676E-13	6.558555601676E-13
5.518877936964E+025	9.109380628151E-13	6.533289240946E-13	6.533289240946E-13
5.529783409786E+025	9.074287398643E-13	6.508120217043E-13	6.508120217043E-13
5.540710432159E+025	9.039329363261E-13	6.483048154982E-13	6.483048154982E-13
5.551659046664E+025	9.004506001181E-13	6.458072681226E-13	6.458072681226E-13
5.562629295969E+025	8.969816793582E-13	6.433193423674E-13	6.433193423674E-13
5.573621222824E+025	8.935261223644E-13	6.408410011662E-13	6.408410011662E-13
5.584634870066E+025	8.900838776539E-13	6.38372207595E-13	6.38372207595E-13
5.595670280614E+025	8.866548939419E-13	6.359129248724E-13	6.359129248724E-13
5.606727497473E+025	8.832391201415E-13	6.334631163584E-13	6.334631163584E-13
5.617806563733E+025	8.798365053624E-13	6.310227455544E-13	6.310227455544E-13
5.628907522569E+025	8.764469989105E-13	6.285917761023E-13	6.285917761023E-13
5.640030417242E+025	8.730705502868E-13	6.261701717841E-13	6.261701717841E-13
5.651175291098E+025	8.697071091871E-13	6.237578965212E-13	6.237578965212E-13
5.662342187567E+025	8.663566255007E-13	6.213549143742E-13	6.213549143742E-13
5.673531150169E+025	8.630190493102E-13	6.189611895419E-13	6.189611895419E-13
5.684742222504E+025	8.596943308904E-13	6.165766863613E-13	6.165766863613E-13
5.695975448265E+025	8.563824207077E-13	6.142013693066E-13	6.142013693066E-13
5.707230871225E+025	8.530832694192E-13	6.118352029889E-13	6.118352029889E-13
5.718508535248E+025	8.497968278723E-13	6.094781521557E-13	6.094781521557E-13
5.729808484282E+025	8.465230471035E-13	6.071301816902E-13	6.071301816902E-13
5.741130762364E+025	8.432618783382E-13	6.04791256611E-13	6.04791256611E-13
5.752475413616E+025	8.400132729895E-13	6.024613420713E-13	6.024613420713E-13
5.763842482249E+025	8.367771826577E-13	6.001404033588E-13	6.001404033588E-13
5.775232012559E+025	8.335535591298E-13	5.978284058947E-13	5.978284058947E-13
5.786644048932E+025	8.303423543781E-13	5.955253152334E-13	5.955253152334E-13
5.798078635841E+025	8.271435205603E-13	5.932310970622E-13	5.932310970622E-13
5.809535817845E+025	8.239570100183E-13	5.909457172005E-13	5.909457172005E-13
5.821015639594E+025	8.207827752774E-13	5.886691415992E-13	5.886691415992E-13
5.832518145825E+025	8.176207690462E-13	5.864013363407E-13	5.864013363407E-13
5.844043381362E+025	8.14470944215E-13	5.841422676378E-13	5.841422676378E-13
5.855591391119E+025	8.113332538561E-13	5.818919018335E-13	5.818919018335E-13
5.8671622201E+025	8.082076512221E-13	5.796502054006E-13	5.796502054006E-13
5.878755913395E+025	8.050940897461E-13	5.77417144941E-13	5.77417144941E-13
5.890372516186E+025	8.019925230402E-13	5.751926871851E-13	5.751926871851E-13
5.902012073741E+025	7.989029048956E-13	5.729767989917E-13	5.729767989917E-13
5.913674631421E+025	7.958251892813E-13	5.707694473472E-13	5.707694473472E-13
5.925360234674E+025	7.927593303436E-13	5.685705993652E-13	5.685705993652E-13
5.937068929038E+025	7.897052824055E-13	5.663802222858E-13	5.663802222858E-13
5.948800760144E+025	7.866629999661E-13	5.641982834756E-13	5.641982834756E-13
5.96055577371E+025	7.836324376995E-13	5.620247504267E-13	5.620247504267E-13
5.972334015544E+025	7.806135504547E-13	5.598595907566E-13	5.598595907566E-13
5.984135531547E+025	7.776062932545E-13	5.577027722074E-13	5.577027722074E-13
5.995960367709E+025	7.74610621295E-13	5.555542626455E-13	5.555542626455E-13
6.007808570112E+025	7.716264899449E-13	5.534140300612E-13	5.534140300612E-13
6.019680184928E+025	7.686538547449E-13	5.51282042568E-13	5.51282042568E-13
6.03157525842E+025	7.656926714067E-13	5.491582684023E-13	5.491582684023E-13
6.043493836944E+025	7.62742895813E-13	5.470426759229E-13	5.470426759229E-13
6.055435966946E+025	7.598044840163E-13	5.449352336103E-13	5.449352336103E-13
6.067401694965E+025	7.568773922384E-13	5.428359100667E-13	5.428359100667E-13
6.079391067631E+025	7.539615768696E-13	5.407446740151E-13	5.407446740151E-13
6.091404131668E+025	7.510569944686E-13	5.386614942991E-13	5.386614942991E-13
6.103440933888E+025	7.481636017609E-13	5.365863398821E-13	5.365863398821E-13
6.115501521201E+025	7.452813556393E-13	5.345191798473E-13	5.345191798473E-13
6.127585940606E+025	7.424102131622E-13	5.324599833969E-13	5.324599833969E-13
6.139694239195E+025	7.395501315536E-13	5.304087198517E-13	5.304087198517E-13
6.151826464156E+025	7.367010682025E-13	5.283653586509E-13	5.283653586509E-13
6.163982662767E+025	7.338629806617E-13	5.263298693513E-13	5.263298693513E-13
6.176162882401E+025	7.310358266477E-13	5.243022216268E-13	5.243022216268E-13
6.188367170524E+025	7.282195640399E-13	5.222823852684E-13	5.222823852684E-13
6.200595574697E+025	7.254141508799E-13	5.202703301834E-13	5.202703301834E-13
6.212848142573E+025	7.226195453711E-13	5.182660263949E-13	5.182660263949E-13
6.2251249219E+025	7.198357058778E-13	5.162694440417E-13	5.162694440417E-13
6.237425960522E+025	7.170625909245E-13	5.142805533776E-13	5.142805533776E-13
6.249751306375E+025	7.143001591959E-13	5.122993247707E-13	5.122993247707E-13
6.262101007491E+025	7.115483695356E-13	5.103257287037E-13	5.103257287037E-13
6.274475111997E+025	7.088071809458E-13	5.083597357726E-13	5.083597357726E-13
6.286873668114E+025	7.060765525866E-13	5.06401316687E-13	5.06401316687E-13
6.299296724161E+025	7.033564437755E-13	5.044504422692E-13	5.044504422692E-13
6.311744328549E+025	7.006468139867E-13	5.025070834538E-13	5.025070834538E-13
6.324216529786E+025	6.979476228506E-13	5.005712112877E-13	5.005712112877E-13
6.336713376478E+025	6.952588301529E-13	4.986427969289E-13	4.986427969289E-13
6.349234917324E+025	6.925803958345E-13	4.967218116468E-13	4.967218116468E-13
6.36178120112E+025	6.899122799904E-13	4.948082268215E-13	4.948082268215E-13
6.374352276759E+025	6.872544428695E-13	4.929020139433E-13	4.929020139433E-13
6.386948193231E+025	6.846068448737E-13	4.910031446122E-13	4.910031446122E-13
6.399568999622E+025	6.819694465575E-13	4.891115905377E-13	4.891115905377E-13
6.412214745115E+025	6.793422086274E-13	4.872273235384E-13	4.872273235384E-13
6.424885478991E+025	6.767250919413E-13	4.853503155413E-13	4.853503155413E-13
6.437581250628E+025	6.741180575079E-13	4.834805385816E-13	4.834805385816E-13
6.4503021095E+025	6.715210664858E-13	4.816179648024E-13	4.816179648024E-13
6.463048105181E+025	6.689340801837E-13	4.797625664538E-13	4.797625664538E-13
6.475819287343E+025	6.663570600591E-13	4.779143158931E-13	4.779143158931E-13
6.488615705754E+025	6.637899677179E-13	4.760731855839E-13	4.760731855839E-13
6.501437410282E+025	6.612327649142E-13	4.742391480959E-13	4.742391480959E-13
6.514284450893E+025	6.586854135492E-13	4.724121761046E-13	4.724121761046E-13
6.527156877652E+025	6.56147875671E-13	4.705922423906E-13	4.705922423906E-13
6.540054740722E+025	6.536201134737E-13	4.687793198395E-13	4.687793198395E-13
6.552978090368E+025	6.511020892974E-13	4.669733814414E-13	4.669733814414E-13
6.565926976951E+025	6.485937656269E-13	4.651744002902E-13	4.651744002902E-13
6.578901450932E+025	6.460951050918E-13	4.633823495837E-13	4.633823495837E-13
6.591901562874E+025	6.436060704656E-13	4.615972026228E-13	4.615972026228E-13
6.604927363437E+025	6.411266246651E-13	4.598189328113E-13	4.598189328113E-13
6.617978903384E+025	6.386567307501E-13	4.580475136556E-13	4.580475136556E-13
6.631056233576E+025	6.361963519226E-13	4.56282918764E-13	4.56282918764E-13
6.644159404975E+025	6.337454515264E-13	4.545251218465E-13	4.545251218465E-13
6.657288468644E+025	6.313039930466E-13	4.527740967143E-13	4.527740967143E-13
6.670443475747E+025	6.288719401089E-13	4.510298172798E-13	4.510298172798E-13
6.68362447755E+025	6.264492564791E-13	4.492922575555E-13	4.492922575555E-13
6.696831525419E+025	6.240359060626E-13	4.475613916542E-13	4.475613916542E-13
6.710064670821E+025	6.21631852904E-13	4.458371937886E-13	4.458371937886E-13
6.723323965326E+025	6.19237061186E-13	4.441196382704E-13	4.441196382704E-13
6.736609460605E+025	6.168514952299E-13	4.424086995106E-13	4.424086995106E-13
6.749921208432E+025	6.144751194939E-13	4.407043520185E-13	4.407043520185E-13
6.763259260683E+025	6.121078985735E-13	4.390065704017E-13	4.390065704017E-13
6.776623669337E+025	6.097497972002E-13	4.373153293657E-13	4.373153293657E-13
6.790014486473E+025	6.074007802419E-13	4.356306037134E-13	4.356306037134E-13
6.803431764277E+025	6.050608127013E-13	4.339523683447E-13	4.339523683447E-13
6.816875555035E+025	6.027298597164E-13	4.322805982564E-13	4.322805982564E-13
6.830345911138E+025	6.00407886559E-13	4.306152685412E-13	4.306152685412E-13
6.843842885079E+025	5.980948586352E-13	4.289563543883E-13	4.289563543883E-13
6.857366529456E+025	5.957907414841E-13	4.27303831082E-13	4.27303831082E-13
6.870916896972E+025	5.934955007775E-13	4.256576740022E-13	4.256576740022E-13
6.884494040431E+025	5.912091023195E-13	4.240178586234E-13	4.240178586234E-13
6.898098012744E+025	5.889315120462E-13	4.223843605146E-13	4.223843605146E-13
6.911728866925E+025	5.866626960245E-13	4.20757155339E-13	4.20757155339E-13
6.925386656094E+025	5.844026204523E-13	4.191362188536E-13	4.191362188536E-13
6.939071433476E+025	5.821512516577E-13	4.175215269087E-13	4.175215269087E-13
6.952783252398E+025	5.799085560984E-13	4.159130554477E-13	4.159130554477E-13
6.966522166298E+025	5.776745003614E-13	4.143107805065E-13	4.143107805065E-13
6.980288228715E+025	5.754490511624E-13	4.127146782135E-13	4.127146782135E-13
6.994081493295E+025	5.732321753453E-13	4.111247247891E-13	4.111247247891E-13
7.00790201379E+025	5.710238398819E-13	4.095408965452E-13	4.095408965452E-13
7.021749844061E+025	5.68824011871E-13	4.07963169885E-13	4.07963169885E-13
7.03562503807E+025	5.666326585384E-13	4.063915213024E-13	4.063915213024E-13
7.04952764989E+025	5.644497472358E-13	4.048259273824E-13	4.048259273824E-13
7.063457733699E+025	5.622752454409E-13	4.032663647995E-13	4.032663647995E-13
7.077415343783E+025	5.601091207569E-13	4.017128103187E-13	4.017128103187E-13
7.091400534535E+025	5.579513409114E-13	4.00165240794E-13	4.00165240794E-13
7.105413360454E+025	5.558018737566E-13	3.986236331689E-13	3.986236331689E-13
7.119453876149E+025	5.536606872684E-13	3.970879644756E-13	3.970879644756E-13
7.133522136336E+025	5.515277495462E-13	3.955582118347E-13	3.955582118347E-13
7.147618195838E+025	5.494030288121E-13	3.940343524552E-13	3.940343524552E-13
7.161742109588E+025	5.472864934109E-13	3.925163636337E-13	3.925163636337E-13
7.175893932627E+025	5.451781118091E-13	3.910042227542E-13	3.910042227542E-13
7.190073720104E+025	5.430778525949E-13	3.89497907288E-13	3.89497907288E-13
7.204281527278E+025	5.409856844772E-13	3.879973947931E-13	3.879973947931E-13
7.218517409516E+025	5.389015762858E-13	3.865026629139E-13	3.865026629139E-13
7.232781422297E+025	5.368254969703E-13	3.850136893812E-13	3.850136893812E-13
7.247073621206E+025	5.347574156001E-13	3.835304520112E-13	3.835304520112E-13
7.26139406194E+025	5.326973013637E-13	3.820529287058E-13	3.820529287058E-13
7.275742800307E+025	5.306451235683E-13	3.80581097452E-13	3.80581097452E-13
7.290119892222E+025	5.286008516393E-13	3.791149363215E-13	3.791149363215E-13
7.304525393714E+025	5.265644551199E-13	3.776544234707E-13	3.776544234707E-13
7.318959360921E+025	5.245359036708E-13	3.7619953714E-13	3.7619953714E-13
7.333421850092E+025	5.225151670692E-13	3.747502556535E-13	3.747502556535E-13
7.347912917586E+025	5.205022152092E-13	3.73306557419E-13	3.73306557419E-13
7.362432619877E+025	5.184970181004E-13	3.718684209275E-13	3.718684209275E-13
7.376981013547E+025	5.164995458684E-13	3.704358247528E-13	3.704358247528E-13
7.39155815529E+025	5.145097687536E-13	3.690087475511E-13	3.690087475511E-13
7.406164101915E+025	5.125276571111E-13	3.67587168061E-13	3.67587168061E-13
7.420798910341E+025	5.105531814102E-13	3.66171065103E-13	3.66171065103E-13
7.435462637598E+025	5.085863122341E-13	3.647604175791E-13	3.647604175791E-13
7.450155340833E+025	5.066270202791E-13	3.633552044728E-13	3.633552044728E-13
7.464877077301E+025	5.046752763545E-13	3.619554048482E-13	3.619554048482E-13
7.479627904375E+025	5.027310513821E-13	3.605609978503E-13	3.605609978503E-13
7.494407879537E+025	5.007943163957E-13	3.591719627045E-13	3.591719627045E-13
7.509217060386E+025	4.988650425407E-13	3.57788278716E-13	3.57788278716E-13
7.524055504632E+025	4.969432010735E-13	3.5640992527E-13	3.5640992527E-13
7.538923270101E+025	4.950287633615E-13	3.550368818308E-13	3.550368818308E-13
7.553820414732E+025	4.931217008821E-13	3.536691279421E-13	3.536691279421E-13
7.56874699658E+025	4.91221985223E-13	3.523066432262E-13	3.523066432262E-13
7.583703073814E+025	4.893295880809E-13	3.509494073841E-13	3.509494073841E-13
7.598688704718E+025	4.874444812618E-13	3.495974001948E-13	3.495974001948E-13
7.613703947689E+025	4.855666366803E-13	3.482506015154E-13	3.482506015154E-13
7.628748861243E+025	4.836960263592E-13	3.469089912804E-13	3.469089912804E-13
7.64382350401E+025	4.818326224289E-13	3.455725495017E-13	3.455725495017E-13
7.658927934736E+025	4.799763971273E-13	3.442412562682E-13	3.442412562682E-13
7.674062212282E+025	4.781273227994E-13	3.429150917456E-13	3.429150917456E-13
7.689226395626E+025	4.762853718965E-13	3.415940361757E-13	3.415940361757E-13
7.704420543864E+025	4.744505169761E-13	3.402780698769E-13	3.402780698769E-13
7.719644716207E+025	4.726227307014E-13	3.389671732429E-13	3.389671732429E-13
7.734898971984E+025	4.708019858411E-13	3.376613267434E-13	3.376613267434E-13
7.750183370639E+025	4.689882552686E-13	3.36360510923E-13	3.36360510923E-13
7.765497971738E+025	4.671815119618E-13	3.350647064013E-13	3.350647064013E-13
7.78084283496E+025	4.653817290029E-13	3.337738938728E-13	3.337738938728E-13
7.796218020104E+025	4.635888795775E-13	3.324880541061E-13	3.324880541061E-13
7.811623587089E+025	4.618029369747E-13	3.312071679441E-13	3.312071679441E-13
7.827059595947E+025	4.600238745866E-13	3.299312163032E-13	3.299312163032E-13
7.842526106835E+025	4.582516659075E-13	3.286601801738E-13	3.286601801738E-13
7.858023180025E+025	4.564862845341E-13	3.27394040619E-13	3.27394040619E-13
7.873550875909E+025	4.547277041647E-13	3.261327787752E-13	3.261327787752E-13
7.889109254999E+025	4.529758985988E-13	3.248763758513E-13	3.248763758513E-13
7.904698377925E+025	4.512308417371E-13	3.236248131288E-13	3.236248131288E-13
7.920318305438E+025	4.494925075806E-13	3.22378071961E-13	3.22378071961E-13
7.935969098409E+025	4.477608702307E-13	3.211361337734E-13	3.211361337734E-13
7.951650817829E+025	4.460359038883E-13	3.198989800628E-13	3.198989800628E-13
7.967363524809E+025	4.443175828538E-13	3.186665923972E-13	3.186665923972E-13
7.983107280583E+025	4.426058815268E-13	3.17438952416E-13	3.17438952416E-13
7.998882146503E+025	4.409007744053E-13	3.162160418289E-13	3.162160418289E-13
8.014688184045E+025	4.392022360855E-13	3.149978424163E-13	3.149978424163E-13
8.030525454803E+025	4.375102412616E-13	3.137843360288E-13	3.137843360288E-13
8.046394020496E+025	4.358247647253E-13	3.125755045868E-13	3.125755045868E-13
8.062293942964E+025	4.341457813654E-13	3.113713300805E-13	3.113713300805E-13
8.078225284168E+025	4.324732661674E-13	3.101717945693E-13	3.101717945693E-13
8.094188106194E+025	4.30807194213E-13	3.089768801818E-13	3.089768801818E-13
8.110182471248E+025	4.291475406803E-13	3.077865691155E-13	3.077865691155E-13
8.126208441659E+025	4.274942808427E-13	3.066008436364E-13	3.066008436364E-13
8.142266079882E+025	4.25847390069E-13	3.054196860789E-13	3.054196860789E-13
8.158355448493E+025	4.242068438227E-13	3.042430788454E-13	3.042430788454E-13
8.174476610192E+025	4.225726176622E-13	3.030710044061E-13	3.030710044061E-13
8.190629627803E+025	4.209446872396E-13	3.019034452987E-13	3.019034452987E-13
8.206814564274E+025	4.193230283011E-13	3.007403841283E-13	3.007403841283E-13
8.223031482679E+025	4.177076166863E-13	2.995818035668E-13	2.995818035668E-13
8.239280446213E+025	4.160984283279E-13	2.984276863531E-13	2.984276863531E-13
8.255561518201E+025	4.144954392511E-13	2.972780152925E-13	2.972780152925E-13
8.271874762088E+025	4.128986255737E-13	2.961327732563E-13	2.961327732563E-13
8.288220241447E+025	4.113079635054E-13	2.949919431823E-13	2.949919431823E-13
8.304598019978E+025	4.097234293476E-13	2.938555080735E-13	2.938555080735E-13
8.321008161503E+025	4.081449994929E-13	2.927234509987E-13	2.927234509987E-13
8.337450729974E+025	4.06572650425E-13	2.915957550918E-13	2.915957550918E-13
8.353925789466E+025	4.050063587181E-13	2.904724035519E-13	2.904724035519E-13
8.370433404183E+025	4.034461010366E-13	2.893533796424E-13	2.893533796424E-13
8.386973638456E+025	4.018918541349E-13	2.882386666915E-13	2.882386666915E-13
8.403546556741E+025	4.003435948569E-13	2.871282480916E-13	2.871282480916E-13
8.420152223623E+025	3.988013001356E-13	2.860221072989E-13	2.860221072989E-13
8.436790703815E+025	3.972649469932E-13	2.849202278336E-13	2.849202278336E-13
8.453462062156E+025	3.9573451254E-13	2.838225932792E-13	2.838225932792E-13
8.470166363615E+025	3.942099739748E-13	2.827291872824E-13	2.827291872824E-13
8.486903673288E+025	3.926913085841E-13	2.816399935531E-13	2.816399935531E-13
8.5036740564E+025	3.911784937418E-13	2.805549958638E-13	2.805549958638E-13
8.520477578306E+025	3.896715069092E-13	2.794741780496E-13	2.794741780496E-13
8.537314304489E+025	3.881703256344E-13	2.783975240078E-13	2.783975240078E-13
8.554184300562E+025	3.866749275517E-13	2.773250176977E-13	2.773250176977E-13
8.571087632267E+025	3.851852903819E-13	2.762566431406E-13	2.762566431406E-13
8.588024365476E+025	3.837013919314E-13	2.751923844191E-13	2.751923844191E-13
8.604994566191E+025	3.822232100924E-13	2.741322256773E-13	2.741322256773E-13
8.621998300546E+025	3.807507228418E-13	2.730761511203E-13	2.730761511203E-13
8.639035634804E+025	3.792839082419E-13	2.720241450141E-13	2.720241450141E-13
8.656106635359E+025	3.77822744439E-13	2.709761916853E-13	2.709761916853E-13
8.673211368737E+025	3.763672096639E-13	2.699322755208E-13	2.699322755208E-13
8.690349901595E+025	3.749172822311E-13	2.688923809678E-13	2.688923809678E-13
8.707522300722E+025	3.734729405389E-13	2.678564925333E-13	2.678564925333E-13
8.724728633039E+025	3.720341630684E-13	2.66824594784E-13	2.66824594784E-13
8.741968965599E+025	3.706009283841E-13	2.657966723461E-13	2.657966723461E-13
8.759243365587E+025	3.691732151326E-13	2.647727099049E-13	2.647727099049E-13
8.776551900321E+025	3.67751002043E-13	2.63752692205E-13	2.63752692205E-13
8.793894637253E+025	3.663342679265E-13	2.627366040494E-13	2.627366040494E-13
8.811271643968E+025	3.649229916756E-13	2.617244302999E-13	2.617244302999E-13
8.828682988183E+025	3.635171522643E-13	2.607161558765E-13	2.607161558765E-13
8.846128737751E+025	3.621167287475E-13	2.597117657574E-13	2.597117657574E-13
8.863608960657E+025	3.60721700261E-13	2.587112449784E-13	2.587112449784E-13
8.881123725023E+025	3.593320460208E-13	2.577145786334E-13	2.577145786334E-13
8.898673099102E+025	3.579477453229E-13	2.567217518733E-13	2.567217518733E-13
8.916257151285E+025	3.565687775433E-13	2.557327499064E-13	2.557327499064E-13
8.933875950097E+025	3.551951221372E-13	2.54747557998E-13	2.54747557998E-13
8.951529564199E+025	3.538267586392E-13	2.537661614702E-13	2.537661614702E-13
8.969218062385E+025	3.524636666625E-13	2.527885457014E-13	2.527885457014E-13
8.986941513589E+025	3.51105825899E-13	2.518146961266E-13	2.518146961266E-13
9.004699986879E+025	3.497532161187E-13	2.508445982368E-13	2.508445982368E-13
9.022493551458E+025	3.484058171697E-13	2.498782375789E-13	2.498782375789E-13
9.04032227667E+025	3.470636089776E-13	2.489155997555E-13	2.489155997555E-13
9.058186231992E+025	3.457265715454E-13	2.479566704246E-13	2.479566704246E-13
9.07608548704E+025	3.443946849532E-13	2.470014352996E-13	2.470014352996E-13
9.094020111567E+025	3.430679293576E-13	2.460498801488E-13	2.460498801488E-13
9.111990175465E+025	3.41746284992E-13	2.451019907952E-13	2.451019907952E-13
9.129995748762E+025	3.404297321656E-13	2.441577531168E-13	2.441577531168E-13
9.148036901627E+025	3.391182512636E-13	2.432171530458E-13	2.432171530458E-13
9.166113704367E+025	3.378118227469E-13	2.422801765684E-13	2.422801765684E-13
9.184226227425E+025	3.365104271515E-13	2.413468097251E-13	2.413468097251E-13
9.202374541386E+025	3.352140450885E-13	2.404170386099E-13	2.404170386099E-13
9.220558716976E+025	3.339226572435E-13	2.394908493707E-13	2.394908493707E-13
9.238778825056E+025	3.326362443767E-13	2.385682282085E-13	2.385682282085E-13
9.257034936631E+025	3.313547873224E-13	2.376491613776E-13	2.376491613776E-13
9.275327122845E+025	3.300782669886E-13	2.367336351851E-13	2.367336351851E-13
9.293655454983E+025	3.28806664357E-13	2.358216359909E-13	2.358216359909E-13
9.312020004469E+025	3.275399604824E-13	2.349131502077E-13	2.349131502077E-13
9.330420842872E+025	3.262781364929E-13	2.340081643002E-13	2.340081643002E-13
9.348858041897E+025	3.25021173589E-13	2.331066647854E-13	2.331066647854E-13
9.367331673396E+025	3.237690530437E-13	2.322086382322E-13	2.322086382322E-13
9.38584180936E+025	3.225217562021E-13	2.313140712613E-13	2.313140712613E-13
9.404388521923E+025	3.212792644813E-13	2.304229505449E-13	2.304229505449E-13
9.422971883361E+025	3.2004155937E-13	2.295352628066E-13	2.295352628066E-13
9.441591966094E+025	3.18808622428E-13	2.28650994821E-13	2.28650994821E-13
9.460248842684E+025	3.175804352863E-13	2.277701334138E-13	2.277701334138E-13
9.478942585836E+025	3.163569796467E-13	2.268926654615E-13	2.268926654615E-13
9.497673268402E+025	3.151382372814E-13	2.260185778909E-13	2.260185778909E-13
9.516440963373E+025	3.139241900329E-13	2.251478576794E-13	2.251478576794E-13
9.535245743887E+025	3.127148198134E-13	2.242804918545E-13	2.242804918545E-13
9.554087683227E+025	3.115101086053E-13	2.234164674937E-13	2.234164674937E-13
9.57296685482E+025	3.103100384598E-13	2.225557717241E-13	2.225557717241E-13
9.591883332237E+025	3.091145914977E-13	2.216983917228E-13	2.216983917228E-13
9.610837189196E+025	3.079237499086E-13	2.208443147158E-13	2.208443147158E-13
9.629828499561E+025	3.067374959504E-13	2.199935279787E-13	2.199935279787E-13
9.64885733734E+025	3.055558119497E-13	2.191460188359E-13	2.191460188359E-13
9.667923776689E+025	3.043786803012E-13	2.183017746607E-13	2.183017746607E-13
9.687027891909E+025	3.032060834671E-13	2.174607828751E-13	2.174607828751E-13
9.706169757449E+025	3.020380039774E-13	2.166230309495E-13	2.166230309495E-13
9.725349447906E+025	3.008744244294E-13	2.157885064025E-13	2.157885064025E-13
9.744567038021E+025	2.997153274874E-13	2.149571968009E-13	2.149571968009E-13
9.763822602687E+025	2.985606958825E-13	2.141290897595E-13	2.141290897595E-13
9.783116216942E+025	2.974105124122E-13	2.133041729404E-13	2.133041729404E-13
9.802447955973E+025	2.962647599405E-13	2.124824340537E-13	2.124824340537E-13
9.821817895116E+025	2.951234213973E-13	2.116638608566E-13	2.116638608566E-13
9.841226109855E+025	2.939864797782E-13	2.108484411534E-13	2.108484411534E-13
9.860672675824E+025	2.928539181444E-13	2.100361627957E-13	2.100361627957E-13
9.880157668807E+025	2.917257196223E-13	2.092270136815E-13	2.092270136815E-13
9.899681164736E+025	2.906018674034E-13	2.084209817557E-13	2.084209817557E-13
9.919243239695E+025	2.894823447438E-13	2.076180550096E-13	2.076180550096E-13
9.938843969917E+025	2.883671349642E-13	2.068182214806E-13	2.068182214806E-13
9.958483431785E+025	2.872562214495E-13	2.060214692524E-13	2.060214692524E-13
9.978161701835E+025	2.861495876488E-13	2.052277864545E-13	2.052277864545E-13
9.997878856752E+025	2.850472170747E-13	2.044371612621E-13	2.044371612621E-13
1.001763497338E+026	2.839490933034E-13	2.036495818961E-13	2.036495818961E-13
1.003743012869E+026	2.828551999744E-13	2.028650366226E-13	2.028650366226E-13
1.005726439985E+026	2.817655207904E-13	2.020835137529E-13	2.020835137529E-13
1.007713786413E+026	2.806800395165E-13	2.013050016435E-13	2.013050016435E-13
1.0097050599E+026	2.795987399806E-13	2.005294886957E-13	2.005294886957E-13
1.011700268204E+026	2.78521606073E-13	1.997569633554E-13	1.997569633554E-13
1.013699419101E+026	2.774486217457E-13	1.98987414113E-13	1.98987414113E-13
1.015702520382E+026	2.763797710129E-13	1.982208295034E-13	1.982208295034E-13
1.017709579853E+026	2.753150379502E-13	1.974571981055E-13	1.974571981055E-13
1.019720605335E+026	2.742544066946E-13	1.966965085423E-13	1.966965085423E-13
1.021735604665E+026	2.731978614441E-13	1.959387494805E-13	1.959387494805E-13
1.023754585697E+026	2.721453864577E-13	1.951839096307E-13	1.951839096307E-13
1.025777556297E+026	2.71096966055E-13	1.944319777468E-13	1.944319777468E-13
1.027804524349E+026	2.70052584616E-13	1.936829426261E-13	1.936829426261E-13
1.029835497752E+026	2.690122265809E-13	1.929367931089E-13	1.929367931089E-13
1.031870484422E+026	2.679758764498E-13	1.921935180788E-13	1.921935180788E-13
1.033909492287E+026	2.669435187826E-13	1.914531064618E-13	1.914531064618E-13
1.035952529296E+026	2.659151381986E-13	1.907155472271E-13	1.907155472271E-13
1.037999603408E+026	2.648907193764E-13	1.899808293859E-13	1.899808293859E-13
1.040050722602E+026	2.638702470535E-13	1.89248941992E-13	1.89248941992E-13
1.04210589487E+026	2.628537060264E-13	1.885198741414E-13	1.885198741414E-13
1.044165128222E+026	2.6184108115E-13	1.877936149718E-13	1.877936149718E-13
1.046228430683E+026	2.608323573376E-13	1.870701536632E-13	1.870701536632E-13
1.048295810293E+026	2.598275195607E-13	1.863494794368E-13	1.863494794368E-13
1.050367275109E+026	2.588265528486E-13	1.856315815558E-13	1.856315815558E-13
1.052442833203E+026	2.578294422884E-13	1.849164493244E-13	1.849164493244E-13
1.054522492663E+026	2.568361730243E-13	1.842040720881E-13	1.842040720881E-13
1.056606261595E+026	2.558467302583E-13	1.834944392336E-13	1.834944392336E-13
1.058694148119E+026	2.548610992488E-13	1.827875401882E-13	1.827875401882E-13
1.060786160371E+026	2.538792653115E-13	1.820833644203E-13	1.820833644203E-13
1.062882306503E+026	2.529012138184E-13	1.813819014386E-13	1.813819014386E-13
1.064982594684E+026	2.519269301978E-13	1.806831407922E-13	1.806831407922E-13
1.0670870331E+026	2.509563999344E-13	1.799870720707E-13	1.799870720707E-13
1.069195629951E+026	2.499896085686E-13	1.792936849035E-13	1.792936849035E-13
1.071308393454E+026	2.490265416965E-13	1.786029689601E-13	1.786029689601E-13
1.073425331843E+026	2.480671849698E-13	1.7791491395E-13	1.7791491395E-13
1.075546453368E+026	2.471115240955E-13	1.77229509622E-13	1.77229509622E-13
1.077671766294E+026	2.461595448355E-13	1.765467457645E-13	1.765467457645E-13
1.079801278904E+026	2.452112330068E-13	1.758666122054E-13	1.758666122054E-13
1.081934999496E+026	2.442665744807E-13	1.751890988116E-13	1.751890988116E-13
1.084072936386E+026	2.433255551832E-13	1.745141954891E-13	1.745141954891E-13
1.086215097905E+026	2.423881610944E-13	1.738418921827E-13	1.738418921827E-13
1.088361492401E+026	2.414543782485E-13	1.731721788763E-13	1.731721788763E-13
1.090512128239E+026	2.405241927334E-13	1.725050455918E-13	1.725050455918E-13
1.0926670138E+026	2.395975906907E-13	1.718404823901E-13	1.718404823901E-13
1.09482615748E+026	2.386745583153E-13	1.711784793699E-13	1.711784793699E-13
1.096989567696E+026	2.377550818553E-13	1.705190266685E-13	1.705190266685E-13
1.099157252876E+026	2.368391476118E-13	1.698621144609E-13	1.698621144609E-13
1.101329221469E+026	2.359267419387E-13	1.6920773296E-13	1.6920773296E-13
1.103505481939E+026	2.350178512424E-13	1.685558724165E-13	1.685558724165E-13
1.105686042767E+026	2.341124619817E-13	1.679065231186E-13	1.679065231186E-13
1.10787091245E+026	2.332105606676E-13	1.672596753918E-13	1.672596753918E-13
1.110060099503E+026	2.323121338631E-13	1.666153195991E-13	1.666153195991E-13
1.112253612457E+026	2.314171681828E-13	1.659734461404E-13	1.659734461404E-13
1.11445145986E+026	2.305256502929E-13	1.653340454527E-13	1.653340454527E-13
1.116653650278E+026	2.296375669113E-13	1.6469710801E-13	1.6469710801E-13
1.118860192291E+026	2.287529048065E-13	1.640626243226E-13	1.640626243226E-13
1.121071094499E+026	2.278716507985E-13	1.634305849377E-13	1.634305849377E-13
1.123286365519E+026	2.269937917578E-13	1.628009804388E-13	1.628009804388E-13
1.125506013982E+026	2.261193146055E-13	1.621738014456E-13	1.621738014456E-13
1.127730048539E+026	2.252482063131E-13	1.615490386141E-13	1.615490386141E-13
1.129958477856E+026	2.243804539024E-13	1.609266826362E-13	1.609266826362E-13
1.132191310619E+026	2.23516044445E-13	1.603067242397E-13	1.603067242397E-13
1.134428555528E+026	2.226549650624E-13	1.59689154188E-13	1.59689154188E-13
1.136670221302E+026	2.217972029259E-13	1.590739632802E-13	1.590739632802E-13
1.138916316676E+026	2.209427452559E-13	1.584611423509E-13	1.584611423509E-13
1.141166850404E+026	2.200915793223E-13	1.578506822698E-13	1.578506822698E-13
1.143421831256E+026	2.192436924438E-13	1.57242573942E-13	1.57242573942E-13
1.14568126802E+026	2.183990719881E-13	1.566368083076E-13	1.566368083076E-13
1.1479451695E+026	2.175577053716E-13	1.560333763414E-13	1.560333763414E-13
1.15021354452E+026	2.16719580059E-13	1.554322690531E-13	1.554322690531E-13
1.152486401918E+026	2.158846835636E-13	1.548334774872E-13	1.548334774872E-13
1.154763750553E+026	2.150530034465E-13	1.542369927225E-13	1.542369927225E-13
1.157045599298E+026	2.142245273169E-13	1.536428058721E-13	1.536428058721E-13
1.159331957047E+026	2.133992428315E-13	1.530509080836E-13	1.530509080836E-13
1.16162283271E+026	2.125771376949E-13	1.524612905384E-13	1.524612905384E-13
1.163918235213E+026	2.117581996589E-13	1.518739444522E-13	1.518739444522E-13
1.166218173502E+026	2.109424165223E-13	1.512888610742E-13	1.512888610742E-13
1.16852265654E+026	2.101297761313E-13	1.507060316876E-13	1.507060316876E-13
1.170831693308E+026	2.093202663785E-13	1.501254476091E-13	1.501254476091E-13
1.173145292804E+026	2.085138752034E-13	1.495471001887E-13	1.495471001887E-13
1.175463464043E+026	2.07710590592E-13	1.489709808098E-13	1.489709808098E-13
1.17778621606E+026	2.069104005764E-13	1.483970808892E-13	1.483970808892E-13
1.180113557907E+026	2.061132932349E-13	1.478253918764E-13	1.478253918764E-13
1.182445498653E+026	2.053192566918E-13	1.472559052542E-13	1.472559052542E-13
1.184782047386E+026	2.04528279117E-13	1.46688612538E-13	1.46688612538E-13
1.187123213211E+026	2.03740348726E-13	1.461235052759E-13	1.461235052759E-13
1.189469005251E+026	2.029554537798E-13	1.455605750487E-13	1.455605750487E-13
1.191819432649E+026	2.021735825846E-13	1.449998134694E-13	1.449998134694E-13
1.194174504564E+026	2.013947234915E-13	1.444412121835E-13	1.444412121835E-13
1.196534230174E+026	2.006188648968E-13	1.438847628686E-13	1.438847628686E-13
1.198898618674E+026	1.998459952411E-13	1.433304572344E-13	1.433304572344E-13
1.201267679279E+026	1.990761030099E-13	1.427782870225E-13	1.427782870225E-13
1.20364142122E+026	1.983091767327E-13	1.422282440065E-13	1.422282440065E-13
1.206019853749E+026	1.975452049835E-13	1.416803199913E-13	1.416803199913E-13
1.208402986134E+026	1.967841763801E-13	1.411345068138E-13	1.411345068138E-13
1.210790827661E+026	1.960260795844E-13	1.40590796342E-13	1.40590796342E-13
1.213183387637E+026	1.952709033017E-13	1.400491804754E-13	1.400491804754E-13
1.215580675385E+026	1.94518636281E-13	1.395096511447E-13	1.395096511447E-13
1.217982700248E+026	1.937692673145E-13	1.389722003118E-13	1.389722003118E-13
1.220389471586E+026	1.930227852377E-13	1.384368199693E-13	1.384368199693E-13
1.222800998778E+026	1.922791789291E-13	1.379035021408E-13	1.379035021408E-13
1.225217291222E+026	1.9153843731E-13	1.373722388806E-13	1.373722388806E-13
1.227638358335E+026	1.908005493443E-13	1.368430222737E-13	1.368430222737E-13
1.23006420955E+026	1.900655040386E-13	1.363158444355E-13	1.363158444355E-13
1.232494854323E+026	1.893332904418E-13	1.357906975117E-13	1.357906975117E-13
1.234930302124E+026	1.886038976448E-13	1.352675736784E-13	1.352675736784E-13
1.237370562445E+026	1.878773147808E-13	1.347464651419E-13	1.347464651419E-13
1.239815644796E+026	1.871535310247E-13	1.342273641382E-13	1.342273641382E-13
1.242265558705E+026	1.864325355931E-13	1.337102629336E-13	1.337102629336E-13
1.244720313719E+026	1.857143177442E-13	1.33195153824E-13	1.33195153824E-13
1.247179919405E+026	1.849988667776E-13	1.326820291349E-13	1.326820291349E-13
1.249644385347E+026	1.842861720341E-13	1.321708812216E-13	1.321708812216E-13
1.25211372115E+026	1.835762228955E-13	1.316617024686E-13	1.316617024686E-13
1.254587936436E+026	1.828690087845E-13	1.311544852898E-13	1.311544852898E-13
1.257067040849E+026	1.821645191647E-13	1.306492221286E-13	1.306492221286E-13
1.259551044048E+026	1.814627435402E-13	1.301459054571E-13	1.301459054571E-13
1.262039955713E+026	1.807636714555E-13	1.296445277766E-13	1.296445277766E-13
1.264533785545E+026	1.800672924954E-13	1.291450816174E-13	1.291450816174E-13
1.267032543262E+026	1.793735962848E-13	1.286475595383E-13	1.286475595383E-13
1.2695362386E+026	1.786825724887E-13	1.281519541271E-13	1.281519541271E-13
1.272044881318E+026	1.779942108117E-13	1.276582579998E-13	1.276582579998E-13
1.274558481191E+026	1.773085009982E-13	1.271664638011E-13	1.271664638011E-13
1.277077048015E+026	1.766254328322E-13	1.266765642039E-13	1.266765642039E-13
1.279600591604E+026	1.759449961368E-13	1.261885519095E-13	1.261885519095E-13
1.282129121794E+026	1.752671807746E-13	1.257024196472E-13	1.257024196472E-13
1.284662648437E+026	1.74591976647E-13	1.252181601742E-13	1.252181601742E-13
1.287201181406E+026	1.739193736944E-13	1.247357662757E-13	1.247357662757E-13
1.289744730595E+026	1.73249361896E-13	1.242552307649E-13	1.242552307649E-13
1.292293305916E+026	1.725819312696E-13	1.237765464823E-13	1.237765464823E-13
1.2948469173E+026	1.719170718713E-13	1.232997062962E-13	1.232997062962E-13
1.297405574698E+026	1.712547737957E-13	1.228247031025E-13	1.228247031025E-13
1.299969288083E+026	1.705950271756E-13	1.223515298242E-13	1.223515298242E-13
1.302538067444E+026	1.699378221815E-13	1.218801794117E-13	1.218801794117E-13
1.305111922792E+026	1.692831490221E-13	1.214106448425E-13	1.214106448425E-13
1.307690864158E+026	1.686309979437E-13	1.209429191213E-13	1.209429191213E-13
1.310274901591E+026	1.679813592301E-13	1.204769952796E-13	1.204769952796E-13
1.312864045162E+026	1.673342232026E-13	1.200128663757E-13	1.200128663757E-13
1.31545830496E+026	1.666895802198E-13	1.195505254948E-13	1.195505254948E-13
1.318057691096E+026	1.660474206775E-13	1.190899657488E-13	1.190899657488E-13
1.320662213699E+026	1.654077350083E-13	1.186311802758E-13	1.186311802758E-13
1.323271882918E+026	1.647705136818E-13	1.181741622406E-13	1.181741622406E-13
1.325886708925E+026	1.641357472044E-13	1.177189048344E-13	1.177189048344E-13
1.328506701908E+026	1.635034261189E-13	1.172654012743E-13	1.172654012743E-13
1.331131872078E+026	1.628735410046E-13	1.168136448039E-13	1.168136448039E-13
1.333762229665E+026	1.622460824771E-13	1.163636286926E-13	1.163636286926E-13
1.33639778492E+026	1.616210411882E-13	1.159153462357E-13	1.159153462357E-13
1.339038548113E+026	1.609984078256E-13	1.154687907546E-13	1.154687907546E-13
1.341684529535E+026	1.603781731129E-13	1.150239555962E-13	1.150239555962E-13
1.344335739499E+026	1.597603278096E-13	1.14580834133E-13	1.14580834133E-13
1.346992188334E+026	1.591448627106E-13	1.141394197632E-13	1.141394197632E-13
1.349653886395E+026	1.585317686464E-13	1.136997059103E-13	1.136997059103E-13
1.352320844053E+026	1.579210364826E-13	1.132616860232E-13	1.132616860232E-13
1.354993071702E+026	1.573126571203E-13	1.128253535759E-13	1.128253535759E-13
1.357670579754E+026	1.567066214955E-13	1.123907020679E-13	1.123907020679E-13
1.360353378645E+026	1.56102920579E-13	1.119577250233E-13	1.119577250233E-13
1.36304147883E+026	1.555015453767E-13	1.115264159915E-13	1.115264159915E-13
1.365734890783E+026	1.549024869287E-13	1.110967685465E-13	1.110967685465E-13
1.368433625001E+026	1.543057363101E-13	1.106687762871E-13	1.106687762871E-13
1.371137692001E+026	1.5371128463E-13	1.10242432837E-13	1.10242432837E-13
1.37384710232E+026	1.53119123032E-13	1.098177318441E-13	1.098177318441E-13
1.376561866518E+026	1.525292426937E-13	1.093946669811E-13	1.093946669811E-13
1.379281995174E+026	1.519416348267E-13	1.089732319448E-13	1.089732319448E-13
1.382007498888E+026	1.513562906765E-13	1.085534204566E-13	1.085534204566E-13
1.384738388281E+026	1.507732015223E-13	1.081352262616E-13	1.081352262616E-13
1.387474673995E+026	1.501923586768E-13	1.077186431296E-13	1.077186431296E-13
1.390216366695E+026	1.496137534863E-13	1.073036648539E-13	1.073036648539E-13
1.392963477063E+026	1.490373773305E-13	1.06890285252E-13	1.06890285252E-13
1.395716015807E+026	1.48463221622E-13	1.064784981651E-13	1.064784981651E-13
1.398473993651E+026	1.478912778069E-13	1.060682974581E-13	1.060682974581E-13
1.401237421345E+026	1.473215373639E-13	1.056596770196E-13	1.056596770196E-13
1.404006309658E+026	1.467539918048E-13	1.052526307619E-13	1.052526307619E-13
1.406780669378E+026	1.461886326738E-13	1.048471526203E-13	1.048471526203E-13
1.409560511319E+026	1.456254515479E-13	1.04443236554E-13	1.04443236554E-13
1.412345846314E+026	1.450644400366E-13	1.04040876545E-13	1.04040876545E-13
1.415136685216E+026	1.445055897815E-13	1.036400665989E-13	1.036400665989E-13
1.417933038902E+026	1.439488924566E-13	1.032408007441E-13	1.032408007441E-13
1.420734918268E+026	1.433943397678E-13	1.028430730321E-13	1.028430730321E-13
1.423542334235E+026	1.428419234532E-13	1.024468775373E-13	1.024468775373E-13
1.426355297742E+026	1.422916352823E-13	1.020522083569E-13	1.020522083569E-13
1.429173819752E+026	1.417434670569E-13	1.016590596111E-13	1.016590596111E-13
1.431997911248E+026	1.411974106098E-13	1.012674254423E-13	1.012674254423E-13
1.434827583236E+026	1.406534578057E-13	1.008773000158E-13	1.008773000158E-13
1.437662846743E+026	1.401116005404E-13	1.004886775192E-13	1.004886775192E-13
1.440503712818E+026	1.39571830741E-13	1.001015521627E-13	1.001015521627E-13
1.443350192532E+026	1.390341403656E-13	9.971591817866E-14	9.971591817866E-14
1.446202296977E+026	1.384985214035E-13	9.933176982159E-14	9.933176982159E-14
1.449060037269E+026	1.379649658747E-13	9.894910136825E-14	9.894910136825E-14
1.451923424543E+026	1.3743346583E-13	9.856790711744E-14	9.856790711744E-14
1.454792469959E+026	1.369040133507E-13	9.818818138988E-14	9.818818138988E-14
1.457667184697E+026	1.363766005487E-13	9.780991852821E-14	9.780991852821E-14
1.46054757996E+026	1.358512195664E-13	9.743311289683E-14	9.743311289683E-14
1.463433666973E+026	1.353278625763E-13	9.705775888187E-14	9.705775888187E-14
1.466325456983E+026	1.348065217812E-13	9.668385089108E-14	9.668385089108E-14
1.469222961258E+026	1.342871894137E-13	9.631138335376E-14	9.631138335376E-14
1.472126191092E+026	1.337698577365E-13	9.594035072067E-14	9.594035072067E-14
1.475035157797E+026	1.332545190422E-13	9.557074746395E-14	9.557074746395E-14
1.47794987271E+026	1.327411656529E-13	9.520256807701E-14	9.520256807701E-14
1.480870347189E+026	1.322297899204E-13	9.483580707452E-14	9.483580707452E-14
1.483796592616E+026	1.317203842259E-13	9.447045899224E-14	9.447045899224E-14
1.486728620394E+026	1.3121294098E-13	9.4106518387E-14	9.4106518387E-14
1.489666441949E+026	1.307074526224E-13	9.37439798366E-14	9.37439798366E-14
1.49261006873E+026	1.302039116221E-13	9.338283793973E-14	9.338283793973E-14
1.495559512208E+026	1.297023104771E-13	9.302308731587E-14	9.302308731587E-14
1.498514783878E+026	1.292026417142E-13	9.266472260525E-14	9.266472260525E-14
1.501475895255E+026	1.28704897889E-13	9.230773846874E-14	9.230773846874E-14
1.50444285788E+026	1.282090715859E-13	9.195212958777E-14	9.195212958777E-14
1.507415683314E+026	1.277151554178E-13	9.159789066428E-14	9.159789066428E-14
1.510394383143E+026	1.272231420259E-13	9.12450164206E-14	9.12450164206E-14
1.513378968974E+026	1.2673302408E-13	9.089350159941E-14	9.089350159941E-14
1.516369452439E+026	1.26244794278E-13	9.054334096361E-14	9.054334096361E-14
1.519365845192E+026	1.25758445346E-13	9.019452929633E-14	9.019452929633E-14
1.522368158909E+026	1.25273970038E-13	8.984706140074E-14	8.984706140074E-14
1.52537640529E+026	1.247913611361E-13	8.950093210007E-14	8.950093210007E-14
1.528390596059E+026	1.243106114501E-13	8.915613623747E-14	8.915613623747E-14
1.531410742961E+026	1.238317138174E-13	8.881266867598E-14	8.881266867598E-14
1.534436857767E+026	1.233546611032E-13	8.847052429841E-14	8.847052429841E-14
1.537468952269E+026	1.228794462001E-13	8.812969800729E-14	8.812969800729E-14
1.540507038283E+026	1.224060620279E-13	8.779018472478E-14	8.779018472478E-14
1.543551127649E+026	1.219345015341E-13	8.745197939263E-14	8.745197939263E-14
1.546601232229E+026	1.214647576929E-13	8.711507697203E-14	8.711507697203E-14
1.54965736391E+026	1.209968235058E-13	8.677947244362E-14	8.677947244362E-14
1.552719534601E+026	1.205306920013E-13	8.644516080737E-14	8.644516080737E-14
1.555787756235E+026	1.200663562347E-13	8.611213708249E-14	8.611213708249E-14
1.558862040771E+026	1.196038092881E-13	8.578039630742E-14	8.578039630742E-14
1.561942400187E+026	1.1914304427E-13	8.544993353966E-14	8.544993353966E-14
1.565028846488E+026	1.186840543159E-13	8.51207438558E-14	8.51207438558E-14
1.568121391702E+026	1.182268325873E-13	8.479282235136E-14	8.479282235136E-14
1.571220047881E+026	1.177713722723E-13	8.446616414079E-14	8.446616414079E-14
1.574324827099E+026	1.173176665853E-13	8.414076435733E-14	8.414076435733E-14
1.577435741458E+026	1.168657087665E-13	8.381661815298E-14	8.381661815298E-14
1.580552803079E+026	1.164154920826E-13	8.349372069843E-14	8.349372069843E-14
1.583676024109E+026	1.159670098258E-13	8.317206718294E-14	8.317206718294E-14
1.586805416721E+026	1.155202553144E-13	8.285165281434E-14	8.285165281434E-14
1.589940993108E+026	1.150752218925E-13	8.25324728189E-14	8.25324728189E-14
1.593082765492E+026	1.146319029296E-13	8.221452244129E-14	8.221452244129E-14
1.596230746114E+026	1.14190291821E-13	8.18977969445E-14	8.18977969445E-14
1.599384947243E+026	1.137503819871E-13	8.158229160975E-14	8.158229160975E-14
1.602545381171E+026	1.133121668741E-13	8.126800173648E-14	8.126800173648E-14
1.605712060213E+026	1.12875639953E-13	8.095492264219E-14	8.095492264219E-14
1.608884996711E+026	1.124407947204E-13	8.064304966244E-14	8.064304966244E-14
1.612064203029E+026	1.120076246975E-13	8.033237815078E-14	8.033237815078E-14
1.615249691557E+026	1.115761234308E-13	8.002290347863E-14	8.002290347863E-14
1.618441474708E+026	1.111462844914E-13	7.971462103526E-14	7.971462103526E-14
1.621639564921E+026	1.107181014755E-13	7.940752622769E-14	7.940752622769E-14
1.624843974659E+026	1.102915680036E-13	7.910161448062E-14	7.910161448062E-14
1.628054716409E+026	1.098666777211E-13	7.879688123643E-14	7.879688123643E-14
1.631271802683E+026	1.094434242976E-13	7.8493321955E-14	7.8493321955E-14
1.63449524602E+026	1.090218014273E-13	7.819093211373E-14	7.819093211373E-14
1.637725058979E+026	1.086018028286E-13	7.788970720743E-14	7.788970720743E-14
1.640961254149E+026	1.081834222441E-13	7.758964274829E-14	7.758964274829E-14
1.64420384414E+026	1.077666534406E-13	7.729073426575E-14	7.729073426575E-14
1.647452841589E+026	1.073514902086E-13	7.69929773065E-14	7.69929773065E-14
1.650708259156E+026	1.06937926363E-13	7.669636743439E-14	7.669636743439E-14
1.653970109529E+026	1.065259557421E-13	7.640090023034E-14	7.640090023034E-14
1.657238405419E+026	1.061155722083E-13	7.610657129231E-14	7.610657129231E-14
1.660513159562E+026	1.057067696473E-13	7.581337623521E-14	7.581337623521E-14
1.663794384721E+026	1.052995419686E-13	7.552131069084E-14	7.552131069084E-14
1.667082093681E+026	1.04893883105E-13	7.523037030785E-14	7.523037030785E-14
1.670376299256E+026	1.044897870128E-13	7.494055075162E-14	7.494055075162E-14
1.673677014282E+026	1.040872476716E-13	7.465184770425E-14	7.465184770425E-14
1.676984251623E+026	1.036862590841E-13	7.436425686447E-14	7.436425686447E-14
1.680298024166E+026	1.032868152761E-13	7.407777394759E-14	7.407777394759E-14
1.683618344827E+026	1.028889102964E-13	7.379239468541E-14	7.379239468541E-14
1.686945226543E+026	1.024925382169E-13	7.350811482618E-14	7.350811482618E-14
1.69027868228E+026	1.020976931321E-13	7.322493013453E-14	7.322493013453E-14
1.693618725028E+026	1.017043691594E-13	7.29428363914E-14	7.29428363914E-14
1.696965367804E+026	1.013125604388E-13	7.2661829394E-14	7.2661829394E-14
1.700318623648E+026	1.00922261133E-13	7.238190495573E-14	7.238190495573E-14
1.70367850563E+026	1.00533465427E-13	7.210305890608E-14	7.210305890608E-14
1.707045026842E+026	1.001461675284E-13	7.182528709067E-14	7.182528709067E-14
1.710418200404E+026	9.976036166682E-14	7.154858537106E-14	7.154858537106E-14
1.71379803946E+026	9.937604209442E-14	7.12729496248E-14	7.12729496248E-14
1.717184557183E+026	9.899320308536E-14	7.09983757453E-14	7.09983757453E-14
1.720577766769E+026	9.861183893588E-14	7.07248596418E-14	7.07248596418E-14
1.723977681441E+026	9.823194396417E-14	7.045239723929E-14	7.045239723929E-14
1.72738431445E+026	9.785351251034E-14	7.018098447846E-14	7.018098447846E-14
1.73079767907E+026	9.74765389363E-14	6.991061731565E-14	6.991061731565E-14
1.734217788604E+026	9.710101762567E-14	6.964129172276E-14	6.964129172276E-14
1.73764465638E+026	9.67269429837E-14	6.937300368722E-14	6.937300368722E-14
1.741078295753E+026	9.635430943722E-14	6.910574921193E-14	6.910574921193E-14
1.744518720102E+026	9.59831114345E-14	6.883952431515E-14	6.883952431515E-14
1.747965942836E+026	9.561334344522E-14	6.857432503052E-14	6.857432503052E-14
1.751419977388E+026	9.524499996035E-14	6.831014740693E-14	6.831014740693E-14
1.754880837219E+026	9.487807549209E-14	6.804698750853E-14	6.804698750853E-14
1.758348535816E+026	9.45125645738E-14	6.778484141458E-14	6.778484141458E-14
1.761823086691E+026	9.414846175985E-14	6.752370521948E-14	6.752370521948E-14
1.765304503387E+026	9.378576162565E-14	6.726357503267E-14	6.726357503267E-14
1.768792799469E+026	9.342445876745E-14	6.700444697858E-14	6.700444697858E-14
1.772287988531E+026	9.306454780237E-14	6.674631719656E-14	6.674631719656E-14
1.775790084195E+026	9.270602336822E-14	6.648918184084E-14	6.648918184084E-14
1.779299100108E+026	9.234888012351E-14	6.623303708046E-14	6.623303708046E-14
1.782815049944E+026	9.19931127473E-14	6.597787909924E-14	6.597787909924E-14
1.786337947406E+026	9.163871593916E-14	6.572370409567E-14	6.572370409567E-14
1.789867806221E+026	9.128568441906E-14	6.54705082829E-14	6.54705082829E-14
1.793404640146E+026	9.093401292734E-14	6.521828788868E-14	6.521828788868E-14
1.796948462964E+026	9.058369622459E-14	6.496703915526E-14	6.496703915526E-14
1.800499288485E+026	9.023472909158E-14	6.471675833941E-14	6.471675833941E-14
1.804057130547E+026	8.988710632919E-14	6.446744171228E-14	6.446744171228E-14
1.807622003014E+026	8.954082275833E-14	6.421908555942E-14	6.421908555942E-14
1.811193919779E+026	8.919587321987E-14	6.397168618065E-14	6.397168618065E-14
1.814772894761E+026	8.885225257453E-14	6.372523989008E-14	6.372523989008E-14
1.818358941909E+026	8.850995570285E-14	6.347974301602E-14	6.347974301602E-14
1.821952075195E+026	8.81689775051E-14	6.323519190088E-14	6.323519190088E-14
1.825552308625E+026	8.782931290117E-14	6.299158290122E-14	6.299158290122E-14
1.829159656226E+026	8.749095683055E-14	6.27489123876E-14	6.27489123876E-14
1.832774132057E+026	8.715390425219E-14	6.250717674456E-14	6.250717674456E-14
1.836395750204E+026	8.68181501445E-14	6.226637237059E-14	6.226637237059E-14
1.84002452478E+026	8.64836895052E-14	6.202649567804E-14	6.202649567804E-14
1.843660469926E+026	8.615051735131E-14	6.178754309309E-14	6.178754309309E-14
1.847303599812E+026	8.581862871902E-14	6.154951105568E-14	6.154951105568E-14
1.850953928634E+026	8.548801866367E-14	6.131239601946E-14	6.131239601946E-14
1.854611470619E+026	8.515868225962E-14	6.107619445175E-14	6.107619445175E-14
1.85827624002E+026	8.483061460023E-14	6.084090283349E-14	6.084090283349E-14
1.861948251117E+026	8.450381079776E-14	6.060651765915E-14	6.060651765915E-14
1.865627518222E+026	8.417826598328E-14	6.037303543673E-14	6.037303543673E-14
1.869314055672E+026	8.385397530663E-14	6.014045268768E-14	6.014045268768E-14
1.873007877834E+026	8.353093393634E-14	5.990876594683E-14	5.990876594683E-14
1.876708999102E+026	8.320913705955E-14	5.967797176238E-14	5.967797176238E-14
1.880417433899E+026	8.288857988193E-14	5.944806669582E-14	5.944806669582E-14
1.884133196678E+026	8.256925762764E-14	5.921904732189E-14	5.921904732189E-14
1.887856301919E+026	8.225116553921E-14	5.899091022852E-14	5.899091022852E-14
1.89158676413E+026	8.193429887754E-14	5.876365201679E-14	5.876365201679E-14
1.89532459785E+026	8.161865292174E-14	5.853726930086E-14	5.853726930086E-14
1.899069817644E+026	8.130422296914E-14	5.831175870797E-14	5.831175870797E-14
1.902822438108E+026	8.099100433517E-14	5.808711687831E-14	5.808711687831E-14
1.906582473865E+026	8.067899235332E-14	5.786334046504E-14	5.786334046504E-14
1.910349939569E+026	8.036818237505E-14	5.764042613421E-14	5.764042613421E-14
1.914124849902E+026	8.005856976972E-14	5.741837056469E-14	5.741837056469E-14
1.917907219573E+026	7.975014992454E-14	5.71971704482E-14	5.71971704482E-14
1.921697063323E+026	7.944291824448E-14	5.697682248913E-14	5.697682248913E-14
1.925494395922E+026	7.913687015224E-14	5.675732340463E-14	5.675732340463E-14
1.929299232166E+026	7.883200108812E-14	5.653866992446E-14	5.653866992446E-14
1.933111586885E+026	7.852830651001E-14	5.6320858791E-14	5.6320858791E-14
1.936931474933E+026	7.822578189327E-14	5.610388675917E-14	5.610388675917E-14
1.940758911198E+026	7.792442273072E-14	5.588775059638E-14	5.588775059638E-14
1.944593910595E+026	7.762422453254E-14	5.567244708251E-14	5.567244708251E-14
1.948436488069E+026	7.732518282618E-14	5.545797300985E-14	5.545797300985E-14
1.952286658595E+026	7.702729315635E-14	5.524432518303E-14	5.524432518303E-14
1.956144437176E+026	7.673055108491E-14	5.5031500419E-14	5.5031500419E-14
1.960009838846E+026	7.643495219082E-14	5.481949554697E-14	5.481949554697E-14
1.963882878669E+026	7.614049207008E-14	5.460830740836E-14	5.460830740836E-14
1.967763571738E+026	7.584716633563E-14	5.439793285676E-14	5.439793285676E-14
1.971651933177E+026	7.555497061735E-14	5.41883687579E-14	5.41883687579E-14
1.975547978137E+026	7.526390056192E-14	5.397961198957E-14	5.397961198957E-14
1.979451721802E+026	7.497395183281E-14	5.377165944157E-14	5.377165944157E-14
1.983363179385E+026	7.46851201102E-14	5.356450801571E-14	5.356450801571E-14
1.987282366128E+026	7.439740109088E-14	5.335815462572E-14	5.335815462572E-14
1.991209297305E+026	7.411079048827E-14	5.315259619724E-14	5.315259619724E-14
1.99514398822E+026	7.382528403225E-14	5.294782966772E-14	5.294782966772E-14
1.999086454204E+026	7.35408774692E-14	5.274385198643E-14	5.274385198643E-14
2.003036710623E+026	7.325756656183E-14	5.25406601144E-14	5.25406601144E-14
2.00699477287E+026	7.297534708924E-14	5.233825102434E-14	5.233825102434E-14
2.010960656371E+026	7.269421484673E-14	5.213662170066E-14	5.213662170066E-14
2.014934376579E+026	7.241416564584E-14	5.193576913935E-14	5.193576913935E-14
2.018915948981E+026	7.213519531422E-14	5.173569034799E-14	5.173569034799E-14
2.022905389092E+026	7.185729969562E-14	5.153638234569E-14	5.153638234569E-14
2.02690271246E+026	7.158047464977E-14	5.133784216305E-14	5.133784216305E-14
2.030907934662E+026	7.130471605237E-14	5.114006684209E-14	5.114006684209E-14
2.034921071307E+026	7.103001979501E-14	5.094305343624E-14	5.094305343624E-14
2.038942138033E+026	7.07563817851E-14	5.074679901027E-14	5.074679901027E-14
2.042971150511E+026	7.048379794581E-14	5.055130064028E-14	5.055130064028E-14
2.047008124442E+026	7.021226421603E-14	5.03565554136E-14	5.03565554136E-14
2.051053075557E+026	6.99417765503E-14	5.016256042882E-14	5.016256042882E-14
2.055106019621E+026	6.967233091871E-14	4.996931279567E-14	4.996931279567E-14
2.059166972427E+026	6.940392330692E-14	4.977680963504E-14	4.977680963504E-14
2.063235949801E+026	6.913654971603E-14	4.95850480789E-14	4.95850480789E-14
2.067312967599E+026	6.887020616254E-14	4.939402527028E-14	4.939402527028E-14
2.07139804171E+026	6.860488867831E-14	4.92037383632E-14	4.92037383632E-14
2.075491188054E+026	6.834059331049E-14	4.901418452266E-14	4.901418452266E-14
2.079592422581E+026	6.807731612144E-14	4.882536092456E-14	4.882536092456E-14
2.083701761273E+026	6.78150531887E-14	4.863726475571E-14	4.863726475571E-14
2.087819220146E+026	6.755380060493E-14	4.844989321374E-14	4.844989321374E-14
2.091944815243E+026	6.729355447783E-14	4.826324350707E-14	4.826324350707E-14
2.096078562644E+026	6.703431093009E-14	4.807731285488E-14	4.807731285488E-14
2.100220478458E+026	6.677606609936E-14	4.789209848708E-14	4.789209848708E-14
2.104370578824E+026	6.651881613815E-14	4.770759764422E-14	4.770759764422E-14
2.108528879917E+026	6.626255721379E-14	4.75238075775E-14	4.75238075775E-14
2.11269539794E+026	6.600728550839E-14	4.734072554871E-14	4.734072554871E-14
2.116870149132E+026	6.575299721875E-14	4.715834883018E-14	4.715834883018E-14
2.121053149761E+026	6.549968855635E-14	4.697667470477E-14	4.697667470477E-14
2.125244416127E+026	6.524735574723E-14	4.679570046577E-14	4.679570046577E-14
2.129443964566E+026	6.4995995032E-14	4.661542341692E-14	4.661542341692E-14
2.133651811441E+026	6.474560266573E-14	4.643584087236E-14	4.643584087236E-14
2.137867973151E+026	6.449617491792E-14	4.625695015655E-14	4.625695015655E-14
2.142092466127E+026	6.424770807246E-14	4.607874860428E-14	4.607874860428E-14
2.146325306831E+026	6.400019842753E-14	4.590123356059E-14	4.590123356059E-14
2.150566511759E+026	6.37536422956E-14	4.572440238075E-14	4.572440238075E-14
2.154816097438E+026	6.350803600332E-14	4.554825243024E-14	4.554825243024E-14
2.159074080429E+026	6.32633758915E-14	4.537278108465E-14	4.537278108465E-14
2.163340477326E+026	6.301965831505E-14	4.519798572973E-14	4.519798572973E-14
2.167615304755E+026	6.277687964293E-14	4.502386376126E-14	4.502386376126E-14
2.171898579374E+026	6.253503625807E-14	4.485041258507E-14	4.485041258507E-14
