3.5006E+25	3.2198E-12	1.6576E-12	1.6576E-12
3.5080E+25	3.2083E-12	1.6517E-12	1.6517E-12
3.5154E+25	3.1968E-12	1.6458E-12	1.6458E-12
3.5229E+25	3.1854E-12	1.6399E-12	1.6399E-12
3.5303E+25	3.1740E-12	1.6340E-12	1.6340E-12
3.5378E+25	3.1627E-12	1.6282E-12	1.6282E-12
3.5453E+25	3.1514E-12	1.6224E-12	1.6224E-12
3.5528E+25	3.1401E-12	1.6166E-12	1.6166E-12
3.5603E+25	3.1289E-12	1.6108E-12	1.6108E-12
3.5678E+25	3.1177E-12	1.6050E-12	1.6050E-12
3.5753E+25	3.1066E-12	1.5993E-12	1.5993E-12
3.5829E+25	3.0955E-12	1.5936E-12	1.5936E-12
3.5905E+25	3.0844E-12	1.5879E-12	1.5879E-12
3.5981E+25	3.0734E-12	1.5822E-12	1.5822E-12
3.6057E+25	3.0624E-12	1.5766E-12	1.5766E-12
3.6133E+25	3.0515E-12	1.5709E-12	1.5709E-12
3.6210E+25	3.0406E-12	1.5653E-12	1.5653E-12
3.6286E+25	3.0297E-12	1.5597E-12	1.5597E-12
3.6363E+25	3.0189E-12	1.5541E-12	1.5541E-12
3.6440E+25	3.0081E-12	1.5486E-12	1.5486E-12
3.6517E+25	2.9974E-12	1.5431E-12	1.5431E-12
3.6594E+25	2.9866E-12	1.5375E-12	1.5375E-12
3.6672E+25	2.9760E-12	1.5321E-12	1.5321E-12
3.6749E+25	2.9653E-12	1.5266E-12	1.5266E-12
3.6827E+25	2.9547E-12	1.5211E-12	1.5211E-12
3.6905E+25	2.9442E-12	1.5157E-12	1.5157E-12
3.6983E+25	2.9337E-12	1.5103E-12	1.5103E-12
3.7061E+25	2.9232E-12	1.5049E-12	1.5049E-12
3.7139E+25	2.9127E-12	1.4995E-12	1.4995E-12
3.7218E+25	2.9023E-12	1.4941E-12	1.4941E-12
3.7297E+25	2.8920E-12	1.4888E-12	1.4888E-12
3.7376E+25	2.8816E-12	1.4835E-12	1.4835E-12
3.7455E+25	2.8713E-12	1.4782E-12	1.4782E-12
3.7534E+25	2.8611E-12	1.4729E-12	1.4729E-12
3.7613E+25	2.8509E-12	1.4676E-12	1.4676E-12
3.7693E+25	2.8407E-12	1.4624E-12	1.4624E-12
3.7773E+25	2.8305E-12	1.4572E-12	1.4572E-12
3.7852E+25	2.8204E-12	1.4520E-12	1.4520E-12
3.7933E+25	2.8103E-12	1.4468E-12	1.4468E-12
3.8013E+25	2.8003E-12	1.4416E-12	1.4416E-12
3.8093E+25	2.7903E-12	1.4365E-12	1.4365E-12
3.8174E+25	2.7803E-12	1.4313E-12	1.4313E-12
3.8255E+25	2.7704E-12	1.4262E-12	1.4262E-12
3.8335E+25	2.7605E-12	1.4211E-12	1.4211E-12
3.8417E+25	2.7506E-12	1.4160E-12	1.4160E-12
3.8498E+25	2.7408E-12	1.4110E-12	1.4110E-12
3.8579E+25	2.7310E-12	1.4059E-12	1.4059E-12
3.8661E+25	2.7212E-12	1.4009E-12	1.4009E-12
3.8743E+25	2.7115E-12	1.3959E-12	1.3959E-12
3.8825E+25	2.7018E-12	1.3909E-12	1.3909E-12
3.8907E+25	2.6922E-12	1.3860E-12	1.3860E-12
3.8989E+25	2.6826E-12	1.3810E-12	1.3810E-12
3.9071E+25	2.6730E-12	1.3761E-12	1.3761E-12
3.9154E+25	2.6634E-12	1.3712E-12	1.3712E-12
3.9237E+25	2.6539E-12	1.3663E-12	1.3663E-12
3.9320E+25	2.6444E-12	1.3614E-12	1.3614E-12
3.9403E+25	2.6350E-12	1.3565E-12	1.3565E-12
3.9486E+25	2.6256E-12	1.3517E-12	1.3517E-12
3.9570E+25	2.6162E-12	1.3468E-12	1.3468E-12
3.9654E+25	2.6068E-12	1.3420E-12	1.3420E-12
3.9737E+25	2.5975E-12	1.3372E-12	1.3372E-12
3.9822E+25	2.5882E-12	1.3324E-12	1.3324E-12
3.9906E+25	2.5790E-12	1.3277E-12	1.3277E-12
3.9990E+25	2.5698E-12	1.3229E-12	1.3229E-12
4.0075E+25	2.5606E-12	1.3182E-12	1.3182E-12
4.0160E+25	2.5514E-12	1.3135E-12	1.3135E-12
4.0244E+25	2.5423E-12	1.3088E-12	1.3088E-12
4.0330E+25	2.5332E-12	1.3041E-12	1.3041E-12
4.0415E+25	2.5242E-12	1.2995E-12	1.2995E-12
4.0500E+25	2.5152E-12	1.2948E-12	1.2948E-12
4.0586E+25	2.5062E-12	1.2902E-12	1.2902E-12
4.0672E+25	2.4972E-12	1.2856E-12	1.2856E-12
4.0758E+25	2.4883E-12	1.2810E-12	1.2810E-12
4.0844E+25	2.4794E-12	1.2764E-12	1.2764E-12
4.0931E+25	2.4706E-12	1.2719E-12	1.2719E-12
4.1017E+25	2.4617E-12	1.2673E-12	1.2673E-12
4.1104E+25	2.4529E-12	1.2628E-12	1.2628E-12
4.1191E+25	2.4442E-12	1.2583E-12	1.2583E-12
4.1278E+25	2.4354E-12	1.2538E-12	1.2538E-12
4.1365E+25	2.4267E-12	1.2493E-12	1.2493E-12
4.1453E+25	2.4181E-12	1.2448E-12	1.2448E-12
4.1540E+25	2.4094E-12	1.2404E-12	1.2404E-12
4.1628E+25	2.4008E-12	1.2360E-12	1.2360E-12
4.1716E+25	2.3922E-12	1.2315E-12	1.2315E-12
4.1805E+25	2.3837E-12	1.2271E-12	1.2271E-12
4.1893E+25	2.3752E-12	1.2228E-12	1.2228E-12
4.1982E+25	2.3667E-12	1.2184E-12	1.2184E-12
4.2070E+25	2.3582E-12	1.2140E-12	1.2140E-12
4.2159E+25	2.3498E-12	1.2097E-12	1.2097E-12
4.2249E+25	2.3414E-12	1.2054E-12	1.2054E-12
4.2338E+25	2.3330E-12	1.2011E-12	1.2011E-12
4.2427E+25	2.3247E-12	1.1968E-12	1.1968E-12
4.2517E+25	2.3164E-12	1.1925E-12	1.1925E-12
4.2607E+25	2.3081E-12	1.1882E-12	1.1882E-12
4.2697E+25	2.2999E-12	1.1840E-12	1.1840E-12
4.2788E+25	2.2917E-12	1.1798E-12	1.1798E-12
4.2878E+25	2.2835E-12	1.1756E-12	1.1756E-12
4.2969E+25	2.2753E-12	1.1714E-12	1.1714E-12
4.3060E+25	2.2672E-12	1.1672E-12	1.1672E-12
4.3151E+25	2.2591E-12	1.1630E-12	1.1630E-12
4.3242E+25	2.2510E-12	1.1588E-12	1.1588E-12
4.3334E+25	2.2430E-12	1.1547E-12	1.1547E-12
4.3425E+25	2.2350E-12	1.1506E-12	1.1506E-12
4.3517E+25	2.2270E-12	1.1465E-12	1.1465E-12
4.3609E+25	2.2190E-12	1.1424E-12	1.1424E-12
4.3701E+25	2.2111E-12	1.1383E-12	1.1383E-12
4.3794E+25	2.2032E-12	1.1342E-12	1.1342E-12
4.3886E+25	2.1953E-12	1.1302E-12	1.1302E-12
4.3979E+25	2.1875E-12	1.1261E-12	1.1261E-12
4.4072E+25	2.1797E-12	1.1221E-12	1.1221E-12
4.4165E+25	2.1719E-12	1.1181E-12	1.1181E-12
4.4259E+25	2.1641E-12	1.1141E-12	1.1141E-12
4.4352E+25	2.1564E-12	1.1101E-12	1.1101E-12
4.4446E+25	2.1487E-12	1.1062E-12	1.1062E-12
4.4540E+25	2.1410E-12	1.1022E-12	1.1022E-12
4.4635E+25	2.1333E-12	1.0983E-12	1.0983E-12
4.4729E+25	2.1257E-12	1.0943E-12	1.0943E-12
4.4824E+25	2.1181E-12	1.0904E-12	1.0904E-12
4.4918E+25	2.1106E-12	1.0865E-12	1.0865E-12
4.5013E+25	2.1030E-12	1.0827E-12	1.0827E-12
4.5109E+25	2.0955E-12	1.0788E-12	1.0788E-12
4.5204E+25	2.0880E-12	1.0749E-12	1.0749E-12
4.5300E+25	2.0806E-12	1.0711E-12	1.0711E-12
4.5395E+25	2.0731E-12	1.0673E-12	1.0673E-12
4.5491E+25	2.0657E-12	1.0634E-12	1.0634E-12
4.5588E+25	2.0583E-12	1.0596E-12	1.0596E-12
4.5684E+25	2.0510E-12	1.0559E-12	1.0559E-12
4.5781E+25	2.0437E-12	1.0521E-12	1.0521E-12
4.5878E+25	2.0364E-12	1.0483E-12	1.0483E-12
4.5975E+25	2.0291E-12	1.0446E-12	1.0446E-12
4.6072E+25	2.0218E-12	1.0409E-12	1.0409E-12
4.6169E+25	2.0146E-12	1.0371E-12	1.0371E-12
4.6267E+25	2.0074E-12	1.0334E-12	1.0334E-12
4.6365E+25	2.0002E-12	1.0297E-12	1.0297E-12
4.6463E+25	1.9931E-12	1.0261E-12	1.0261E-12
4.6561E+25	1.9860E-12	1.0224E-12	1.0224E-12
4.6660E+25	1.9789E-12	1.0187E-12	1.0187E-12
4.6758E+25	1.9718E-12	1.0151E-12	1.0151E-12
4.6857E+25	1.9648E-12	1.0115E-12	1.0115E-12
4.6956E+25	1.9577E-12	1.0079E-12	1.0079E-12
4.7056E+25	1.9507E-12	1.0043E-12	1.0043E-12
4.7155E+25	1.9438E-12	1.0007E-12	1.0007E-12
4.7255E+25	1.9368E-12	9.9709E-13	9.9709E-13
4.7355E+25	1.9299E-12	9.9353E-13	9.9353E-13
4.7455E+25	1.9230E-12	9.8998E-13	9.8998E-13
4.7555E+25	1.9161E-12	9.8644E-13	9.8644E-13
4.7656E+25	1.9093E-12	9.8292E-13	9.8292E-13
4.7757E+25	1.9025E-12	9.7941E-13	9.7941E-13
4.7858E+25	1.8957E-12	9.7591E-13	9.7591E-13
4.7959E+25	1.8889E-12	9.7242E-13	9.7242E-13
4.8061E+25	1.8821E-12	9.6895E-13	9.6895E-13
4.8162E+25	1.8754E-12	9.6548E-13	9.6548E-13
4.8264E+25	1.8687E-12	9.6204E-13	9.6204E-13
4.8366E+25	1.8620E-12	9.5860E-13	9.5860E-13
4.8468E+25	1.8554E-12	9.5517E-13	9.5517E-13
4.8571E+25	1.8488E-12	9.5176E-13	9.5176E-13
4.8674E+25	1.8422E-12	9.4836E-13	9.4836E-13
4.8777E+25	1.8356E-12	9.4497E-13	9.4497E-13
4.8880E+25	1.8290E-12	9.4159E-13	9.4159E-13
4.8983E+25	1.8225E-12	9.3823E-13	9.3823E-13
4.9087E+25	1.8160E-12	9.3488E-13	9.3488E-13
4.9191E+25	1.8095E-12	9.3154E-13	9.3154E-13
4.9295E+25	1.8030E-12	9.2821E-13	9.2821E-13
4.9399E+25	1.7966E-12	9.2489E-13	9.2489E-13
4.9503E+25	1.7902E-12	9.2159E-13	9.2159E-13
4.9608E+25	1.7838E-12	9.1830E-13	9.1830E-13
4.9713E+25	1.7774E-12	9.1501E-13	9.1501E-13
4.9818E+25	1.7710E-12	9.1175E-13	9.1175E-13
4.9924E+25	1.7647E-12	9.0849E-13	9.0849E-13
5.0029E+25	1.7584E-12	9.0524E-13	9.0524E-13
5.0135E+25	1.7521E-12	9.0201E-13	9.0201E-13
5.0241E+25	1.7459E-12	8.9878E-13	8.9878E-13
5.0347E+25	1.7396E-12	8.9557E-13	8.9557E-13
5.0454E+25	1.7334E-12	8.9237E-13	8.9237E-13
5.0561E+25	1.7272E-12	8.8919E-13	8.8919E-13
5.0668E+25	1.7210E-12	8.8601E-13	8.8601E-13
5.0775E+25	1.7149E-12	8.8284E-13	8.8284E-13
5.0882E+25	1.7088E-12	8.7969E-13	8.7969E-13
5.0990E+25	1.7027E-12	8.7655E-13	8.7655E-13
5.1098E+25	1.6966E-12	8.7341E-13	8.7341E-13
5.1206E+25	1.6905E-12	8.7029E-13	8.7029E-13
5.1314E+25	1.6845E-12	8.6718E-13	8.6718E-13
5.1423E+25	1.6785E-12	8.6408E-13	8.6408E-13
5.1531E+25	1.6725E-12	8.6100E-13	8.6100E-13
5.1640E+25	1.6665E-12	8.5792E-13	8.5792E-13
5.1750E+25	1.6605E-12	8.5486E-13	8.5486E-13
5.1859E+25	1.6546E-12	8.5180E-13	8.5180E-13
5.1969E+25	1.6487E-12	8.4876E-13	8.4876E-13
5.2079E+25	1.6428E-12	8.4573E-13	8.4573E-13
5.2189E+25	1.6369E-12	8.4270E-13	8.4270E-13
5.2299E+25	1.6311E-12	8.3969E-13	8.3969E-13
5.2410E+25	1.6252E-12	8.3669E-13	8.3669E-13
5.2521E+25	1.6194E-12	8.3370E-13	8.3370E-13
5.2632E+25	1.6137E-12	8.3072E-13	8.3072E-13
5.2743E+25	1.6079E-12	8.2776E-13	8.2776E-13
5.2855E+25	1.6021E-12	8.2480E-13	8.2480E-13
5.2966E+25	1.5964E-12	8.2185E-13	8.2185E-13
5.3078E+25	1.5907E-12	8.1892E-13	8.1892E-13
5.3191E+25	1.5850E-12	8.1599E-13	8.1599E-13
5.3303E+25	1.5794E-12	8.1307E-13	8.1307E-13
5.3416E+25	1.5737E-12	8.1017E-13	8.1017E-13
5.3529E+25	1.5681E-12	8.0727E-13	8.0727E-13
5.3642E+25	1.5625E-12	8.0439E-13	8.0439E-13
5.3756E+25	1.5569E-12	8.0152E-13	8.0152E-13
5.3869E+25	1.5514E-12	7.9865E-13	7.9865E-13
5.3983E+25	1.5458E-12	7.9580E-13	7.9580E-13
5.4097E+25	1.5403E-12	7.9296E-13	7.9296E-13
5.4212E+25	1.5348E-12	7.9012E-13	7.9012E-13
5.4327E+25	1.5293E-12	7.8730E-13	7.8730E-13
5.4441E+25	1.5238E-12	7.8449E-13	7.8449E-13
5.4557E+25	1.5184E-12	7.8168E-13	7.8168E-13
5.4672E+25	1.5130E-12	7.7889E-13	7.7889E-13
5.4788E+25	1.5076E-12	7.7611E-13	7.7611E-13
5.4904E+25	1.5022E-12	7.7333E-13	7.7333E-13
5.5020E+25	1.4968E-12	7.7057E-13	7.7057E-13
5.5136E+25	1.4915E-12	7.6782E-13	7.6782E-13
5.5253E+25	1.4861E-12	7.6507E-13	7.6507E-13
5.5370E+25	1.4808E-12	7.6234E-13	7.6234E-13
5.5487E+25	1.4755E-12	7.5962E-13	7.5962E-13
5.5604E+25	1.4703E-12	7.5690E-13	7.5690E-13
5.5722E+25	1.4650E-12	7.5420E-13	7.5420E-13
5.5840E+25	1.4598E-12	7.5150E-13	7.5150E-13
5.5958E+25	1.4546E-12	7.4882E-13	7.4882E-13
5.6076E+25	1.4494E-12	7.4614E-13	7.4614E-13
5.6195E+25	1.4442E-12	7.4348E-13	7.4348E-13
5.6313E+25	1.4390E-12	7.4082E-13	7.4082E-13
5.6433E+25	1.4339E-12	7.3817E-13	7.3817E-13
5.6552E+25	1.4288E-12	7.3554E-13	7.3554E-13
5.6672E+25	1.4237E-12	7.3291E-13	7.3291E-13
5.6791E+25	1.4186E-12	7.3029E-13	7.3029E-13
5.6912E+25	1.4135E-12	7.2768E-13	7.2768E-13
5.7032E+25	1.4084E-12	7.2508E-13	7.2508E-13
5.7153E+25	1.4034E-12	7.2249E-13	7.2249E-13
5.7273E+25	1.3984E-12	7.1991E-13	7.1991E-13
5.7395E+25	1.3934E-12	7.1734E-13	7.1734E-13
5.7516E+25	1.3884E-12	7.1477E-13	7.1477E-13
5.7638E+25	1.3835E-12	7.1222E-13	7.1222E-13
5.7760E+25	1.3785E-12	7.0967E-13	7.0967E-13
5.7882E+25	1.3736E-12	7.0714E-13	7.0714E-13
5.8004E+25	1.3687E-12	7.0461E-13	7.0461E-13
5.8127E+25	1.3638E-12	7.0210E-13	7.0210E-13
5.8250E+25	1.3589E-12	6.9959E-13	6.9959E-13
5.8373E+25	1.3541E-12	6.9709E-13	6.9709E-13
5.8497E+25	1.3492E-12	6.9460E-13	6.9460E-13
5.8620E+25	1.3444E-12	6.9211E-13	6.9211E-13
5.8744E+25	1.3396E-12	6.8964E-13	6.8964E-13
5.8868E+25	1.3348E-12	6.8718E-13	6.8718E-13
5.8993E+25	1.3301E-12	6.8472E-13	6.8472E-13
5.9118E+25	1.3253E-12	6.8228E-13	6.8228E-13
5.9243E+25	1.3206E-12	6.7984E-13	6.7984E-13
5.9368E+25	1.3158E-12	6.7741E-13	6.7741E-13
5.9494E+25	1.3111E-12	6.7499E-13	6.7499E-13
5.9620E+25	1.3065E-12	6.7258E-13	6.7258E-13
5.9746E+25	1.3018E-12	6.7017E-13	6.7017E-13
5.9872E+25	1.2971E-12	6.6778E-13	6.6778E-13
5.9999E+25	1.2925E-12	6.6539E-13	6.6539E-13
6.0126E+25	1.2879E-12	6.6302E-13	6.6302E-13
6.0253E+25	1.2833E-12	6.6065E-13	6.6065E-13
6.0380E+25	1.2787E-12	6.5829E-13	6.5829E-13
6.0508E+25	1.2741E-12	6.5593E-13	6.5593E-13
6.0636E+25	1.2696E-12	6.5359E-13	6.5359E-13
6.0764E+25	1.2650E-12	6.5126E-13	6.5126E-13
6.0893E+25	1.2605E-12	6.4893E-13	6.4893E-13
6.1022E+25	1.2560E-12	6.4661E-13	6.4661E-13
6.1151E+25	1.2515E-12	6.4430E-13	6.4430E-13
6.1280E+25	1.2471E-12	6.4200E-13	6.4200E-13
6.1410E+25	1.2426E-12	6.3970E-13	6.3970E-13
6.1539E+25	1.2382E-12	6.3742E-13	6.3742E-13
6.1670E+25	1.2337E-12	6.3514E-13	6.3514E-13
6.1800E+25	1.2293E-12	6.3287E-13	6.3287E-13
6.1931E+25	1.2249E-12	6.3061E-13	6.3061E-13
6.2062E+25	1.2206E-12	6.2836E-13	6.2836E-13
6.2193E+25	1.2162E-12	6.2611E-13	6.2611E-13
6.2325E+25	1.2119E-12	6.2388E-13	6.2388E-13
6.2456E+25	1.2075E-12	6.2165E-13	6.2165E-13
6.2589E+25	1.2032E-12	6.1943E-13	6.1943E-13
6.2721E+25	1.1989E-12	6.1721E-13	6.1721E-13
6.2854E+25	1.1946E-12	6.1501E-13	6.1501E-13
6.2987E+25	1.1904E-12	6.1281E-13	6.1281E-13
6.3120E+25	1.1861E-12	6.1062E-13	6.1062E-13
6.3253E+25	1.1819E-12	6.0844E-13	6.0844E-13
6.3387E+25	1.1776E-12	6.0626E-13	6.0626E-13
6.3521E+25	1.1734E-12	6.0410E-13	6.0410E-13
6.3656E+25	1.1692E-12	6.0194E-13	6.0194E-13
6.3790E+25	1.1651E-12	5.9979E-13	5.9979E-13
6.3925E+25	1.1609E-12	5.9765E-13	5.9765E-13
6.4060E+25	1.1568E-12	5.9551E-13	5.9551E-13
6.4196E+25	1.1526E-12	5.9338E-13	5.9338E-13
6.4332E+25	1.1485E-12	5.9126E-13	5.9126E-13
6.4468E+25	1.1444E-12	5.8915E-13	5.8915E-13
6.4604E+25	1.1403E-12	5.8704E-13	5.8704E-13
6.4741E+25	1.1362E-12	5.8495E-13	5.8495E-13
6.4878E+25	1.1322E-12	5.8286E-13	5.8286E-13
6.5015E+25	1.1281E-12	5.8077E-13	5.8077E-13
6.5152E+25	1.1241E-12	5.7870E-13	5.7870E-13
6.5290E+25	1.1201E-12	5.7663E-13	5.7663E-13
6.5428E+25	1.1161E-12	5.7457E-13	5.7457E-13
6.5567E+25	1.1121E-12	5.7252E-13	5.7252E-13
6.5705E+25	1.1081E-12	5.7047E-13	5.7047E-13
6.5844E+25	1.1042E-12	5.6844E-13	5.6844E-13
6.5984E+25	1.1002E-12	5.6640E-13	5.6640E-13
6.6123E+25	1.0963E-12	5.6438E-13	5.6438E-13
6.6263E+25	1.0924E-12	5.6236E-13	5.6236E-13
6.6403E+25	1.0885E-12	5.6035E-13	5.6035E-13
6.6544E+25	1.0846E-12	5.5835E-13	5.5835E-13
6.6684E+25	1.0807E-12	5.5636E-13	5.5636E-13
6.6825E+25	1.0768E-12	5.5437E-13	5.5437E-13
6.6967E+25	1.0730E-12	5.5239E-13	5.5239E-13
6.7108E+25	1.0692E-12	5.5042E-13	5.5042E-13
6.7250E+25	1.0653E-12	5.4845E-13	5.4845E-13
6.7393E+25	1.0615E-12	5.4649E-13	5.4649E-13
6.7535E+25	1.0577E-12	5.4454E-13	5.4454E-13
6.7678E+25	1.0540E-12	5.4259E-13	5.4259E-13
6.7821E+25	1.0502E-12	5.4065E-13	5.4065E-13
6.7965E+25	1.0464E-12	5.3872E-13	5.3872E-13
6.8108E+25	1.0427E-12	5.3680E-13	5.3680E-13
6.8252E+25	1.0390E-12	5.3488E-13	5.3488E-13
6.8397E+25	1.0353E-12	5.3297E-13	5.3297E-13
6.8542E+25	1.0316E-12	5.3106E-13	5.3106E-13
6.8686E+25	1.0279E-12	5.2917E-13	5.2917E-13
6.8832E+25	1.0242E-12	5.2727E-13	5.2727E-13
6.8977E+25	1.0206E-12	5.2539E-13	5.2539E-13
6.9123E+25	1.0169E-12	5.2351E-13	5.2351E-13
6.9269E+25	1.0133E-12	5.2164E-13	5.2164E-13
6.9416E+25	1.0097E-12	5.1978E-13	5.1978E-13
6.9563E+25	1.0060E-12	5.1792E-13	5.1792E-13
6.9710E+25	1.0025E-12	5.1607E-13	5.1607E-13
6.9857E+25	9.9887E-13	5.1423E-13	5.1423E-13
7.0005E+25	9.9530E-13	5.1239E-13	5.1239E-13
7.0153E+25	9.9175E-13	5.1056E-13	5.1056E-13
7.0302E+25	9.8820E-13	5.0874E-13	5.0874E-13
7.0450E+25	9.8467E-13	5.0692E-13	5.0692E-13
7.0599E+25	9.8115E-13	5.0511E-13	5.0511E-13
7.0749E+25	9.7765E-13	5.0330E-13	5.0330E-13
7.0898E+25	9.7415E-13	5.0150E-13	5.0150E-13
7.1048E+25	9.7067E-13	4.9971E-13	4.9971E-13
7.1199E+25	9.6721E-13	4.9793E-13	4.9793E-13
7.1349E+25	9.6375E-13	4.9615E-13	4.9615E-13
7.1500E+25	9.6031E-13	4.9437E-13	4.9437E-13
7.1651E+25	9.5688E-13	4.9261E-13	4.9261E-13
7.1803E+25	9.5346E-13	4.9085E-13	4.9085E-13
7.1955E+25	9.5005E-13	4.8909E-13	4.8909E-13
7.2107E+25	9.4666E-13	4.8735E-13	4.8735E-13
7.2259E+25	9.4327E-13	4.8561E-13	4.8561E-13
7.2412E+25	9.3990E-13	4.8387E-13	4.8387E-13
7.2565E+25	9.3654E-13	4.8214E-13	4.8214E-13
7.2719E+25	9.3320E-13	4.8042E-13	4.8042E-13
7.2873E+25	9.2986E-13	4.7870E-13	4.7870E-13
7.3027E+25	9.2654E-13	4.7699E-13	4.7699E-13
7.3181E+25	9.2323E-13	4.7529E-13	4.7529E-13
7.3336E+25	9.1993E-13	4.7359E-13	4.7359E-13
7.3491E+25	9.1665E-13	4.7190E-13	4.7190E-13
7.3647E+25	9.1337E-13	4.7021E-13	4.7021E-13
7.3803E+25	9.1011E-13	4.6853E-13	4.6853E-13
7.3959E+25	9.0686E-13	4.6686E-13	4.6686E-13
7.4115E+25	9.0362E-13	4.6519E-13	4.6519E-13
7.4272E+25	9.0039E-13	4.6353E-13	4.6353E-13
7.4429E+25	8.9717E-13	4.6187E-13	4.6187E-13
7.4586E+25	8.9396E-13	4.6022E-13	4.6022E-13
7.4744E+25	8.9077E-13	4.5858E-13	4.5858E-13
7.4902E+25	8.8759E-13	4.5694E-13	4.5694E-13
7.5061E+25	8.8442E-13	4.5531E-13	4.5531E-13
7.5219E+25	8.8126E-13	4.5368E-13	4.5368E-13
7.5379E+25	8.7811E-13	4.5206E-13	4.5206E-13
7.5538E+25	8.7497E-13	4.5044E-13	4.5044E-13
7.5698E+25	8.7184E-13	4.4883E-13	4.4883E-13
7.5858E+25	8.6873E-13	4.4723E-13	4.4723E-13
7.6018E+25	8.6562E-13	4.4563E-13	4.4563E-13
7.6179E+25	8.6253E-13	4.4404E-13	4.4404E-13
7.6340E+25	8.5945E-13	4.4245E-13	4.4245E-13
7.6502E+25	8.5638E-13	4.4087E-13	4.4087E-13
7.6664E+25	8.5332E-13	4.3930E-13	4.3930E-13
7.6826E+25	8.5027E-13	4.3773E-13	4.3773E-13
7.6988E+25	8.4723E-13	4.3616E-13	4.3616E-13
7.7151E+25	8.4421E-13	4.3460E-13	4.3460E-13
7.7314E+25	8.4119E-13	4.3305E-13	4.3305E-13
7.7478E+25	8.3818E-13	4.3150E-13	4.3150E-13
7.7642E+25	8.3519E-13	4.2996E-13	4.2996E-13
7.7806E+25	8.3221E-13	4.2843E-13	4.2843E-13
7.7970E+25	8.2923E-13	4.2690E-13	4.2690E-13
7.8135E+25	8.2627E-13	4.2537E-13	4.2537E-13
7.8301E+25	8.2332E-13	4.2385E-13	4.2385E-13
7.8466E+25	8.2038E-13	4.2234E-13	4.2234E-13
7.8632E+25	8.1744E-13	4.2083E-13	4.2083E-13
7.8799E+25	8.1452E-13	4.1932E-13	4.1932E-13
7.8965E+25	8.1161E-13	4.1783E-13	4.1783E-13
7.9132E+25	8.0871E-13	4.1633E-13	4.1633E-13
7.9300E+25	8.0582E-13	4.1484E-13	4.1484E-13
7.9467E+25	8.0294E-13	4.1336E-13	4.1336E-13
7.9636E+25	8.0008E-13	4.1189E-13	4.1189E-13
7.9804E+25	7.9722E-13	4.1041E-13	4.1041E-13
7.9973E+25	7.9437E-13	4.0895E-13	4.0895E-13
8.0142E+25	7.9153E-13	4.0749E-13	4.0749E-13
8.0311E+25	7.8870E-13	4.0603E-13	4.0603E-13
8.0481E+25	7.8588E-13	4.0458E-13	4.0458E-13
8.0652E+25	7.8308E-13	4.0313E-13	4.0313E-13
8.0822E+25	7.8028E-13	4.0169E-13	4.0169E-13
8.0993E+25	7.7749E-13	4.0026E-13	4.0026E-13
8.1164E+25	7.7471E-13	3.9883E-13	3.9883E-13
8.1336E+25	7.7194E-13	3.9740E-13	3.9740E-13
8.1508E+25	7.6919E-13	3.9598E-13	3.9598E-13
8.1681E+25	7.6644E-13	3.9457E-13	3.9457E-13
8.1853E+25	7.6370E-13	3.9316E-13	3.9316E-13
8.2026E+25	7.6097E-13	3.9175E-13	3.9175E-13
8.2200E+25	7.5825E-13	3.9035E-13	3.9035E-13
8.2374E+25	7.5554E-13	3.8896E-13	3.8896E-13
8.2548E+25	7.5284E-13	3.8757E-13	3.8757E-13
8.2723E+25	7.5015E-13	3.8619E-13	3.8619E-13
8.2898E+25	7.4747E-13	3.8481E-13	3.8481E-13
8.3073E+25	7.4480E-13	3.8343E-13	3.8343E-13
8.3249E+25	7.4214E-13	3.8206E-13	3.8206E-13
8.3425E+25	7.3949E-13	3.8070E-13	3.8070E-13
8.3601E+25	7.3685E-13	3.7934E-13	3.7934E-13
8.3778E+25	7.3421E-13	3.7798E-13	3.7798E-13
8.3955E+25	7.3159E-13	3.7663E-13	3.7663E-13
8.4133E+25	7.2898E-13	3.7528E-13	3.7528E-13
8.4311E+25	7.2637E-13	3.7394E-13	3.7394E-13
8.4489E+25	7.2378E-13	3.7261E-13	3.7261E-13
8.4668E+25	7.2119E-13	3.7128E-13	3.7128E-13
8.4847E+25	7.1862E-13	3.6995E-13	3.6995E-13
8.5026E+25	7.1605E-13	3.6863E-13	3.6863E-13
8.5206E+25	7.1349E-13	3.6731E-13	3.6731E-13
8.5386E+25	7.1094E-13	3.6600E-13	3.6600E-13
8.5567E+25	7.0840E-13	3.6469E-13	3.6469E-13
8.5748E+25	7.0587E-13	3.6339E-13	3.6339E-13
8.5929E+25	7.0335E-13	3.6209E-13	3.6209E-13
8.6111E+25	7.0083E-13	3.6080E-13	3.6080E-13
8.6293E+25	6.9833E-13	3.5951E-13	3.5951E-13
8.6476E+25	6.9583E-13	3.5822E-13	3.5822E-13
8.6659E+25	6.9335E-13	3.5694E-13	3.5694E-13
8.6842E+25	6.9087E-13	3.5567E-13	3.5567E-13
8.7026E+25	6.8840E-13	3.5440E-13	3.5440E-13
8.7210E+25	6.8594E-13	3.5313E-13	3.5313E-13
8.7394E+25	6.8349E-13	3.5187E-13	3.5187E-13
8.7579E+25	6.8105E-13	3.5061E-13	3.5061E-13
8.7764E+25	6.7862E-13	3.4936E-13	3.4936E-13
8.7950E+25	6.7619E-13	3.4811E-13	3.4811E-13
8.8136E+25	6.7378E-13	3.4687E-13	3.4687E-13
8.8323E+25	6.7137E-13	3.4563E-13	3.4563E-13
8.8509E+25	6.6897E-13	3.4439E-13	3.4439E-13
8.8697E+25	6.6658E-13	3.4316E-13	3.4316E-13
8.8884E+25	6.6420E-13	3.4193E-13	3.4193E-13
8.9072E+25	6.6182E-13	3.4071E-13	3.4071E-13
8.9261E+25	6.5946E-13	3.3950E-13	3.3950E-13
8.9449E+25	6.5710E-13	3.3828E-13	3.3828E-13
8.9639E+25	6.5476E-13	3.3707E-13	3.3707E-13
8.9828E+25	6.5242E-13	3.3587E-13	3.3587E-13
9.0018E+25	6.5009E-13	3.3467E-13	3.3467E-13
9.0209E+25	6.4776E-13	3.3347E-13	3.3347E-13
9.0399E+25	6.4545E-13	3.3228E-13	3.3228E-13
9.0591E+25	6.4314E-13	3.3110E-13	3.3110E-13
9.0782E+25	6.4084E-13	3.2991E-13	3.2991E-13
9.0974E+25	6.3855E-13	3.2873E-13	3.2873E-13
9.1167E+25	6.3627E-13	3.2756E-13	3.2756E-13
9.1360E+25	6.3400E-13	3.2639E-13	3.2639E-13
9.1553E+25	6.3173E-13	3.2522E-13	3.2522E-13
9.1746E+25	6.2948E-13	3.2406E-13	3.2406E-13
9.1940E+25	6.2723E-13	3.2290E-13	3.2290E-13
9.2135E+25	6.2499E-13	3.2175E-13	3.2175E-13
9.2330E+25	6.2275E-13	3.2060E-13	3.2060E-13
9.2525E+25	6.2053E-13	3.1945E-13	3.1945E-13
9.2721E+25	6.1831E-13	3.1831E-13	3.1831E-13
9.2917E+25	6.1610E-13	3.1718E-13	3.1718E-13
9.3114E+25	6.1390E-13	3.1604E-13	3.1604E-13
9.3310E+25	6.1171E-13	3.1491E-13	3.1491E-13
9.3508E+25	6.0952E-13	3.1379E-13	3.1379E-13
9.3706E+25	6.0734E-13	3.1267E-13	3.1267E-13
9.3904E+25	6.0517E-13	3.1155E-13	3.1155E-13
9.4102E+25	6.0301E-13	3.1044E-13	3.1044E-13
9.4302E+25	6.0086E-13	3.0933E-13	3.0933E-13
9.4501E+25	5.9871E-13	3.0822E-13	3.0822E-13
9.4701E+25	5.9657E-13	3.0712E-13	3.0712E-13
9.4901E+25	5.9444E-13	3.0602E-13	3.0602E-13
9.5102E+25	5.9232E-13	3.0493E-13	3.0493E-13
9.5303E+25	5.9020E-13	3.0384E-13	3.0384E-13
9.5505E+25	5.8809E-13	3.0275E-13	3.0275E-13
9.5707E+25	5.8599E-13	3.0167E-13	3.0167E-13
9.5909E+25	5.8390E-13	3.0059E-13	3.0059E-13
9.6112E+25	5.8181E-13	2.9952E-13	2.9952E-13
9.6315E+25	5.7973E-13	2.9845E-13	2.9845E-13
9.6519E+25	5.7766E-13	2.9738E-13	2.9738E-13
9.6723E+25	5.7560E-13	2.9632E-13	2.9632E-13
9.6928E+25	5.7354E-13	2.9526E-13	2.9526E-13
9.7133E+25	5.7149E-13	2.9421E-13	2.9421E-13
9.7338E+25	5.6945E-13	2.9316E-13	2.9316E-13
9.7544E+25	5.6741E-13	2.9211E-13	2.9211E-13
9.7750E+25	5.6539E-13	2.9107E-13	2.9107E-13
9.7957E+25	5.6337E-13	2.9003E-13	2.9003E-13
9.8164E+25	5.6135E-13	2.8899E-13	2.8899E-13
9.8372E+25	5.5935E-13	2.8796E-13	2.8796E-13
9.8580E+25	5.5735E-13	2.8693E-13	2.8693E-13
9.8789E+25	5.5536E-13	2.8590E-13	2.8590E-13
9.8998E+25	5.5337E-13	2.8488E-13	2.8488E-13
9.9207E+25	5.5140E-13	2.8386E-13	2.8386E-13
9.9417E+25	5.4943E-13	2.8285E-13	2.8285E-13
9.9627E+25	5.4746E-13	2.8184E-13	2.8184E-13
9.9838E+25	5.4551E-13	2.8083E-13	2.8083E-13
1.0005E+26	5.4356E-13	2.7983E-13	2.7983E-13
1.0026E+26	5.4162E-13	2.7883E-13	2.7883E-13
1.0047E+26	5.3968E-13	2.7783E-13	2.7783E-13
1.0069E+26	5.3775E-13	2.7684E-13	2.7684E-13
1.0090E+26	5.3583E-13	2.7585E-13	2.7585E-13
1.0111E+26	5.3392E-13	2.7487E-13	2.7487E-13
1.0133E+26	5.3201E-13	2.7388E-13	2.7388E-13
1.0154E+26	5.3011E-13	2.7290E-13	2.7290E-13
1.0175E+26	5.2821E-13	2.7193E-13	2.7193E-13
1.0197E+26	5.2633E-13	2.7096E-13	2.7096E-13
1.0219E+26	5.2445E-13	2.6999E-13	2.6999E-13
1.0240E+26	5.2257E-13	2.6902E-13	2.6902E-13
1.0262E+26	5.2071E-13	2.6806E-13	2.6806E-13
1.0284E+26	5.1885E-13	2.6711E-13	2.6711E-13
1.0305E+26	5.1699E-13	2.6615E-13	2.6615E-13
1.0327E+26	5.1514E-13	2.6520E-13	2.6520E-13
1.0349E+26	5.1330E-13	2.6425E-13	2.6425E-13
1.0371E+26	5.1147E-13	2.6331E-13	2.6331E-13
1.0393E+26	5.0964E-13	2.6237E-13	2.6237E-13
1.0415E+26	5.0782E-13	2.6143E-13	2.6143E-13
1.0437E+26	5.0601E-13	2.6050E-13	2.6050E-13
1.0459E+26	5.0420E-13	2.5957E-13	2.5957E-13
1.0481E+26	5.0240E-13	2.5864E-13	2.5864E-13
1.0503E+26	5.0060E-13	2.5771E-13	2.5771E-13
1.0525E+26	4.9881E-13	2.5679E-13	2.5679E-13
1.0548E+26	4.9703E-13	2.5588E-13	2.5588E-13
1.0570E+26	4.9526E-13	2.5496E-13	2.5496E-13
1.0592E+26	4.9349E-13	2.5405E-13	2.5405E-13
1.0615E+26	4.9172E-13	2.5314E-13	2.5314E-13
1.0637E+26	4.8997E-13	2.5224E-13	2.5224E-13
1.0660E+26	4.8822E-13	2.5134E-13	2.5134E-13
1.0682E+26	4.8647E-13	2.5044E-13	2.5044E-13
1.0705E+26	4.8473E-13	2.4954E-13	2.4954E-13
1.0727E+26	4.8300E-13	2.4865E-13	2.4865E-13
1.0750E+26	4.8128E-13	2.4776E-13	2.4776E-13
1.0773E+26	4.7956E-13	2.4688E-13	2.4688E-13
1.0796E+26	4.7784E-13	2.4600E-13	2.4600E-13
1.0818E+26	4.7613E-13	2.4512E-13	2.4512E-13
1.0841E+26	4.7443E-13	2.4424E-13	2.4424E-13
1.0864E+26	4.7274E-13	2.4337E-13	2.4337E-13
1.0887E+26	4.7105E-13	2.4250E-13	2.4250E-13
1.0910E+26	4.6937E-13	2.4163E-13	2.4163E-13
1.0933E+26	4.6769E-13	2.4077E-13	2.4077E-13
1.0956E+26	4.6602E-13	2.3991E-13	2.3991E-13
1.0980E+26	4.6435E-13	2.3905E-13	2.3905E-13
1.1003E+26	4.6269E-13	2.3820E-13	2.3820E-13
1.1026E+26	4.6104E-13	2.3735E-13	2.3735E-13
1.1049E+26	4.5939E-13	2.3650E-13	2.3650E-13
1.1073E+26	4.5775E-13	2.3565E-13	2.3565E-13
1.1096E+26	4.5612E-13	2.3481E-13	2.3481E-13
1.1120E+26	4.5449E-13	2.3397E-13	2.3397E-13
1.1143E+26	4.5286E-13	2.3314E-13	2.3314E-13
1.1167E+26	4.5125E-13	2.3230E-13	2.3230E-13
1.1190E+26	4.4963E-13	2.3147E-13	2.3147E-13
1.1214E+26	4.4803E-13	2.3065E-13	2.3065E-13
1.1238E+26	4.4643E-13	2.2982E-13	2.2982E-13
1.1262E+26	4.4483E-13	2.2900E-13	2.2900E-13
1.1285E+26	4.4324E-13	2.2818E-13	2.2818E-13
1.1309E+26	4.4166E-13	2.2737E-13	2.2737E-13
1.1333E+26	4.4008E-13	2.2656E-13	2.2656E-13
1.1357E+26	4.3851E-13	2.2575E-13	2.2575E-13
1.1381E+26	4.3694E-13	2.2494E-13	2.2494E-13
1.1405E+26	4.3538E-13	2.2414E-13	2.2414E-13
1.1429E+26	4.3382E-13	2.2334E-13	2.2334E-13
1.1454E+26	4.3227E-13	2.2254E-13	2.2254E-13
1.1478E+26	4.3073E-13	2.2174E-13	2.2174E-13
1.1502E+26	4.2919E-13	2.2095E-13	2.2095E-13
1.1526E+26	4.2766E-13	2.2016E-13	2.2016E-13
1.1551E+26	4.2613E-13	2.1937E-13	2.1937E-13
1.1575E+26	4.2461E-13	2.1859E-13	2.1859E-13
1.1600E+26	4.2309E-13	2.1781E-13	2.1781E-13
1.1624E+26	4.2158E-13	2.1703E-13	2.1703E-13
1.1649E+26	4.2007E-13	2.1626E-13	2.1626E-13
1.1674E+26	4.1857E-13	2.1548E-13	2.1548E-13
1.1698E+26	4.1707E-13	2.1471E-13	2.1471E-13
1.1723E+26	4.1558E-13	2.1395E-13	2.1395E-13
1.1748E+26	4.1410E-13	2.1318E-13	2.1318E-13
1.1773E+26	4.1262E-13	2.1242E-13	2.1242E-13
1.1797E+26	4.1115E-13	2.1166E-13	2.1166E-13
1.1822E+26	4.0968E-13	2.1091E-13	2.1091E-13
1.1847E+26	4.0821E-13	2.1015E-13	2.1015E-13
1.1873E+26	4.0675E-13	2.0940E-13	2.0940E-13
1.1898E+26	4.0530E-13	2.0865E-13	2.0865E-13
1.1923E+26	4.0385E-13	2.0791E-13	2.0791E-13
1.1948E+26	4.0241E-13	2.0716E-13	2.0716E-13
1.1973E+26	4.0097E-13	2.0642E-13	2.0642E-13
1.1999E+26	3.9954E-13	2.0569E-13	2.0569E-13
1.2024E+26	3.9811E-13	2.0495E-13	2.0495E-13
1.2049E+26	3.9669E-13	2.0422E-13	2.0422E-13
1.2075E+26	3.9527E-13	2.0349E-13	2.0349E-13
1.2100E+26	3.9386E-13	2.0276E-13	2.0276E-13
1.2126E+26	3.9245E-13	2.0204E-13	2.0204E-13
1.2152E+26	3.9105E-13	2.0132E-13	2.0132E-13
1.2177E+26	3.8965E-13	2.0060E-13	2.0060E-13
1.2203E+26	3.8826E-13	1.9988E-13	1.9988E-13
1.2229E+26	3.8687E-13	1.9917E-13	1.9917E-13
1.2255E+26	3.8549E-13	1.9845E-13	1.9845E-13
1.2281E+26	3.8411E-13	1.9775E-13	1.9775E-13
1.2307E+26	3.8274E-13	1.9704E-13	1.9704E-13
1.2333E+26	3.8137E-13	1.9633E-13	1.9633E-13
1.2359E+26	3.8001E-13	1.9563E-13	1.9563E-13
1.2385E+26	3.7865E-13	1.9493E-13	1.9493E-13
1.2411E+26	3.7730E-13	1.9424E-13	1.9424E-13
1.2437E+26	3.7595E-13	1.9354E-13	1.9354E-13
1.2464E+26	3.7461E-13	1.9285E-13	1.9285E-13
1.2490E+26	3.7327E-13	1.9216E-13	1.9216E-13
1.2517E+26	3.7194E-13	1.9148E-13	1.9148E-13
1.2543E+26	3.7061E-13	1.9079E-13	1.9079E-13
1.2570E+26	3.6928E-13	1.9011E-13	1.9011E-13
1.2596E+26	3.6797E-13	1.8943E-13	1.8943E-13
1.2623E+26	3.6665E-13	1.8875E-13	1.8875E-13
1.2649E+26	3.6534E-13	1.8808E-13	1.8808E-13
1.2676E+26	3.6404E-13	1.8741E-13	1.8741E-13
1.2703E+26	3.6273E-13	1.8674E-13	1.8674E-13
1.2730E+26	3.6144E-13	1.8607E-13	1.8607E-13
1.2757E+26	3.6015E-13	1.8541E-13	1.8541E-13
1.2784E+26	3.5886E-13	1.8474E-13	1.8474E-13
1.2811E+26	3.5758E-13	1.8408E-13	1.8408E-13
1.2838E+26	3.5630E-13	1.8343E-13	1.8343E-13
1.2865E+26	3.5503E-13	1.8277E-13	1.8277E-13
1.2892E+26	3.5376E-13	1.8212E-13	1.8212E-13
1.2920E+26	3.5249E-13	1.8147E-13	1.8147E-13
1.2947E+26	3.5124E-13	1.8082E-13	1.8082E-13
1.2974E+26	3.4998E-13	1.8017E-13	1.8017E-13
1.3002E+26	3.4873E-13	1.7953E-13	1.7953E-13
1.3029E+26	3.4748E-13	1.7889E-13	1.7889E-13
1.3057E+26	3.4624E-13	1.7825E-13	1.7825E-13
1.3084E+26	3.4501E-13	1.7761E-13	1.7761E-13
1.3112E+26	3.4377E-13	1.7698E-13	1.7698E-13
1.3140E+26	3.4254E-13	1.7634E-13	1.7634E-13
1.3168E+26	3.4132E-13	1.7571E-13	1.7571E-13
1.3195E+26	3.4010E-13	1.7509E-13	1.7509E-13
1.3223E+26	3.3889E-13	1.7446E-13	1.7446E-13
1.3251E+26	3.3767E-13	1.7384E-13	1.7384E-13
1.3279E+26	3.3647E-13	1.7322E-13	1.7322E-13
1.3307E+26	3.3527E-13	1.7260E-13	1.7260E-13
1.3336E+26	3.3407E-13	1.7198E-13	1.7198E-13
1.3364E+26	3.3287E-13	1.7137E-13	1.7137E-13
1.3392E+26	3.3169E-13	1.7075E-13	1.7075E-13
1.3420E+26	3.3050E-13	1.7014E-13	1.7014E-13
1.3449E+26	3.2932E-13	1.6954E-13	1.6954E-13
1.3477E+26	3.2814E-13	1.6893E-13	1.6893E-13
1.3506E+26	3.2697E-13	1.6833E-13	1.6833E-13
1.3534E+26	3.2580E-13	1.6773E-13	1.6773E-13
1.3563E+26	3.2464E-13	1.6713E-13	1.6713E-13
1.3592E+26	3.2348E-13	1.6653E-13	1.6653E-13
1.3620E+26	3.2232E-13	1.6593E-13	1.6593E-13
1.3649E+26	3.2117E-13	1.6534E-13	1.6534E-13
1.3678E+26	3.2002E-13	1.6475E-13	1.6475E-13
1.3707E+26	3.1888E-13	1.6416E-13	1.6416E-13
1.3736E+26	3.1774E-13	1.6358E-13	1.6358E-13
1.3765E+26	3.1661E-13	1.6299E-13	1.6299E-13
1.3794E+26	3.1547E-13	1.6241E-13	1.6241E-13
1.3823E+26	3.1435E-13	1.6183E-13	1.6183E-13
1.3853E+26	3.1322E-13	1.6125E-13	1.6125E-13
1.3882E+26	3.1210E-13	1.6067E-13	1.6067E-13
1.3911E+26	3.1099E-13	1.6010E-13	1.6010E-13
1.3941E+26	3.0988E-13	1.5953E-13	1.5953E-13
1.3970E+26	3.0877E-13	1.5896E-13	1.5896E-13
1.4000E+26	3.0767E-13	1.5839E-13	1.5839E-13
1.4029E+26	3.0657E-13	1.5782E-13	1.5782E-13
1.4059E+26	3.0547E-13	1.5726E-13	1.5726E-13
1.4089E+26	3.0438E-13	1.5670E-13	1.5670E-13
1.4119E+26	3.0329E-13	1.5614E-13	1.5614E-13
1.4148E+26	3.0221E-13	1.5558E-13	1.5558E-13
1.4178E+26	3.0113E-13	1.5502E-13	1.5502E-13
1.4208E+26	3.0005E-13	1.5447E-13	1.5447E-13
1.4238E+26	2.9898E-13	1.5392E-13	1.5392E-13
1.4268E+26	2.9791E-13	1.5337E-13	1.5337E-13
1.4299E+26	2.9685E-13	1.5282E-13	1.5282E-13
1.4329E+26	2.9579E-13	1.5227E-13	1.5227E-13
1.4359E+26	2.9473E-13	1.5173E-13	1.5173E-13
1.4390E+26	2.9368E-13	1.5119E-13	1.5119E-13
1.4420E+26	2.9263E-13	1.5065E-13	1.5065E-13
1.4451E+26	2.9158E-13	1.5011E-13	1.5011E-13
1.4481E+26	2.9054E-13	1.4957E-13	1.4957E-13
1.4512E+26	2.8950E-13	1.4904E-13	1.4904E-13
1.4542E+26	2.8847E-13	1.4851E-13	1.4851E-13
1.4573E+26	2.8744E-13	1.4798E-13	1.4798E-13
1.4604E+26	2.8641E-13	1.4745E-13	1.4745E-13
1.4635E+26	2.8539E-13	1.4692E-13	1.4692E-13
1.4666E+26	2.8437E-13	1.4640E-13	1.4640E-13
1.4697E+26	2.8335E-13	1.4587E-13	1.4587E-13
1.4728E+26	2.8234E-13	1.4535E-13	1.4535E-13
1.4759E+26	2.8133E-13	1.4483E-13	1.4483E-13
1.4790E+26	2.8033E-13	1.4431E-13	1.4431E-13
1.4822E+26	2.7933E-13	1.4380E-13	1.4380E-13
1.4853E+26	2.7833E-13	1.4329E-13	1.4329E-13
1.4884E+26	2.7733E-13	1.4277E-13	1.4277E-13
1.4916E+26	2.7634E-13	1.4226E-13	1.4226E-13
1.4947E+26	2.7535E-13	1.4176E-13	1.4176E-13
1.4979E+26	2.7437E-13	1.4125E-13	1.4125E-13
1.5011E+26	2.7339E-13	1.4074E-13	1.4074E-13
1.5042E+26	2.7241E-13	1.4024E-13	1.4024E-13
1.5074E+26	2.7144E-13	1.3974E-13	1.3974E-13
1.5106E+26	2.7047E-13	1.3924E-13	1.3924E-13
1.5138E+26	2.6950E-13	1.3874E-13	1.3874E-13
1.5170E+26	2.6854E-13	1.3825E-13	1.3825E-13
1.5202E+26	2.6758E-13	1.3775E-13	1.3775E-13
1.5234E+26	2.6663E-13	1.3726E-13	1.3726E-13
1.5267E+26	2.6567E-13	1.3677E-13	1.3677E-13
1.5299E+26	2.6472E-13	1.3628E-13	1.3628E-13
1.5331E+26	2.6378E-13	1.3580E-13	1.3580E-13
1.5364E+26	2.6284E-13	1.3531E-13	1.3531E-13
1.5396E+26	2.6190E-13	1.3483E-13	1.3483E-13
1.5429E+26	2.6096E-13	1.3434E-13	1.3434E-13
1.5461E+26	2.6003E-13	1.3386E-13	1.3386E-13
1.5494E+26	2.5910E-13	1.3339E-13	1.3339E-13
1.5527E+26	2.5817E-13	1.3291E-13	1.3291E-13
1.5560E+26	2.5725E-13	1.3244E-13	1.3244E-13
1.5593E+26	2.5633E-13	1.3196E-13	1.3196E-13
1.5626E+26	2.5542E-13	1.3149E-13	1.3149E-13
1.5659E+26	2.5450E-13	1.3102E-13	1.3102E-13
1.5692E+26	2.5359E-13	1.3055E-13	1.3055E-13
1.5725E+26	2.5269E-13	1.3009E-13	1.3009E-13
1.5758E+26	2.5179E-13	1.2962E-13	1.2962E-13
1.5792E+26	2.5089E-13	1.2916E-13	1.2916E-13
1.5825E+26	2.4999E-13	1.2870E-13	1.2870E-13
1.5858E+26	2.4910E-13	1.2824E-13	1.2824E-13
1.5892E+26	2.4821E-13	1.2778E-13	1.2778E-13
1.5926E+26	2.4732E-13	1.2732E-13	1.2732E-13
1.5959E+26	2.4644E-13	1.2687E-13	1.2687E-13
1.5993E+26	2.4556E-13	1.2641E-13	1.2641E-13
1.6027E+26	2.4468E-13	1.2596E-13	1.2596E-13
1.6061E+26	2.4380E-13	1.2551E-13	1.2551E-13
1.6095E+26	2.4293E-13	1.2506E-13	1.2506E-13
1.6129E+26	2.4206E-13	1.2462E-13	1.2462E-13
1.6163E+26	2.4120E-13	1.2417E-13	1.2417E-13
1.6197E+26	2.4034E-13	1.2373E-13	1.2373E-13
1.6231E+26	2.3948E-13	1.2329E-13	1.2329E-13
1.6266E+26	2.3862E-13	1.2285E-13	1.2285E-13
1.6300E+26	2.3777E-13	1.2241E-13	1.2241E-13
1.6335E+26	2.3692E-13	1.2197E-13	1.2197E-13
1.6369E+26	2.3607E-13	1.2153E-13	1.2153E-13
1.6404E+26	2.3523E-13	1.2110E-13	1.2110E-13
1.6438E+26	2.3439E-13	1.2067E-13	1.2067E-13
1.6473E+26	2.3355E-13	1.2024E-13	1.2024E-13
1.6508E+26	2.3272E-13	1.1981E-13	1.1981E-13
1.6543E+26	2.3189E-13	1.1938E-13	1.1938E-13
1.6578E+26	2.3106E-13	1.1895E-13	1.1895E-13
1.6613E+26	2.3023E-13	1.1853E-13	1.1853E-13
1.6648E+26	2.2941E-13	1.1810E-13	1.1810E-13
1.6683E+26	2.2859E-13	1.1768E-13	1.1768E-13
1.6719E+26	2.2777E-13	1.1726E-13	1.1726E-13
1.6754E+26	2.2696E-13	1.1684E-13	1.1684E-13
1.6789E+26	2.2615E-13	1.1642E-13	1.1642E-13
1.6825E+26	2.2534E-13	1.1601E-13	1.1601E-13
1.6861E+26	2.2454E-13	1.1559E-13	1.1559E-13
1.6896E+26	2.2373E-13	1.1518E-13	1.1518E-13
1.6932E+26	2.2293E-13	1.1477E-13	1.1477E-13
1.6968E+26	2.2214E-13	1.1436E-13	1.1436E-13
1.7004E+26	2.2134E-13	1.1395E-13	1.1395E-13
1.7040E+26	2.2055E-13	1.1354E-13	1.1354E-13
1.7076E+26	2.1977E-13	1.1314E-13	1.1314E-13
1.7112E+26	2.1898E-13	1.1273E-13	1.1273E-13
1.7148E+26	2.1820E-13	1.1233E-13	1.1233E-13
1.7184E+26	2.1742E-13	1.1193E-13	1.1193E-13
1.7221E+26	2.1664E-13	1.1153E-13	1.1153E-13
1.7257E+26	2.1587E-13	1.1113E-13	1.1113E-13
1.7294E+26	2.1510E-13	1.1073E-13	1.1073E-13
1.7330E+26	2.1433E-13	1.1034E-13	1.1034E-13
1.7367E+26	2.1356E-13	1.0994E-13	1.0994E-13
1.7404E+26	2.1280E-13	1.0955E-13	1.0955E-13
1.7440E+26	2.1204E-13	1.0916E-13	1.0916E-13
1.7477E+26	2.1128E-13	1.0877E-13	1.0877E-13
1.7514E+26	2.1053E-13	1.0838E-13	1.0838E-13
1.7551E+26	2.0977E-13	1.0799E-13	1.0799E-13
1.7588E+26	2.0902E-13	1.0761E-13	1.0761E-13
1.7626E+26	2.0828E-13	1.0722E-13	1.0722E-13
1.7663E+26	2.0753E-13	1.0684E-13	1.0684E-13
1.7700E+26	2.0679E-13	1.0646E-13	1.0646E-13
1.7738E+26	2.0605E-13	1.0608E-13	1.0608E-13
1.7775E+26	2.0532E-13	1.0570E-13	1.0570E-13
1.7813E+26	2.0458E-13	1.0532E-13	1.0532E-13
1.7850E+26	2.0385E-13	1.0494E-13	1.0494E-13
1.7888E+26	2.0312E-13	1.0457E-13	1.0457E-13
1.7926E+26	2.0240E-13	1.0420E-13	1.0420E-13
1.7964E+26	2.0168E-13	1.0382E-13	1.0382E-13
1.8002E+26	2.0095E-13	1.0345E-13	1.0345E-13
1.8040E+26	2.0024E-13	1.0308E-13	1.0308E-13
1.8078E+26	1.9952E-13	1.0272E-13	1.0272E-13
1.8116E+26	1.9881E-13	1.0235E-13	1.0235E-13
1.8155E+26	1.9810E-13	1.0198E-13	1.0198E-13
1.8193E+26	1.9739E-13	1.0162E-13	1.0162E-13
1.8232E+26	1.9668E-13	1.0126E-13	1.0126E-13
1.8270E+26	1.9598E-13	1.0089E-13	1.0089E-13
1.8309E+26	1.9528E-13	1.0053E-13	1.0053E-13
1.8348E+26	1.9458E-13	1.0017E-13	1.0017E-13
1.8386E+26	1.9389E-13	9.9816E-14	9.9816E-14
1.8425E+26	1.9320E-13	9.9459E-14	9.9459E-14
1.8464E+26	1.9251E-13	9.9104E-14	9.9104E-14
1.8503E+26	1.9182E-13	9.8750E-14	9.8750E-14
1.8542E+26	1.9113E-13	9.8397E-14	9.8397E-14
1.8582E+26	1.9045E-13	9.8045E-14	9.8045E-14
1.8621E+26	1.8977E-13	9.7695E-14	9.7695E-14
1.8660E+26	1.8909E-13	9.7346E-14	9.7346E-14
1.8700E+26	1.8842E-13	9.6998E-14	9.6998E-14
1.8739E+26	1.8774E-13	9.6651E-14	9.6651E-14
1.8779E+26	1.8707E-13	9.6306E-14	9.6306E-14
1.8819E+26	1.8640E-13	9.5962E-14	9.5962E-14
1.8859E+26	1.8574E-13	9.5619E-14	9.5619E-14
1.8898E+26	1.8507E-13	9.5278E-14	9.5278E-14
1.8938E+26	1.8441E-13	9.4937E-14	9.4937E-14
1.8978E+26	1.8375E-13	9.4598E-14	9.4598E-14
1.9019E+26	1.8310E-13	9.4260E-14	9.4260E-14
1.9059E+26	1.8244E-13	9.3923E-14	9.3923E-14
1.9099E+26	1.8179E-13	9.3588E-14	9.3588E-14
1.9140E+26	1.8114E-13	9.3253E-14	9.3253E-14
1.9180E+26	1.8049E-13	9.2920E-14	9.2920E-14
1.9221E+26	1.7985E-13	9.2588E-14	9.2588E-14
1.9261E+26	1.7921E-13	9.2257E-14	9.2257E-14
1.9302E+26	1.7857E-13	9.1928E-14	9.1928E-14
1.9343E+26	1.7793E-13	9.1599E-14	9.1599E-14
1.9384E+26	1.7729E-13	9.1272E-14	9.1272E-14
1.9425E+26	1.7666E-13	9.0946E-14	9.0946E-14
1.9466E+26	1.7603E-13	9.0621E-14	9.0621E-14
1.9507E+26	1.7540E-13	9.0297E-14	9.0297E-14
1.9548E+26	1.7477E-13	8.9974E-14	8.9974E-14
1.9590E+26	1.7415E-13	8.9653E-14	8.9653E-14
1.9631E+26	1.7353E-13	8.9333E-14	8.9333E-14
1.9673E+26	1.7291E-13	8.9013E-14	8.9013E-14
1.9714E+26	1.7229E-13	8.8695E-14	8.8695E-14
1.9756E+26	1.7167E-13	8.8378E-14	8.8378E-14
1.9798E+26	1.7106E-13	8.8063E-14	8.8063E-14
1.9840E+26	1.7045E-13	8.7748E-14	8.7748E-14
1.9881E+26	1.6984E-13	8.7434E-14	8.7434E-14
1.9924E+26	1.6923E-13	8.7122E-14	8.7122E-14
1.9966E+26	1.6863E-13	8.6811E-14	8.6811E-14
2.0008E+26	1.6802E-13	8.6501E-14	8.6501E-14
2.0050E+26	1.6742E-13	8.6192E-14	8.6192E-14
2.0093E+26	1.6683E-13	8.5884E-14	8.5884E-14
2.0135E+26	1.6623E-13	8.5577E-14	8.5577E-14
2.0178E+26	1.6564E-13	8.5271E-14	8.5271E-14
2.0220E+26	1.6504E-13	8.4966E-14	8.4966E-14
2.0263E+26	1.6445E-13	8.4663E-14	8.4663E-14
2.0306E+26	1.6387E-13	8.4360E-14	8.4360E-14
2.0349E+26	1.6328E-13	8.4059E-14	8.4059E-14
2.0392E+26	1.6270E-13	8.3758E-14	8.3758E-14
2.0435E+26	1.6212E-13	8.3459E-14	8.3459E-14
2.0478E+26	1.6154E-13	8.3161E-14	8.3161E-14
2.0522E+26	1.6096E-13	8.2864E-14	8.2864E-14
2.0565E+26	1.6039E-13	8.2568E-14	8.2568E-14
2.0609E+26	1.5981E-13	8.2273E-14	8.2273E-14
2.0652E+26	1.5924E-13	8.1979E-14	8.1979E-14
2.0696E+26	1.5867E-13	8.1686E-14	8.1686E-14
2.0740E+26	1.5811E-13	8.1394E-14	8.1394E-14
2.0784E+26	1.5754E-13	8.1103E-14	8.1103E-14
2.0827E+26	1.5698E-13	8.0813E-14	8.0813E-14
2.0872E+26	1.5642E-13	8.0525E-14	8.0525E-14
2.0916E+26	1.5586E-13	8.0237E-14	8.0237E-14
2.0960E+26	1.5530E-13	7.9950E-14	7.9950E-14
2.1004E+26	1.5475E-13	7.9665E-14	7.9665E-14
2.1049E+26	1.5419E-13	7.9380E-14	7.9380E-14
2.1093E+26	1.5364E-13	7.9096E-14	7.9096E-14
2.1138E+26	1.5309E-13	7.8814E-14	7.8814E-14
2.1183E+26	1.5255E-13	7.8532E-14	7.8532E-14
2.1227E+26	1.5200E-13	7.8252E-14	7.8252E-14
2.1272E+26	1.5146E-13	7.7972E-14	7.7972E-14
2.1317E+26	1.5092E-13	7.7693E-14	7.7693E-14
2.1362E+26	1.5038E-13	7.7416E-14	7.7416E-14
2.1408E+26	1.4984E-13	7.7139E-14	7.7139E-14
2.1453E+26	1.4931E-13	7.6864E-14	7.6864E-14
2.1498E+26	1.4877E-13	7.6589E-14	7.6589E-14
2.1544E+26	1.4824E-13	7.6315E-14	7.6315E-14
2.1589E+26	1.4771E-13	7.6043E-14	7.6043E-14
2.1635E+26	1.4718E-13	7.5771E-14	7.5771E-14
2.1681E+26	1.4666E-13	7.5500E-14	7.5500E-14
2.1727E+26	1.4613E-13	7.5231E-14	7.5231E-14
2.1772E+26	1.4561E-13	7.4962E-14	7.4962E-14
2.1819E+26	1.4509E-13	7.4694E-14	7.4694E-14
2.1865E+26	1.4457E-13	7.4427E-14	7.4427E-14
2.1911E+26	1.4406E-13	7.4161E-14	7.4161E-14
2.1957E+26	1.4354E-13	7.3896E-14	7.3896E-14
