3.0225E+25	6.6000E-12	1.4995E-12	1.4995E-12
3.0285E+25	6.5746E-12	1.4937E-12	1.4937E-12
3.0344E+25	6.5492E-12	1.4880E-12	1.4880E-12
3.0404E+25	6.5240E-12	1.4822E-12	1.4822E-12
3.0464E+25	6.4989E-12	1.4765E-12	1.4765E-12
3.0525E+25	6.4738E-12	1.4708E-12	1.4708E-12
3.0585E+25	6.4489E-12	1.4652E-12	1.4652E-12
3.0645E+25	6.4241E-12	1.4595E-12	1.4595E-12
3.0706E+25	6.3993E-12	1.4539E-12	1.4539E-12
3.0767E+25	6.3747E-12	1.4483E-12	1.4483E-12
3.0827E+25	6.3501E-12	1.4427E-12	1.4427E-12
3.0888E+25	6.3256E-12	1.4372E-12	1.4372E-12
3.0949E+25	6.3013E-12	1.4316E-12	1.4316E-12
3.1011E+25	6.2770E-12	1.4261E-12	1.4261E-12
3.1072E+25	6.2528E-12	1.4206E-12	1.4206E-12
3.1133E+25	6.2287E-12	1.4151E-12	1.4151E-12
3.1195E+25	6.2047E-12	1.4097E-12	1.4097E-12
3.1256E+25	6.1808E-12	1.4042E-12	1.4042E-12
3.1318E+25	6.1570E-12	1.3988E-12	1.3988E-12
3.1380E+25	6.1333E-12	1.3935E-12	1.3935E-12
3.1442E+25	6.1097E-12	1.3881E-12	1.3881E-12
3.1504E+25	6.0861E-12	1.3827E-12	1.3827E-12
3.1566E+25	6.0627E-12	1.3774E-12	1.3774E-12
3.1629E+25	6.0393E-12	1.3721E-12	1.3721E-12
3.1691E+25	6.0161E-12	1.3668E-12	1.3668E-12
3.1754E+25	5.9929E-12	1.3616E-12	1.3616E-12
3.1817E+25	5.9698E-12	1.3563E-12	1.3563E-12
3.1880E+25	5.9468E-12	1.3511E-12	1.3511E-12
3.1943E+25	5.9239E-12	1.3459E-12	1.3459E-12
3.2006E+25	5.9011E-12	1.3407E-12	1.3407E-12
3.2069E+25	5.8783E-12	1.3355E-12	1.3355E-12
3.2132E+25	5.8557E-12	1.3304E-12	1.3304E-12
3.2196E+25	5.8331E-12	1.3253E-12	1.3253E-12
3.2259E+25	5.8107E-12	1.3201E-12	1.3201E-12
3.2323E+25	5.7883E-12	1.3151E-12	1.3151E-12
3.2387E+25	5.7660E-12	1.3100E-12	1.3100E-12
3.2451E+25	5.7438E-12	1.3050E-12	1.3050E-12
3.2515E+25	5.7216E-12	1.2999E-12	1.2999E-12
3.2579E+25	5.6996E-12	1.2949E-12	1.2949E-12
3.2644E+25	5.6776E-12	1.2899E-12	1.2899E-12
3.2708E+25	5.6558E-12	1.2850E-12	1.2850E-12
3.2773E+25	5.6340E-12	1.2800E-12	1.2800E-12
3.2838E+25	5.6123E-12	1.2751E-12	1.2751E-12
3.2903E+25	5.5906E-12	1.2702E-12	1.2702E-12
3.2968E+25	5.5691E-12	1.2653E-12	1.2653E-12
3.3033E+25	5.5477E-12	1.2604E-12	1.2604E-12
3.3098E+25	5.5263E-12	1.2555E-12	1.2555E-12
3.3163E+25	5.5050E-12	1.2507E-12	1.2507E-12
3.3229E+25	5.4838E-12	1.2459E-12	1.2459E-12
3.3295E+25	5.4627E-12	1.2411E-12	1.2411E-12
3.3360E+25	5.4416E-12	1.2363E-12	1.2363E-12
3.3426E+25	5.4206E-12	1.2315E-12	1.2315E-12
3.3492E+25	5.3998E-12	1.2268E-12	1.2268E-12
3.3559E+25	5.3790E-12	1.2221E-12	1.2221E-12
3.3625E+25	5.3582E-12	1.2174E-12	1.2174E-12
3.3691E+25	5.3376E-12	1.2127E-12	1.2127E-12
3.3758E+25	5.3170E-12	1.2080E-12	1.2080E-12
3.3825E+25	5.2966E-12	1.2033E-12	1.2033E-12
3.3891E+25	5.2761E-12	1.1987E-12	1.1987E-12
3.3958E+25	5.2558E-12	1.1941E-12	1.1941E-12
3.4025E+25	5.2356E-12	1.1895E-12	1.1895E-12
3.4093E+25	5.2154E-12	1.1849E-12	1.1849E-12
3.4160E+25	5.1953E-12	1.1803E-12	1.1803E-12
3.4228E+25	5.1753E-12	1.1758E-12	1.1758E-12
3.4295E+25	5.1554E-12	1.1713E-12	1.1713E-12
3.4363E+25	5.1355E-12	1.1668E-12	1.1668E-12
3.4431E+25	5.1157E-12	1.1623E-12	1.1623E-12
3.4499E+25	5.0960E-12	1.1578E-12	1.1578E-12
3.4567E+25	5.0764E-12	1.1533E-12	1.1533E-12
3.4635E+25	5.0568E-12	1.1489E-12	1.1489E-12
3.4704E+25	5.0373E-12	1.1445E-12	1.1445E-12
3.4772E+25	5.0179E-12	1.1400E-12	1.1400E-12
3.4841E+25	4.9986E-12	1.1357E-12	1.1357E-12
3.4910E+25	4.9793E-12	1.1313E-12	1.1313E-12
3.4979E+25	4.9602E-12	1.1269E-12	1.1269E-12
3.5048E+25	4.9411E-12	1.1226E-12	1.1226E-12
3.5117E+25	4.9220E-12	1.1183E-12	1.1183E-12
3.5187E+25	4.9031E-12	1.1139E-12	1.1139E-12
3.5256E+25	4.8842E-12	1.1097E-12	1.1097E-12
3.5326E+25	4.8654E-12	1.1054E-12	1.1054E-12
3.5396E+25	4.8466E-12	1.1011E-12	1.1011E-12
3.5466E+25	4.8279E-12	1.0969E-12	1.0969E-12
3.5536E+25	4.8093E-12	1.0927E-12	1.0927E-12
3.5606E+25	4.7908E-12	1.0884E-12	1.0884E-12
3.5676E+25	4.7724E-12	1.0843E-12	1.0843E-12
3.5747E+25	4.7540E-12	1.0801E-12	1.0801E-12
3.5817E+25	4.7357E-12	1.0759E-12	1.0759E-12
3.5888E+25	4.7174E-12	1.0718E-12	1.0718E-12
3.5959E+25	4.6992E-12	1.0676E-12	1.0676E-12
3.6030E+25	4.6811E-12	1.0635E-12	1.0635E-12
3.6101E+25	4.6631E-12	1.0594E-12	1.0594E-12
3.6173E+25	4.6451E-12	1.0554E-12	1.0554E-12
3.6244E+25	4.6272E-12	1.0513E-12	1.0513E-12
3.6316E+25	4.6094E-12	1.0472E-12	1.0472E-12
3.6388E+25	4.5917E-12	1.0432E-12	1.0432E-12
3.6460E+25	4.5740E-12	1.0392E-12	1.0392E-12
3.6532E+25	4.5563E-12	1.0352E-12	1.0352E-12
3.6604E+25	4.5388E-12	1.0312E-12	1.0312E-12
3.6676E+25	4.5213E-12	1.0272E-12	1.0272E-12
3.6749E+25	4.5039E-12	1.0233E-12	1.0233E-12
3.6821E+25	4.4865E-12	1.0193E-12	1.0193E-12
3.6894E+25	4.4693E-12	1.0154E-12	1.0154E-12
3.6967E+25	4.4520E-12	1.0115E-12	1.0115E-12
3.7040E+25	4.4349E-12	1.0076E-12	1.0076E-12
3.7113E+25	4.4178E-12	1.0037E-12	1.0037E-12
3.7186E+25	4.4008E-12	9.9983E-13	9.9983E-13
3.7260E+25	4.3838E-12	9.9598E-13	9.9598E-13
3.7334E+25	4.3669E-12	9.9215E-13	9.9215E-13
3.7407E+25	4.3501E-12	9.8832E-13	9.8832E-13
3.7481E+25	4.3334E-12	9.8452E-13	9.8452E-13
3.7555E+25	4.3167E-12	9.8072E-13	9.8072E-13
3.7629E+25	4.3000E-12	9.7695E-13	9.7695E-13
3.7704E+25	4.2835E-12	9.7318E-13	9.7318E-13
3.7778E+25	4.2670E-12	9.6943E-13	9.6943E-13
3.7853E+25	4.2505E-12	9.6570E-13	9.6570E-13
3.7928E+25	4.2342E-12	9.6198E-13	9.6198E-13
3.8003E+25	4.2178E-12	9.5827E-13	9.5827E-13
3.8078E+25	4.2016E-12	9.5458E-13	9.5458E-13
3.8153E+25	4.1854E-12	9.5090E-13	9.5090E-13
3.8228E+25	4.1693E-12	9.4724E-13	9.4724E-13
3.8304E+25	4.1532E-12	9.4359E-13	9.4359E-13
3.8380E+25	4.1372E-12	9.3996E-13	9.3996E-13
3.8456E+25	4.1213E-12	9.3633E-13	9.3633E-13
3.8532E+25	4.1054E-12	9.3273E-13	9.3273E-13
3.8608E+25	4.0896E-12	9.2913E-13	9.2913E-13
3.8684E+25	4.0738E-12	9.2555E-13	9.2555E-13
3.8760E+25	4.0581E-12	9.2199E-13	9.2199E-13
3.8837E+25	4.0425E-12	9.1844E-13	9.1844E-13
3.8914E+25	4.0269E-12	9.1490E-13	9.1490E-13
3.8991E+25	4.0114E-12	9.1137E-13	9.1137E-13
3.9068E+25	3.9960E-12	9.0786E-13	9.0786E-13
3.9145E+25	3.9806E-12	9.0437E-13	9.0437E-13
3.9222E+25	3.9652E-12	9.0088E-13	9.0088E-13
3.9300E+25	3.9500E-12	8.9741E-13	8.9741E-13
3.9377E+25	3.9347E-12	8.9395E-13	8.9395E-13
3.9455E+25	3.9196E-12	8.9051E-13	8.9051E-13
3.9533E+25	3.9045E-12	8.8708E-13	8.8708E-13
3.9611E+25	3.8894E-12	8.8366E-13	8.8366E-13
3.9690E+25	3.8745E-12	8.8026E-13	8.8026E-13
3.9768E+25	3.8595E-12	8.7687E-13	8.7687E-13
3.9847E+25	3.8447E-12	8.7349E-13	8.7349E-13
3.9925E+25	3.8299E-12	8.7012E-13	8.7012E-13
4.0004E+25	3.8151E-12	8.6677E-13	8.6677E-13
4.0083E+25	3.8004E-12	8.6343E-13	8.6343E-13
4.0162E+25	3.7858E-12	8.6011E-13	8.6011E-13
4.0242E+25	3.7712E-12	8.5679E-13	8.5679E-13
4.0321E+25	3.7567E-12	8.5349E-13	8.5349E-13
4.0401E+25	3.7422E-12	8.5020E-13	8.5020E-13
4.0481E+25	3.7278E-12	8.4693E-13	8.4693E-13
4.0561E+25	3.7134E-12	8.4367E-13	8.4367E-13
4.0641E+25	3.6991E-12	8.4042E-13	8.4042E-13
4.0721E+25	3.6848E-12	8.3718E-13	8.3718E-13
4.0802E+25	3.6707E-12	8.3395E-13	8.3395E-13
4.0882E+25	3.6565E-12	8.3074E-13	8.3074E-13
4.0963E+25	3.6424E-12	8.2754E-13	8.2754E-13
4.1044E+25	3.6284E-12	8.2435E-13	8.2435E-13
4.1125E+25	3.6144E-12	8.2118E-13	8.2118E-13
4.1206E+25	3.6005E-12	8.1801E-13	8.1801E-13
4.1288E+25	3.5866E-12	8.1486E-13	8.1486E-13
4.1369E+25	3.5728E-12	8.1172E-13	8.1172E-13
4.1451E+25	3.5590E-12	8.0859E-13	8.0859E-13
4.1533E+25	3.5453E-12	8.0548E-13	8.0548E-13
4.1615E+25	3.5317E-12	8.0238E-13	8.0238E-13
4.1697E+25	3.5181E-12	7.9929E-13	7.9929E-13
4.1780E+25	3.5045E-12	7.9621E-13	7.9621E-13
4.1862E+25	3.4910E-12	7.9314E-13	7.9314E-13
4.1945E+25	3.4776E-12	7.9008E-13	7.9008E-13
4.2028E+25	3.4642E-12	7.8704E-13	7.8704E-13
4.2111E+25	3.4508E-12	7.8401E-13	7.8401E-13
4.2194E+25	3.4375E-12	7.8099E-13	7.8099E-13
4.2278E+25	3.4243E-12	7.7798E-13	7.7798E-13
4.2361E+25	3.4111E-12	7.7498E-13	7.7498E-13
4.2445E+25	3.3979E-12	7.7200E-13	7.7200E-13
4.2529E+25	3.3849E-12	7.6902E-13	7.6902E-13
4.2613E+25	3.3718E-12	7.6606E-13	7.6606E-13
4.2697E+25	3.3588E-12	7.6311E-13	7.6311E-13
4.2781E+25	3.3459E-12	7.6017E-13	7.6017E-13
4.2866E+25	3.3330E-12	7.5724E-13	7.5724E-13
4.2951E+25	3.3202E-12	7.5432E-13	7.5432E-13
4.3036E+25	3.3074E-12	7.5142E-13	7.5142E-13
4.3121E+25	3.2946E-12	7.4852E-13	7.4852E-13
4.3206E+25	3.2819E-12	7.4564E-13	7.4564E-13
4.3291E+25	3.2693E-12	7.4277E-13	7.4277E-13
4.3377E+25	3.2567E-12	7.3990E-13	7.3990E-13
4.3462E+25	3.2441E-12	7.3705E-13	7.3705E-13
4.3548E+25	3.2317E-12	7.3421E-13	7.3421E-13
4.3634E+25	3.2192E-12	7.3139E-13	7.3139E-13
4.3721E+25	3.2068E-12	7.2857E-13	7.2857E-13
4.3807E+25	3.1944E-12	7.2576E-13	7.2576E-13
4.3894E+25	3.1821E-12	7.2297E-13	7.2297E-13
4.3980E+25	3.1699E-12	7.2018E-13	7.2018E-13
4.4067E+25	3.1577E-12	7.1741E-13	7.1741E-13
4.4154E+25	3.1455E-12	7.1464E-13	7.1464E-13
4.4241E+25	3.1334E-12	7.1189E-13	7.1189E-13
4.4329E+25	3.1213E-12	7.0915E-13	7.0915E-13
4.4416E+25	3.1093E-12	7.0641E-13	7.0641E-13
4.4504E+25	3.0973E-12	7.0369E-13	7.0369E-13
4.4592E+25	3.0854E-12	7.0098E-13	7.0098E-13
4.4680E+25	3.0735E-12	6.9828E-13	6.9828E-13
4.4769E+25	3.0617E-12	6.9559E-13	6.9559E-13
4.4857E+25	3.0499E-12	6.9291E-13	6.9291E-13
4.4946E+25	3.0381E-12	6.9024E-13	6.9024E-13
4.5035E+25	3.0264E-12	6.8758E-13	6.8758E-13
4.5124E+25	3.0147E-12	6.8493E-13	6.8493E-13
4.5213E+25	3.0031E-12	6.8230E-13	6.8230E-13
4.5302E+25	2.9916E-12	6.7967E-13	6.7967E-13
4.5392E+25	2.9800E-12	6.7705E-13	6.7705E-13
4.5481E+25	2.9686E-12	6.7444E-13	6.7444E-13
4.5571E+25	2.9571E-12	6.7184E-13	6.7184E-13
4.5661E+25	2.9457E-12	6.6925E-13	6.6925E-13
4.5751E+25	2.9344E-12	6.6668E-13	6.6668E-13
4.5842E+25	2.9231E-12	6.6411E-13	6.6411E-13
4.5932E+25	2.9118E-12	6.6155E-13	6.6155E-13
4.6023E+25	2.9006E-12	6.5900E-13	6.5900E-13
4.6114E+25	2.8894E-12	6.5646E-13	6.5646E-13
4.6205E+25	2.8783E-12	6.5393E-13	6.5393E-13
4.6297E+25	2.8672E-12	6.5141E-13	6.5141E-13
4.6388E+25	2.8562E-12	6.4890E-13	6.4890E-13
4.6480E+25	2.8452E-12	6.4640E-13	6.4640E-13
4.6571E+25	2.8342E-12	6.4391E-13	6.4391E-13
4.6664E+25	2.8233E-12	6.4143E-13	6.4143E-13
4.6756E+25	2.8124E-12	6.3896E-13	6.3896E-13
4.6848E+25	2.8016E-12	6.3650E-13	6.3650E-13
4.6941E+25	2.7908E-12	6.3405E-13	6.3405E-13
4.7033E+25	2.7800E-12	6.3161E-13	6.3161E-13
4.7126E+25	2.7693E-12	6.2917E-13	6.2917E-13
4.7220E+25	2.7586E-12	6.2675E-13	6.2675E-13
4.7313E+25	2.7480E-12	6.2433E-13	6.2433E-13
4.7406E+25	2.7374E-12	6.2193E-13	6.2193E-13
4.7500E+25	2.7269E-12	6.1953E-13	6.1953E-13
4.7594E+25	2.7164E-12	6.1715E-13	6.1715E-13
4.7688E+25	2.7059E-12	6.1477E-13	6.1477E-13
4.7782E+25	2.6955E-12	6.1240E-13	6.1240E-13
4.7877E+25	2.6851E-12	6.1004E-13	6.1004E-13
4.7971E+25	2.6748E-12	6.0769E-13	6.0769E-13
4.8066E+25	2.6645E-12	6.0535E-13	6.0535E-13
4.8161E+25	2.6542E-12	6.0302E-13	6.0302E-13
4.8256E+25	2.6440E-12	6.0070E-13	6.0070E-13
4.8351E+25	2.6338E-12	5.9838E-13	5.9838E-13
4.8447E+25	2.6236E-12	5.9608E-13	5.9608E-13
4.8543E+25	2.6135E-12	5.9378E-13	5.9378E-13
4.8639E+25	2.6035E-12	5.9149E-13	5.9149E-13
4.8735E+25	2.5934E-12	5.8921E-13	5.8921E-13
4.8831E+25	2.5834E-12	5.8694E-13	5.8694E-13
4.8928E+25	2.5735E-12	5.8468E-13	5.8468E-13
4.9024E+25	2.5636E-12	5.8243E-13	5.8243E-13
4.9121E+25	2.5537E-12	5.8019E-13	5.8019E-13
4.9218E+25	2.5439E-12	5.7795E-13	5.7795E-13
4.9315E+25	2.5341E-12	5.7572E-13	5.7572E-13
4.9413E+25	2.5243E-12	5.7351E-13	5.7351E-13
4.9511E+25	2.5146E-12	5.7130E-13	5.7130E-13
4.9608E+25	2.5049E-12	5.6910E-13	5.6910E-13
4.9706E+25	2.4952E-12	5.6690E-13	5.6690E-13
4.9805E+25	2.4856E-12	5.6472E-13	5.6472E-13
4.9903E+25	2.4760E-12	5.6254E-13	5.6254E-13
5.0002E+25	2.4665E-12	5.6038E-13	5.6038E-13
5.0100E+25	2.4570E-12	5.5822E-13	5.5822E-13
5.0199E+25	2.4475E-12	5.5607E-13	5.5607E-13
5.0299E+25	2.4381E-12	5.5393E-13	5.5393E-13
5.0398E+25	2.4287E-12	5.5179E-13	5.5179E-13
5.0498E+25	2.4194E-12	5.4967E-13	5.4967E-13
5.0597E+25	2.4100E-12	5.4755E-13	5.4755E-13
5.0697E+25	2.4008E-12	5.4544E-13	5.4544E-13
5.0798E+25	2.3915E-12	5.4334E-13	5.4334E-13
5.0898E+25	2.3823E-12	5.4124E-13	5.4124E-13
5.0999E+25	2.3731E-12	5.3916E-13	5.3916E-13
5.1099E+25	2.3640E-12	5.3708E-13	5.3708E-13
5.1200E+25	2.3549E-12	5.3501E-13	5.3501E-13
5.1301E+25	2.3458E-12	5.3295E-13	5.3295E-13
5.1403E+25	2.3368E-12	5.3090E-13	5.3090E-13
5.1504E+25	2.3278E-12	5.2885E-13	5.2885E-13
5.1606E+25	2.3188E-12	5.2682E-13	5.2682E-13
5.1708E+25	2.3099E-12	5.2479E-13	5.2479E-13
5.1810E+25	2.3010E-12	5.2277E-13	5.2277E-13
5.1913E+25	2.2921E-12	5.2075E-13	5.2075E-13
5.2015E+25	2.2833E-12	5.1875E-13	5.1875E-13
5.2118E+25	2.2745E-12	5.1675E-13	5.1675E-13
5.2221E+25	2.2657E-12	5.1476E-13	5.1476E-13
5.2324E+25	2.2570E-12	5.1277E-13	5.1277E-13
5.2428E+25	2.2483E-12	5.1080E-13	5.1080E-13
5.2531E+25	2.2396E-12	5.0883E-13	5.0883E-13
5.2635E+25	2.2310E-12	5.0687E-13	5.0687E-13
5.2739E+25	2.2224E-12	5.0492E-13	5.0492E-13
5.2843E+25	2.2138E-12	5.0297E-13	5.0297E-13
5.2948E+25	2.2053E-12	5.0103E-13	5.0103E-13
5.3052E+25	2.1968E-12	4.9910E-13	4.9910E-13
5.3157E+25	2.1883E-12	4.9718E-13	4.9718E-13
5.3262E+25	2.1799E-12	4.9527E-13	4.9527E-13
5.3367E+25	2.1715E-12	4.9336E-13	4.9336E-13
5.3473E+25	2.1632E-12	4.9146E-13	4.9146E-13
5.3579E+25	2.1548E-12	4.8956E-13	4.8956E-13
5.3684E+25	2.1465E-12	4.8768E-13	4.8768E-13
5.3790E+25	2.1382E-12	4.8580E-13	4.8580E-13
5.3897E+25	2.1300E-12	4.8393E-13	4.8393E-13
5.4003E+25	2.1218E-12	4.8206E-13	4.8206E-13
5.4110E+25	2.1136E-12	4.8021E-13	4.8021E-13
5.4217E+25	2.1055E-12	4.7836E-13	4.7836E-13
5.4324E+25	2.0974E-12	4.7651E-13	4.7651E-13
5.4431E+25	2.0893E-12	4.7468E-13	4.7468E-13
5.4539E+25	2.0812E-12	4.7285E-13	4.7285E-13
5.4647E+25	2.0732E-12	4.7103E-13	4.7103E-13
5.4755E+25	2.0652E-12	4.6921E-13	4.6921E-13
5.4863E+25	2.0573E-12	4.6740E-13	4.6740E-13
5.4971E+25	2.0494E-12	4.6560E-13	4.6560E-13
5.5080E+25	2.0415E-12	4.6381E-13	4.6381E-13
5.5189E+25	2.0336E-12	4.6202E-13	4.6202E-13
5.5298E+25	2.0258E-12	4.6024E-13	4.6024E-13
5.5407E+25	2.0180E-12	4.5847E-13	4.5847E-13
5.5517E+25	2.0102E-12	4.5670E-13	4.5670E-13
5.5626E+25	2.0024E-12	4.5495E-13	4.5495E-13
5.5736E+25	1.9947E-12	4.5319E-13	4.5319E-13
5.5846E+25	1.9870E-12	4.5145E-13	4.5145E-13
5.5957E+25	1.9794E-12	4.4971E-13	4.4971E-13
5.6067E+25	1.9718E-12	4.4798E-13	4.4798E-13
5.6178E+25	1.9642E-12	4.4625E-13	4.4625E-13
5.6289E+25	1.9566E-12	4.4453E-13	4.4453E-13
5.6400E+25	1.9491E-12	4.4282E-13	4.4282E-13
5.6512E+25	1.9416E-12	4.4111E-13	4.4111E-13
5.6623E+25	1.9341E-12	4.3941E-13	4.3941E-13
5.6735E+25	1.9266E-12	4.3772E-13	4.3772E-13
5.6847E+25	1.9192E-12	4.3603E-13	4.3603E-13
5.6960E+25	1.9118E-12	4.3435E-13	4.3435E-13
5.7072E+25	1.9044E-12	4.3268E-13	4.3268E-13
5.7185E+25	1.8971E-12	4.3101E-13	4.3101E-13
5.7298E+25	1.8898E-12	4.2935E-13	4.2935E-13
5.7411E+25	1.8825E-12	4.2770E-13	4.2770E-13
5.7525E+25	1.8753E-12	4.2605E-13	4.2605E-13
5.7638E+25	1.8680E-12	4.2441E-13	4.2441E-13
5.7752E+25	1.8608E-12	4.2277E-13	4.2277E-13
5.7866E+25	1.8537E-12	4.2115E-13	4.2115E-13
5.7981E+25	1.8465E-12	4.1952E-13	4.1952E-13
5.8095E+25	1.8394E-12	4.1791E-13	4.1791E-13
5.8210E+25	1.8323E-12	4.1630E-13	4.1630E-13
5.8325E+25	1.8253E-12	4.1469E-13	4.1469E-13
5.8440E+25	1.8182E-12	4.1310E-13	4.1310E-13
5.8556E+25	1.8112E-12	4.1150E-13	4.1150E-13
5.8672E+25	1.8043E-12	4.0992E-13	4.0992E-13
5.8788E+25	1.7973E-12	4.0834E-13	4.0834E-13
5.8904E+25	1.7904E-12	4.0677E-13	4.0677E-13
5.9020E+25	1.7835E-12	4.0520E-13	4.0520E-13
5.9137E+25	1.7766E-12	4.0364E-13	4.0364E-13
5.9254E+25	1.7698E-12	4.0208E-13	4.0208E-13
5.9371E+25	1.7630E-12	4.0054E-13	4.0054E-13
5.9488E+25	1.7562E-12	3.9899E-13	3.9899E-13
5.9606E+25	1.7494E-12	3.9745E-13	3.9745E-13
5.9723E+25	1.7427E-12	3.9592E-13	3.9592E-13
5.9841E+25	1.7359E-12	3.9440E-13	3.9440E-13
5.9960E+25	1.7293E-12	3.9288E-13	3.9288E-13
6.0078E+25	1.7226E-12	3.9137E-13	3.9137E-13
6.0197E+25	1.7160E-12	3.8986E-13	3.8986E-13
6.0316E+25	1.7094E-12	3.8836E-13	3.8836E-13
6.0435E+25	1.7028E-12	3.8686E-13	3.8686E-13
6.0554E+25	1.6962E-12	3.8537E-13	3.8537E-13
6.0674E+25	1.6897E-12	3.8388E-13	3.8388E-13
6.0794E+25	1.6832E-12	3.8241E-13	3.8241E-13
6.0914E+25	1.6767E-12	3.8093E-13	3.8093E-13
6.1034E+25	1.6702E-12	3.7947E-13	3.7947E-13
6.1155E+25	1.6638E-12	3.7800E-13	3.7800E-13
6.1276E+25	1.6574E-12	3.7655E-13	3.7655E-13
6.1397E+25	1.6510E-12	3.7510E-13	3.7510E-13
6.1518E+25	1.6446E-12	3.7365E-13	3.7365E-13
6.1640E+25	1.6383E-12	3.7221E-13	3.7221E-13
6.1762E+25	1.6320E-12	3.7078E-13	3.7078E-13
6.1884E+25	1.6257E-12	3.6935E-13	3.6935E-13
6.2006E+25	1.6194E-12	3.6793E-13	3.6793E-13
6.2128E+25	1.6132E-12	3.6651E-13	3.6651E-13
6.2251E+25	1.6070E-12	3.6510E-13	3.6510E-13
6.2374E+25	1.6008E-12	3.6369E-13	3.6369E-13
6.2498E+25	1.5946E-12	3.6229E-13	3.6229E-13
6.2621E+25	1.5885E-12	3.6089E-13	3.6089E-13
6.2745E+25	1.5824E-12	3.5950E-13	3.5950E-13
6.2869E+25	1.5763E-12	3.5812E-13	3.5812E-13
6.2993E+25	1.5702E-12	3.5674E-13	3.5674E-13
6.3117E+25	1.5641E-12	3.5537E-13	3.5537E-13
6.3242E+25	1.5581E-12	3.5400E-13	3.5400E-13
6.3367E+25	1.5521E-12	3.5263E-13	3.5263E-13
6.3492E+25	1.5461E-12	3.5127E-13	3.5127E-13
6.3618E+25	1.5402E-12	3.4992E-13	3.4992E-13
6.3744E+25	1.5342E-12	3.4857E-13	3.4857E-13
6.3869E+25	1.5283E-12	3.4723E-13	3.4723E-13
6.3996E+25	1.5224E-12	3.4589E-13	3.4589E-13
6.4122E+25	1.5166E-12	3.4456E-13	3.4456E-13
6.4249E+25	1.5107E-12	3.4323E-13	3.4323E-13
6.4376E+25	1.5049E-12	3.4191E-13	3.4191E-13
6.4503E+25	1.4991E-12	3.4059E-13	3.4059E-13
6.4630E+25	1.4933E-12	3.3928E-13	3.3928E-13
6.4758E+25	1.4876E-12	3.3797E-13	3.3797E-13
6.4886E+25	1.4819E-12	3.3667E-13	3.3667E-13
6.5014E+25	1.4762E-12	3.3537E-13	3.3537E-13
6.5143E+25	1.4705E-12	3.3408E-13	3.3408E-13
6.5272E+25	1.4648E-12	3.3280E-13	3.3280E-13
6.5401E+25	1.4592E-12	3.3151E-13	3.3151E-13
6.5530E+25	1.4535E-12	3.3024E-13	3.3024E-13
6.5659E+25	1.4479E-12	3.2896E-13	3.2896E-13
6.5789E+25	1.4424E-12	3.2770E-13	3.2770E-13
6.5919E+25	1.4368E-12	3.2643E-13	3.2643E-13
6.6049E+25	1.4313E-12	3.2518E-13	3.2518E-13
6.6180E+25	1.4258E-12	3.2392E-13	3.2392E-13
6.6311E+25	1.4203E-12	3.2268E-13	3.2268E-13
6.6442E+25	1.4148E-12	3.2143E-13	3.2143E-13
6.6573E+25	1.4093E-12	3.2019E-13	3.2019E-13
6.6704E+25	1.4039E-12	3.1896E-13	3.1896E-13
6.6836E+25	1.3985E-12	3.1773E-13	3.1773E-13
6.6968E+25	1.3931E-12	3.1651E-13	3.1651E-13
6.7101E+25	1.3877E-12	3.1529E-13	3.1529E-13
6.7233E+25	1.3824E-12	3.1407E-13	3.1407E-13
6.7366E+25	1.3771E-12	3.1286E-13	3.1286E-13
6.7499E+25	1.3718E-12	3.1166E-13	3.1166E-13
6.7633E+25	1.3665E-12	3.1046E-13	3.1046E-13
6.7766E+25	1.3612E-12	3.0926E-13	3.0926E-13
6.7900E+25	1.3560E-12	3.0807E-13	3.0807E-13
6.8034E+25	1.3508E-12	3.0688E-13	3.0688E-13
6.8169E+25	1.3456E-12	3.0570E-13	3.0570E-13
6.8303E+25	1.3404E-12	3.0452E-13	3.0452E-13
6.8438E+25	1.3352E-12	3.0335E-13	3.0335E-13
6.8574E+25	1.3301E-12	3.0218E-13	3.0218E-13
6.8709E+25	1.3249E-12	3.0102E-13	3.0102E-13
6.8845E+25	1.3198E-12	2.9986E-13	2.9986E-13
6.8981E+25	1.3147E-12	2.9870E-13	2.9870E-13
6.9117E+25	1.3097E-12	2.9755E-13	2.9755E-13
6.9254E+25	1.3046E-12	2.9641E-13	2.9641E-13
6.9391E+25	1.2996E-12	2.9526E-13	2.9526E-13
6.9528E+25	1.2946E-12	2.9413E-13	2.9413E-13
6.9665E+25	1.2896E-12	2.9299E-13	2.9299E-13
6.9803E+25	1.2846E-12	2.9187E-13	2.9187E-13
6.9941E+25	1.2797E-12	2.9074E-13	2.9074E-13
7.0079E+25	1.2748E-12	2.8962E-13	2.8962E-13
7.0217E+25	1.2699E-12	2.8851E-13	2.8851E-13
7.0356E+25	1.2650E-12	2.8739E-13	2.8739E-13
7.0495E+25	1.2601E-12	2.8629E-13	2.8629E-13
7.0635E+25	1.2552E-12	2.8518E-13	2.8518E-13
7.0774E+25	1.2504E-12	2.8408E-13	2.8408E-13
7.0914E+25	1.2456E-12	2.8299E-13	2.8299E-13
7.1054E+25	1.2408E-12	2.8190E-13	2.8190E-13
7.1195E+25	1.2360E-12	2.8081E-13	2.8081E-13
7.1335E+25	1.2312E-12	2.7973E-13	2.7973E-13
7.1476E+25	1.2265E-12	2.7865E-13	2.7865E-13
7.1617E+25	1.2218E-12	2.7758E-13	2.7758E-13
7.1759E+25	1.2171E-12	2.7651E-13	2.7651E-13
7.1901E+25	1.2124E-12	2.7545E-13	2.7545E-13
7.2043E+25	1.2077E-12	2.7439E-13	2.7439E-13
7.2185E+25	1.2031E-12	2.7333E-13	2.7333E-13
7.2328E+25	1.1984E-12	2.7228E-13	2.7228E-13
7.2471E+25	1.1938E-12	2.7123E-13	2.7123E-13
7.2614E+25	1.1892E-12	2.7018E-13	2.7018E-13
7.2757E+25	1.1846E-12	2.6914E-13	2.6914E-13
7.2901E+25	1.1801E-12	2.6810E-13	2.6810E-13
7.3045E+25	1.1755E-12	2.6707E-13	2.6707E-13
7.3190E+25	1.1710E-12	2.6604E-13	2.6604E-13
7.3334E+25	1.1665E-12	2.6502E-13	2.6502E-13
7.3479E+25	1.1620E-12	2.6400E-13	2.6400E-13
7.3624E+25	1.1575E-12	2.6298E-13	2.6298E-13
7.3770E+25	1.1530E-12	2.6197E-13	2.6197E-13
7.3916E+25	1.1486E-12	2.6096E-13	2.6096E-13
7.4062E+25	1.1442E-12	2.5995E-13	2.5995E-13
7.4208E+25	1.1398E-12	2.5895E-13	2.5895E-13
7.4355E+25	1.1354E-12	2.5795E-13	2.5795E-13
7.4502E+25	1.1310E-12	2.5696E-13	2.5696E-13
7.4649E+25	1.1267E-12	2.5597E-13	2.5597E-13
7.4796E+25	1.1223E-12	2.5498E-13	2.5498E-13
7.4944E+25	1.1180E-12	2.5400E-13	2.5400E-13
7.5092E+25	1.1137E-12	2.5302E-13	2.5302E-13
7.5241E+25	1.1094E-12	2.5205E-13	2.5205E-13
7.5389E+25	1.1051E-12	2.5108E-13	2.5108E-13
7.5538E+25	1.1009E-12	2.5011E-13	2.5011E-13
7.5687E+25	1.0966E-12	2.4915E-13	2.4915E-13
7.5837E+25	1.0924E-12	2.4819E-13	2.4819E-13
7.5987E+25	1.0882E-12	2.4723E-13	2.4723E-13
7.6137E+25	1.0840E-12	2.4628E-13	2.4628E-13
7.6287E+25	1.0798E-12	2.4533E-13	2.4533E-13
7.6438E+25	1.0757E-12	2.4438E-13	2.4438E-13
7.6589E+25	1.0715E-12	2.4344E-13	2.4344E-13
7.6741E+25	1.0674E-12	2.4250E-13	2.4250E-13
7.6892E+25	1.0633E-12	2.4157E-13	2.4157E-13
7.7044E+25	1.0592E-12	2.4064E-13	2.4064E-13
7.7196E+25	1.0551E-12	2.3971E-13	2.3971E-13
7.7349E+25	1.0510E-12	2.3879E-13	2.3879E-13
7.7502E+25	1.0470E-12	2.3787E-13	2.3787E-13
7.7655E+25	1.0429E-12	2.3695E-13	2.3695E-13
7.7808E+25	1.0389E-12	2.3604E-13	2.3604E-13
7.7962E+25	1.0349E-12	2.3513E-13	2.3513E-13
7.8116E+25	1.0309E-12	2.3422E-13	2.3422E-13
7.8271E+25	1.0270E-12	2.3332E-13	2.3332E-13
7.8425E+25	1.0230E-12	2.3242E-13	2.3242E-13
7.8580E+25	1.0191E-12	2.3153E-13	2.3153E-13
7.8736E+25	1.0151E-12	2.3064E-13	2.3064E-13
7.8891E+25	1.0112E-12	2.2975E-13	2.2975E-13
7.9047E+25	1.0073E-12	2.2886E-13	2.2886E-13
7.9203E+25	1.0035E-12	2.2798E-13	2.2798E-13
7.9360E+25	9.9959E-13	2.2710E-13	2.2710E-13
7.9517E+25	9.9574E-13	2.2623E-13	2.2623E-13
7.9674E+25	9.9191E-13	2.2536E-13	2.2536E-13
7.9831E+25	9.8809E-13	2.2449E-13	2.2449E-13
7.9989E+25	9.8428E-13	2.2362E-13	2.2362E-13
8.0147E+25	9.8049E-13	2.2276E-13	2.2276E-13
8.0305E+25	9.7671E-13	2.2190E-13	2.2190E-13
8.0464E+25	9.7295E-13	2.2105E-13	2.2105E-13
8.0623E+25	9.6920E-13	2.2020E-13	2.2020E-13
8.0782E+25	9.6547E-13	2.1935E-13	2.1935E-13
8.0942E+25	9.6175E-13	2.1850E-13	2.1850E-13
8.1102E+25	9.5804E-13	2.1766E-13	2.1766E-13
8.1262E+25	9.5435E-13	2.1682E-13	2.1682E-13
8.1423E+25	9.5067E-13	2.1599E-13	2.1599E-13
8.1584E+25	9.4701E-13	2.1516E-13	2.1516E-13
8.1745E+25	9.4336E-13	2.1433E-13	2.1433E-13
8.1906E+25	9.3973E-13	2.1350E-13	2.1350E-13
8.2068E+25	9.3611E-13	2.1268E-13	2.1268E-13
8.2230E+25	9.3250E-13	2.1186E-13	2.1186E-13
8.2393E+25	9.2891E-13	2.1104E-13	2.1104E-13
8.2556E+25	9.2533E-13	2.1023E-13	2.1023E-13
8.2719E+25	9.2177E-13	2.0942E-13	2.0942E-13
8.2882E+25	9.1822E-13	2.0861E-13	2.0861E-13
8.3046E+25	9.1468E-13	2.0781E-13	2.0781E-13
8.3210E+25	9.1115E-13	2.0701E-13	2.0701E-13
8.3375E+25	9.0764E-13	2.0621E-13	2.0621E-13
8.3539E+25	9.0415E-13	2.0542E-13	2.0542E-13
8.3704E+25	9.0066E-13	2.0463E-13	2.0463E-13
8.3870E+25	8.9719E-13	2.0384E-13	2.0384E-13
8.4035E+25	8.9374E-13	2.0305E-13	2.0305E-13
8.4202E+25	8.9029E-13	2.0227E-13	2.0227E-13
8.4368E+25	8.8687E-13	2.0149E-13	2.0149E-13
8.4535E+25	8.8345E-13	2.0071E-13	2.0071E-13
8.4702E+25	8.8005E-13	1.9994E-13	1.9994E-13
8.4869E+25	8.7665E-13	1.9917E-13	1.9917E-13
8.5037E+25	8.7328E-13	1.9840E-13	1.9840E-13
8.5205E+25	8.6991E-13	1.9764E-13	1.9764E-13
8.5373E+25	8.6656E-13	1.9688E-13	1.9688E-13
8.5542E+25	8.6322E-13	1.9612E-13	1.9612E-13
8.5711E+25	8.5990E-13	1.9536E-13	1.9536E-13
8.5880E+25	8.5659E-13	1.9461E-13	1.9461E-13
8.6050E+25	8.5329E-13	1.9386E-13	1.9386E-13
8.6220E+25	8.5000E-13	1.9312E-13	1.9312E-13
8.6390E+25	8.4672E-13	1.9237E-13	1.9237E-13
8.6561E+25	8.4346E-13	1.9163E-13	1.9163E-13
8.6732E+25	8.4021E-13	1.9089E-13	1.9089E-13
8.6903E+25	8.3698E-13	1.9016E-13	1.9016E-13
8.7075E+25	8.3375E-13	1.8942E-13	1.8942E-13
8.7247E+25	8.3054E-13	1.8869E-13	1.8869E-13
8.7420E+25	8.2734E-13	1.8797E-13	1.8797E-13
8.7592E+25	8.2415E-13	1.8724E-13	1.8724E-13
8.7766E+25	8.2098E-13	1.8652E-13	1.8652E-13
8.7939E+25	8.1781E-13	1.8580E-13	1.8580E-13
8.8113E+25	8.1466E-13	1.8509E-13	1.8509E-13
8.8287E+25	8.1153E-13	1.8437E-13	1.8437E-13
8.8461E+25	8.0840E-13	1.8366E-13	1.8366E-13
8.8636E+25	8.0529E-13	1.8296E-13	1.8296E-13
8.8811E+25	8.0218E-13	1.8225E-13	1.8225E-13
8.8987E+25	7.9909E-13	1.8155E-13	1.8155E-13
8.9163E+25	7.9601E-13	1.8085E-13	1.8085E-13
8.9339E+25	7.9295E-13	1.8015E-13	1.8015E-13
8.9515E+25	7.8989E-13	1.7946E-13	1.7946E-13
8.9692E+25	7.8685E-13	1.7877E-13	1.7877E-13
8.9869E+25	7.8382E-13	1.7808E-13	1.7808E-13
9.0047E+25	7.8080E-13	1.7739E-13	1.7739E-13
9.0225E+25	7.7779E-13	1.7671E-13	1.7671E-13
9.0403E+25	7.7479E-13	1.7603E-13	1.7603E-13
9.0582E+25	7.7181E-13	1.7535E-13	1.7535E-13
9.0761E+25	7.6884E-13	1.7468E-13	1.7468E-13
9.0940E+25	7.6587E-13	1.7400E-13	1.7400E-13
9.1120E+25	7.6292E-13	1.7333E-13	1.7333E-13
9.1300E+25	7.5998E-13	1.7266E-13	1.7266E-13
9.1480E+25	7.5706E-13	1.7200E-13	1.7200E-13
9.1661E+25	7.5414E-13	1.7134E-13	1.7134E-13
9.1842E+25	7.5124E-13	1.7068E-13	1.7068E-13
9.2024E+25	7.4834E-13	1.7002E-13	1.7002E-13
9.2206E+25	7.4546E-13	1.6936E-13	1.6936E-13
9.2388E+25	7.4259E-13	1.6871E-13	1.6871E-13
9.2570E+25	7.3973E-13	1.6806E-13	1.6806E-13
9.2753E+25	7.3688E-13	1.6741E-13	1.6741E-13
9.2937E+25	7.3404E-13	1.6677E-13	1.6677E-13
9.3120E+25	7.3121E-13	1.6613E-13	1.6613E-13
9.3304E+25	7.2839E-13	1.6549E-13	1.6549E-13
9.3489E+25	7.2559E-13	1.6485E-13	1.6485E-13
9.3673E+25	7.2279E-13	1.6421E-13	1.6421E-13
9.3858E+25	7.2001E-13	1.6358E-13	1.6358E-13
9.4044E+25	7.1723E-13	1.6295E-13	1.6295E-13
9.4230E+25	7.1447E-13	1.6232E-13	1.6232E-13
9.4416E+25	7.1172E-13	1.6170E-13	1.6170E-13
9.4602E+25	7.0898E-13	1.6108E-13	1.6108E-13
9.4789E+25	7.0624E-13	1.6045E-13	1.6045E-13
9.4977E+25	7.0352E-13	1.5984E-13	1.5984E-13
9.5164E+25	7.0081E-13	1.5922E-13	1.5922E-13
9.5352E+25	6.9811E-13	1.5861E-13	1.5861E-13
9.5541E+25	6.9542E-13	1.5800E-13	1.5800E-13
9.5730E+25	6.9274E-13	1.5739E-13	1.5739E-13
9.5919E+25	6.9008E-13	1.5678E-13	1.5678E-13
9.6108E+25	6.8742E-13	1.5618E-13	1.5618E-13
9.6298E+25	6.8477E-13	1.5558E-13	1.5558E-13
9.6489E+25	6.8213E-13	1.5498E-13	1.5498E-13
9.6679E+25	6.7950E-13	1.5438E-13	1.5438E-13
9.6870E+25	6.7689E-13	1.5378E-13	1.5378E-13
9.7062E+25	6.7428E-13	1.5319E-13	1.5319E-13
9.7253E+25	6.7168E-13	1.5260E-13	1.5260E-13
9.7446E+25	6.6909E-13	1.5201E-13	1.5201E-13
9.7638E+25	6.6652E-13	1.5143E-13	1.5143E-13
9.7831E+25	6.6395E-13	1.5085E-13	1.5085E-13
9.8024E+25	6.6139E-13	1.5026E-13	1.5026E-13
9.8218E+25	6.5884E-13	1.4969E-13	1.4969E-13
9.8412E+25	6.5630E-13	1.4911E-13	1.4911E-13
9.8607E+25	6.5378E-13	1.4853E-13	1.4853E-13
9.8802E+25	6.5126E-13	1.4796E-13	1.4796E-13
9.8997E+25	6.4875E-13	1.4739E-13	1.4739E-13
9.9192E+25	6.4625E-13	1.4682E-13	1.4682E-13
9.9388E+25	6.4376E-13	1.4626E-13	1.4626E-13
9.9585E+25	6.4128E-13	1.4570E-13	1.4570E-13
9.9782E+25	6.3881E-13	1.4513E-13	1.4513E-13
9.9979E+25	6.3635E-13	1.4457E-13	1.4457E-13
1.0018E+26	6.3390E-13	1.4402E-13	1.4402E-13
1.0037E+26	6.3145E-13	1.4346E-13	1.4346E-13
1.0057E+26	6.2902E-13	1.4291E-13	1.4291E-13
1.0077E+26	6.2660E-13	1.4236E-13	1.4236E-13
1.0097E+26	6.2418E-13	1.4181E-13	1.4181E-13
1.0117E+26	6.2178E-13	1.4126E-13	1.4126E-13
1.0137E+26	6.1938E-13	1.4072E-13	1.4072E-13
1.0157E+26	6.1700E-13	1.4018E-13	1.4018E-13
1.0177E+26	6.1462E-13	1.3964E-13	1.3964E-13
1.0197E+26	6.1225E-13	1.3910E-13	1.3910E-13
1.0217E+26	6.0989E-13	1.3856E-13	1.3856E-13
1.0238E+26	6.0754E-13	1.3803E-13	1.3803E-13
1.0258E+26	6.0520E-13	1.3750E-13	1.3750E-13
1.0278E+26	6.0287E-13	1.3697E-13	1.3697E-13
1.0298E+26	6.0055E-13	1.3644E-13	1.3644E-13
1.0319E+26	5.9824E-13	1.3592E-13	1.3592E-13
1.0339E+26	5.9593E-13	1.3539E-13	1.3539E-13
1.0360E+26	5.9364E-13	1.3487E-13	1.3487E-13
1.0380E+26	5.9135E-13	1.3435E-13	1.3435E-13
1.0401E+26	5.8907E-13	1.3383E-13	1.3383E-13
1.0421E+26	5.8680E-13	1.3332E-13	1.3332E-13
1.0442E+26	5.8454E-13	1.3280E-13	1.3280E-13
1.0462E+26	5.8229E-13	1.3229E-13	1.3229E-13
1.0483E+26	5.8005E-13	1.3178E-13	1.3178E-13
1.0504E+26	5.7781E-13	1.3128E-13	1.3128E-13
1.0524E+26	5.7559E-13	1.3077E-13	1.3077E-13
1.0545E+26	5.7337E-13	1.3027E-13	1.3027E-13
1.0566E+26	5.7116E-13	1.2976E-13	1.2976E-13
1.0587E+26	5.6896E-13	1.2926E-13	1.2926E-13
1.0608E+26	5.6677E-13	1.2877E-13	1.2877E-13
1.0629E+26	5.6458E-13	1.2827E-13	1.2827E-13
1.0650E+26	5.6241E-13	1.2778E-13	1.2778E-13
1.0671E+26	5.6024E-13	1.2728E-13	1.2728E-13
1.0692E+26	5.5808E-13	1.2679E-13	1.2679E-13
1.0713E+26	5.5593E-13	1.2631E-13	1.2631E-13
1.0734E+26	5.5379E-13	1.2582E-13	1.2582E-13
1.0755E+26	5.5166E-13	1.2533E-13	1.2533E-13
1.0777E+26	5.4953E-13	1.2485E-13	1.2485E-13
1.0798E+26	5.4742E-13	1.2437E-13	1.2437E-13
1.0819E+26	5.4531E-13	1.2389E-13	1.2389E-13
1.0841E+26	5.4321E-13	1.2341E-13	1.2341E-13
1.0862E+26	5.4111E-13	1.2294E-13	1.2294E-13
1.0884E+26	5.3903E-13	1.2246E-13	1.2246E-13
1.0905E+26	5.3695E-13	1.2199E-13	1.2199E-13
1.0927E+26	5.3488E-13	1.2152E-13	1.2152E-13
1.0948E+26	5.3282E-13	1.2105E-13	1.2105E-13
1.0970E+26	5.3077E-13	1.2059E-13	1.2059E-13
1.0992E+26	5.2873E-13	1.2012E-13	1.2012E-13
1.1013E+26	5.2669E-13	1.1966E-13	1.1966E-13
1.1035E+26	5.2466E-13	1.1920E-13	1.1920E-13
1.1057E+26	5.2264E-13	1.1874E-13	1.1874E-13
1.1079E+26	5.2063E-13	1.1828E-13	1.1828E-13
1.1101E+26	5.1862E-13	1.1783E-13	1.1783E-13
1.1123E+26	5.1662E-13	1.1737E-13	1.1737E-13
1.1145E+26	5.1463E-13	1.1692E-13	1.1692E-13
1.1167E+26	5.1265E-13	1.1647E-13	1.1647E-13
1.1189E+26	5.1067E-13	1.1602E-13	1.1602E-13
1.1211E+26	5.0871E-13	1.1558E-13	1.1558E-13
1.1233E+26	5.0675E-13	1.1513E-13	1.1513E-13
1.1255E+26	5.0479E-13	1.1469E-13	1.1469E-13
1.1277E+26	5.0285E-13	1.1424E-13	1.1424E-13
1.1300E+26	5.0091E-13	1.1380E-13	1.1380E-13
1.1322E+26	4.9898E-13	1.1337E-13	1.1337E-13
1.1344E+26	4.9706E-13	1.1293E-13	1.1293E-13
1.1367E+26	4.9515E-13	1.1249E-13	1.1249E-13
1.1389E+26	4.9324E-13	1.1206E-13	1.1206E-13
1.1412E+26	4.9134E-13	1.1163E-13	1.1163E-13
1.1434E+26	4.8945E-13	1.1120E-13	1.1120E-13
1.1457E+26	4.8756E-13	1.1077E-13	1.1077E-13
1.1479E+26	4.8568E-13	1.1034E-13	1.1034E-13
1.1502E+26	4.8381E-13	1.0992E-13	1.0992E-13
1.1525E+26	4.8195E-13	1.0950E-13	1.0950E-13
1.1548E+26	4.8009E-13	1.0907E-13	1.0907E-13
1.1570E+26	4.7824E-13	1.0865E-13	1.0865E-13
1.1593E+26	4.7640E-13	1.0824E-13	1.0824E-13
1.1616E+26	4.7456E-13	1.0782E-13	1.0782E-13
1.1639E+26	4.7273E-13	1.0740E-13	1.0740E-13
1.1662E+26	4.7091E-13	1.0699E-13	1.0699E-13
1.1685E+26	4.6910E-13	1.0658E-13	1.0658E-13
1.1708E+26	4.6729E-13	1.0617E-13	1.0617E-13
1.1731E+26	4.6549E-13	1.0576E-13	1.0576E-13
1.1755E+26	4.6370E-13	1.0535E-13	1.0535E-13
1.1778E+26	4.6191E-13	1.0494E-13	1.0494E-13
1.1801E+26	4.6013E-13	1.0454E-13	1.0454E-13
1.1824E+26	4.5836E-13	1.0414E-13	1.0414E-13
1.1848E+26	4.5659E-13	1.0374E-13	1.0374E-13
1.1871E+26	4.5484E-13	1.0334E-13	1.0334E-13
1.1895E+26	4.5308E-13	1.0294E-13	1.0294E-13
1.1918E+26	4.5134E-13	1.0254E-13	1.0254E-13
1.1942E+26	4.4960E-13	1.0215E-13	1.0215E-13
1.1965E+26	4.4787E-13	1.0175E-13	1.0175E-13
1.1989E+26	4.4614E-13	1.0136E-13	1.0136E-13
1.2013E+26	4.4442E-13	1.0097E-13	1.0097E-13
1.2036E+26	4.4271E-13	1.0058E-13	1.0058E-13
1.2060E+26	4.4101E-13	1.0019E-13	1.0019E-13
1.2084E+26	4.3931E-13	9.9808E-14	9.9808E-14
1.2108E+26	4.3761E-13	9.9424E-14	9.9424E-14
1.2132E+26	4.3593E-13	9.9041E-14	9.9041E-14
1.2156E+26	4.3425E-13	9.8659E-14	9.8659E-14
1.2180E+26	4.3258E-13	9.8279E-14	9.8279E-14
1.2204E+26	4.3091E-13	9.7900E-14	9.7900E-14
1.2228E+26	4.2925E-13	9.7523E-14	9.7523E-14
1.2252E+26	4.2760E-13	9.7147E-14	9.7147E-14
1.2276E+26	4.2595E-13	9.6773E-14	9.6773E-14
1.2301E+26	4.2431E-13	9.6400E-14	9.6400E-14
1.2325E+26	4.2267E-13	9.6029E-14	9.6029E-14
1.2349E+26	4.2104E-13	9.5659E-14	9.5659E-14
1.2374E+26	4.1942E-13	9.5291E-14	9.5291E-14
1.2398E+26	4.1781E-13	9.4923E-14	9.4923E-14
1.2423E+26	4.1620E-13	9.4558E-14	9.4558E-14
1.2447E+26	4.1459E-13	9.4193E-14	9.4193E-14
1.2472E+26	4.1300E-13	9.3831E-14	9.3831E-14
1.2496E+26	4.1141E-13	9.3469E-14	9.3469E-14
1.2521E+26	4.0982E-13	9.3109E-14	9.3109E-14
1.2546E+26	4.0824E-13	9.2750E-14	9.2750E-14
1.2571E+26	4.0667E-13	9.2393E-14	9.2393E-14
1.2596E+26	4.0510E-13	9.2037E-14	9.2037E-14
1.2620E+26	4.0354E-13	9.1683E-14	9.1683E-14
1.2645E+26	4.0199E-13	9.1329E-14	9.1329E-14
1.2670E+26	4.0044E-13	9.0978E-14	9.0978E-14
1.2695E+26	3.9890E-13	9.0627E-14	9.0627E-14
1.2720E+26	3.9736E-13	9.0278E-14	9.0278E-14
1.2746E+26	3.9583E-13	8.9930E-14	8.9930E-14
1.2771E+26	3.9430E-13	8.9584E-14	8.9584E-14
1.2796E+26	3.9278E-13	8.9239E-14	8.9239E-14
1.2821E+26	3.9127E-13	8.8895E-14	8.8895E-14
1.2847E+26	3.8976E-13	8.8552E-14	8.8552E-14
1.2872E+26	3.8826E-13	8.8211E-14	8.8211E-14
1.2897E+26	3.8677E-13	8.7871E-14	8.7871E-14
1.2923E+26	3.8528E-13	8.7533E-14	8.7533E-14
1.2948E+26	3.8379E-13	8.7196E-14	8.7196E-14
1.2974E+26	3.8231E-13	8.6860E-14	8.6860E-14
1.3000E+26	3.8084E-13	8.6525E-14	8.6525E-14
1.3025E+26	3.7937E-13	8.6192E-14	8.6192E-14
1.3051E+26	3.7791E-13	8.5860E-14	8.5860E-14
1.3077E+26	3.7646E-13	8.5529E-14	8.5529E-14
1.3103E+26	3.7501E-13	8.5199E-14	8.5199E-14
1.3129E+26	3.7356E-13	8.4871E-14	8.4871E-14
1.3155E+26	3.7212E-13	8.4544E-14	8.4544E-14
1.3181E+26	3.7069E-13	8.4219E-14	8.4219E-14
1.3207E+26	3.6926E-13	8.3894E-14	8.3894E-14
1.3233E+26	3.6784E-13	8.3571E-14	8.3571E-14
1.3259E+26	3.6642E-13	8.3249E-14	8.3249E-14
1.3285E+26	3.6501E-13	8.2928E-14	8.2928E-14
1.3311E+26	3.6360E-13	8.2609E-14	8.2609E-14
1.3338E+26	3.6220E-13	8.2291E-14	8.2291E-14
1.3364E+26	3.6081E-13	8.1973E-14	8.1973E-14
1.3390E+26	3.5942E-13	8.1658E-14	8.1658E-14
1.3417E+26	3.5803E-13	8.1343E-14	8.1343E-14
1.3443E+26	3.5665E-13	8.1030E-14	8.1030E-14
1.3470E+26	3.5528E-13	8.0718E-14	8.0718E-14
1.3497E+26	3.5391E-13	8.0407E-14	8.0407E-14
1.3523E+26	3.5255E-13	8.0097E-14	8.0097E-14
1.3550E+26	3.5119E-13	7.9788E-14	7.9788E-14
1.3577E+26	3.4984E-13	7.9481E-14	7.9481E-14
1.3604E+26	3.4849E-13	7.9175E-14	7.9175E-14
1.3630E+26	3.4715E-13	7.8870E-14	7.8870E-14
1.3657E+26	3.4581E-13	7.8566E-14	7.8566E-14
1.3684E+26	3.4448E-13	7.8263E-14	7.8263E-14
1.3711E+26	3.4315E-13	7.7962E-14	7.7962E-14
1.3738E+26	3.4183E-13	7.7661E-14	7.7661E-14
1.3766E+26	3.4051E-13	7.7362E-14	7.7362E-14
1.3793E+26	3.3920E-13	7.7064E-14	7.7064E-14
1.3820E+26	3.3789E-13	7.6767E-14	7.6767E-14
1.3847E+26	3.3659E-13	7.6472E-14	7.6472E-14
1.3875E+26	3.3529E-13	7.6177E-14	7.6177E-14
1.3902E+26	3.3400E-13	7.5883E-14	7.5883E-14
1.3930E+26	3.3272E-13	7.5591E-14	7.5591E-14
1.3957E+26	3.3143E-13	7.5300E-14	7.5300E-14
1.3985E+26	3.3016E-13	7.5010E-14	7.5010E-14
1.4012E+26	3.2888E-13	7.4721E-14	7.4721E-14
1.4040E+26	3.2762E-13	7.4433E-14	7.4433E-14
1.4068E+26	3.2636E-13	7.4146E-14	7.4146E-14
1.4096E+26	3.2510E-13	7.3861E-14	7.3861E-14
1.4123E+26	3.2385E-13	7.3576E-14	7.3576E-14
1.4151E+26	3.2260E-13	7.3293E-14	7.3293E-14
1.4179E+26	3.2136E-13	7.3010E-14	7.3010E-14
1.4207E+26	3.2012E-13	7.2729E-14	7.2729E-14
1.4235E+26	3.1888E-13	7.2449E-14	7.2449E-14
1.4264E+26	3.1766E-13	7.2170E-14	7.2170E-14
1.4292E+26	3.1643E-13	7.1892E-14	7.1892E-14
1.4320E+26	3.1521E-13	7.1615E-14	7.1615E-14
1.4348E+26	3.1400E-13	7.1339E-14	7.1339E-14
1.4377E+26	3.1279E-13	7.1064E-14	7.1064E-14
1.4405E+26	3.1158E-13	7.0790E-14	7.0790E-14
1.4434E+26	3.1038E-13	7.0518E-14	7.0518E-14
1.4462E+26	3.0919E-13	7.0246E-14	7.0246E-14
1.4491E+26	3.0800E-13	6.9975E-14	6.9975E-14
1.4519E+26	3.0681E-13	6.9706E-14	6.9706E-14
1.4548E+26	3.0563E-13	6.9437E-14	6.9437E-14
1.4577E+26	3.0445E-13	6.9170E-14	6.9170E-14
1.4605E+26	3.0328E-13	6.8903E-14	6.8903E-14
1.4634E+26	3.0211E-13	6.8638E-14	6.8638E-14
1.4663E+26	3.0095E-13	6.8373E-14	6.8373E-14
1.4692E+26	2.9979E-13	6.8110E-14	6.8110E-14
1.4721E+26	2.9863E-13	6.7847E-14	6.7847E-14
1.4750E+26	2.9748E-13	6.7586E-14	6.7586E-14
1.4779E+26	2.9634E-13	6.7326E-14	6.7326E-14
1.4809E+26	2.9519E-13	6.7066E-14	6.7066E-14
1.4838E+26	2.9406E-13	6.6808E-14	6.6808E-14
1.4867E+26	2.9292E-13	6.6551E-14	6.6551E-14
1.4897E+26	2.9179E-13	6.6294E-14	6.6294E-14
1.4926E+26	2.9067E-13	6.6039E-14	6.6039E-14
1.4956E+26	2.8955E-13	6.5784E-14	6.5784E-14
1.4985E+26	2.8844E-13	6.5531E-14	6.5531E-14
1.5015E+26	2.8732E-13	6.5279E-14	6.5279E-14
1.5044E+26	2.8622E-13	6.5027E-14	6.5027E-14
1.5074E+26	2.8511E-13	6.4777E-14	6.4777E-14
1.5104E+26	2.8402E-13	6.4527E-14	6.4527E-14
1.5134E+26	2.8292E-13	6.4278E-14	6.4278E-14
1.5164E+26	2.8183E-13	6.4031E-14	6.4031E-14
1.5194E+26	2.8075E-13	6.3784E-14	6.3784E-14
1.5224E+26	2.7967E-13	6.3538E-14	6.3538E-14
1.5254E+26	2.7859E-13	6.3294E-14	6.3294E-14
1.5284E+26	2.7751E-13	6.3050E-14	6.3050E-14
1.5314E+26	2.7645E-13	6.2807E-14	6.2807E-14
1.5344E+26	2.7538E-13	6.2565E-14	6.2565E-14
1.5375E+26	2.7432E-13	6.2324E-14	6.2324E-14
1.5405E+26	2.7326E-13	6.2084E-14	6.2084E-14
1.5436E+26	2.7221E-13	6.1845E-14	6.1845E-14
1.5466E+26	2.7116E-13	6.1606E-14	6.1606E-14
1.5497E+26	2.7012E-13	6.1369E-14	6.1369E-14
1.5527E+26	2.6908E-13	6.1133E-14	6.1133E-14
1.5558E+26	2.6804E-13	6.0897E-14	6.0897E-14
1.5589E+26	2.6701E-13	6.0663E-14	6.0663E-14
1.5619E+26	2.6598E-13	6.0429E-14	6.0429E-14
1.5650E+26	2.6495E-13	6.0196E-14	6.0196E-14
1.5681E+26	2.6393E-13	5.9964E-14	5.9964E-14
1.5712E+26	2.6292E-13	5.9733E-14	5.9733E-14
1.5743E+26	2.6190E-13	5.9503E-14	5.9503E-14
1.5774E+26	2.6089E-13	5.9274E-14	5.9274E-14
1.5806E+26	2.5989E-13	5.9045E-14	5.9045E-14
1.5837E+26	2.5889E-13	5.8818E-14	5.8818E-14
1.5868E+26	2.5789E-13	5.8591E-14	5.8591E-14
1.5899E+26	2.5690E-13	5.8366E-14	5.8366E-14
1.5931E+26	2.5591E-13	5.8141E-14	5.8141E-14
1.5962E+26	2.5492E-13	5.7917E-14	5.7917E-14
1.5994E+26	2.5394E-13	5.7694E-14	5.7694E-14
1.6025E+26	2.5296E-13	5.7471E-14	5.7471E-14
1.6057E+26	2.5199E-13	5.7250E-14	5.7250E-14
1.6089E+26	2.5102E-13	5.7029E-14	5.7029E-14
1.6121E+26	2.5005E-13	5.6810E-14	5.6810E-14
1.6152E+26	2.4909E-13	5.6591E-14	5.6591E-14
1.6184E+26	2.4813E-13	5.6373E-14	5.6373E-14
1.6216E+26	2.4717E-13	5.6156E-14	5.6156E-14
1.6248E+26	2.4622E-13	5.5939E-14	5.5939E-14
1.6281E+26	2.4527E-13	5.5724E-14	5.5724E-14
1.6313E+26	2.4432E-13	5.5509E-14	5.5509E-14
1.6345E+26	2.4338E-13	5.5295E-14	5.5295E-14
1.6377E+26	2.4245E-13	5.5082E-14	5.5082E-14
1.6410E+26	2.4151E-13	5.4870E-14	5.4870E-14
1.6442E+26	2.4058E-13	5.4659E-14	5.4659E-14
1.6475E+26	2.3965E-13	5.4448E-14	5.4448E-14
1.6507E+26	2.3873E-13	5.4238E-14	5.4238E-14
1.6540E+26	2.3781E-13	5.4030E-14	5.4030E-14
1.6572E+26	2.3690E-13	5.3821E-14	5.3821E-14
1.6605E+26	2.3598E-13	5.3614E-14	5.3614E-14
1.6638E+26	2.3507E-13	5.3407E-14	5.3407E-14
1.6671E+26	2.3417E-13	5.3202E-14	5.3202E-14
1.6704E+26	2.3327E-13	5.2997E-14	5.2997E-14
1.6737E+26	2.3237E-13	5.2793E-14	5.2793E-14
1.6770E+26	2.3147E-13	5.2589E-14	5.2589E-14
1.6803E+26	2.3058E-13	5.2387E-14	5.2387E-14
1.6836E+26	2.2969E-13	5.2185E-14	5.2185E-14
1.6869E+26	2.2881E-13	5.1984E-14	5.1984E-14
1.6903E+26	2.2793E-13	5.1784E-14	5.1784E-14
1.6936E+26	2.2705E-13	5.1584E-14	5.1584E-14
1.6970E+26	2.2617E-13	5.1385E-14	5.1385E-14
1.7003E+26	2.2530E-13	5.1187E-14	5.1187E-14
1.7037E+26	2.2443E-13	5.0990E-14	5.0990E-14
1.7070E+26	2.2357E-13	5.0794E-14	5.0794E-14
1.7104E+26	2.2271E-13	5.0598E-14	5.0598E-14
1.7138E+26	2.2185E-13	5.0403E-14	5.0403E-14
1.7172E+26	2.2100E-13	5.0209E-14	5.0209E-14
1.7206E+26	2.2014E-13	5.0015E-14	5.0015E-14
1.7240E+26	2.1930E-13	4.9823E-14	4.9823E-14
1.7274E+26	2.1845E-13	4.9631E-14	4.9631E-14
1.7308E+26	2.1761E-13	4.9440E-14	4.9440E-14
1.7342E+26	2.1677E-13	4.9249E-14	4.9249E-14
1.7376E+26	2.1594E-13	4.9059E-14	4.9059E-14
1.7411E+26	2.1510E-13	4.8870E-14	4.8870E-14
1.7445E+26	2.1428E-13	4.8682E-14	4.8682E-14
1.7480E+26	2.1345E-13	4.8495E-14	4.8495E-14
1.7514E+26	2.1263E-13	4.8308E-14	4.8308E-14
1.7549E+26	2.1181E-13	4.8122E-14	4.8122E-14
1.7583E+26	2.1099E-13	4.7936E-14	4.7936E-14
1.7618E+26	2.1018E-13	4.7752E-14	4.7752E-14
1.7653E+26	2.0937E-13	4.7568E-14	4.7568E-14
1.7688E+26	2.0856E-13	4.7384E-14	4.7384E-14
1.7723E+26	2.0776E-13	4.7202E-14	4.7202E-14
1.7758E+26	2.0696E-13	4.7020E-14	4.7020E-14
1.7793E+26	2.0616E-13	4.6839E-14	4.6839E-14
1.7828E+26	2.0537E-13	4.6659E-14	4.6659E-14
1.7863E+26	2.0458E-13	4.6479E-14	4.6479E-14
1.7899E+26	2.0379E-13	4.6300E-14	4.6300E-14
1.7934E+26	2.0300E-13	4.6121E-14	4.6121E-14
1.7969E+26	2.0222E-13	4.5944E-14	4.5944E-14
1.8005E+26	2.0144E-13	4.5767E-14	4.5767E-14
1.8041E+26	2.0067E-13	4.5590E-14	4.5590E-14
1.8076E+26	1.9989E-13	4.5415E-14	4.5415E-14
1.8112E+26	1.9912E-13	4.5240E-14	4.5240E-14
1.8148E+26	1.9836E-13	4.5065E-14	4.5065E-14
1.8184E+26	1.9759E-13	4.4892E-14	4.4892E-14
1.8220E+26	1.9683E-13	4.4719E-14	4.4719E-14
1.8256E+26	1.9607E-13	4.4547E-14	4.4547E-14
1.8292E+26	1.9532E-13	4.4375E-14	4.4375E-14
1.8328E+26	1.9456E-13	4.4204E-14	4.4204E-14
1.8364E+26	1.9382E-13	4.4034E-14	4.4034E-14
1.8400E+26	1.9307E-13	4.3864E-14	4.3864E-14
1.8437E+26	1.9232E-13	4.3695E-14	4.3695E-14
1.8473E+26	1.9158E-13	4.3527E-14	4.3527E-14
1.8510E+26	1.9085E-13	4.3359E-14	4.3359E-14
1.8546E+26	1.9011E-13	4.3192E-14	4.3192E-14
1.8583E+26	1.8938E-13	4.3026E-14	4.3026E-14
1.8619E+26	1.8865E-13	4.2860E-14	4.2860E-14
1.8656E+26	1.8792E-13	4.2695E-14	4.2695E-14
1.8693E+26	1.8720E-13	4.2530E-14	4.2530E-14
1.8730E+26	1.8648E-13	4.2367E-14	4.2367E-14
1.8767E+26	1.8576E-13	4.2203E-14	4.2203E-14
1.8804E+26	1.8504E-13	4.2041E-14	4.2041E-14
1.8841E+26	1.8433E-13	4.1879E-14	4.1879E-14
1.8879E+26	1.8362E-13	4.1717E-14	4.1717E-14
1.8916E+26	1.8291E-13	4.1557E-14	4.1557E-14
1.8953E+26	1.8221E-13	4.1397E-14	4.1397E-14
1.8991E+26	1.8151E-13	4.1237E-14	4.1237E-14
1.9028E+26	1.8081E-13	4.1078E-14	4.1078E-14
1.9066E+26	1.8011E-13	4.0920E-14	4.0920E-14
1.9103E+26	1.7942E-13	4.0762E-14	4.0762E-14
1.9141E+26	1.7872E-13	4.0605E-14	4.0605E-14
1.9179E+26	1.7804E-13	4.0449E-14	4.0449E-14
1.9217E+26	1.7735E-13	4.0293E-14	4.0293E-14
1.9255E+26	1.7667E-13	4.0138E-14	4.0138E-14
1.9293E+26	1.7599E-13	3.9983E-14	3.9983E-14
1.9331E+26	1.7531E-13	3.9829E-14	3.9829E-14
1.9369E+26	1.7463E-13	3.9676E-14	3.9676E-14
1.9408E+26	1.7396E-13	3.9523E-14	3.9523E-14
1.9446E+26	1.7329E-13	3.9371E-14	3.9371E-14
1.9484E+26	1.7262E-13	3.9219E-14	3.9219E-14
1.9523E+26	1.7196E-13	3.9068E-14	3.9068E-14
1.9561E+26	1.7130E-13	3.8917E-14	3.8917E-14
1.9600E+26	1.7064E-13	3.8767E-14	3.8767E-14
1.9639E+26	1.6998E-13	3.8618E-14	3.8618E-14
1.9678E+26	1.6932E-13	3.8469E-14	3.8469E-14
1.9717E+26	1.6867E-13	3.8321E-14	3.8321E-14
1.9755E+26	1.6802E-13	3.8174E-14	3.8174E-14
1.9795E+26	1.6737E-13	3.8026E-14	3.8026E-14
1.9834E+26	1.6673E-13	3.7880E-14	3.7880E-14
1.9873E+26	1.6609E-13	3.7734E-14	3.7734E-14
1.9912E+26	1.6545E-13	3.7589E-14	3.7589E-14
1.9951E+26	1.6481E-13	3.7444E-14	3.7444E-14
1.9991E+26	1.6417E-13	3.7300E-14	3.7300E-14
2.0030E+26	1.6354E-13	3.7156E-14	3.7156E-14
2.0070E+26	1.6291E-13	3.7013E-14	3.7013E-14
2.0110E+26	1.6228E-13	3.6870E-14	3.6870E-14
2.0149E+26	1.6166E-13	3.6728E-14	3.6728E-14
2.0189E+26	1.6104E-13	3.6587E-14	3.6587E-14
2.0229E+26	1.6042E-13	3.6446E-14	3.6446E-14
2.0269E+26	1.5980E-13	3.6305E-14	3.6305E-14
2.0309E+26	1.5918E-13	3.6165E-14	3.6165E-14
2.0349E+26	1.5857E-13	3.6026E-14	3.6026E-14
2.0389E+26	1.5796E-13	3.5887E-14	3.5887E-14
2.0430E+26	1.5735E-13	3.5749E-14	3.5749E-14
2.0470E+26	1.5674E-13	3.5611E-14	3.5611E-14
2.0511E+26	1.5614E-13	3.5474E-14	3.5474E-14
2.0551E+26	1.5554E-13	3.5338E-14	3.5338E-14
2.0592E+26	1.5494E-13	3.5201E-14	3.5201E-14
2.0632E+26	1.5434E-13	3.5066E-14	3.5066E-14
2.0673E+26	1.5375E-13	3.4931E-14	3.4931E-14
2.0714E+26	1.5316E-13	3.4796E-14	3.4796E-14
2.0755E+26	1.5257E-13	3.4662E-14	3.4662E-14
2.0796E+26	1.5198E-13	3.4529E-14	3.4529E-14
2.0837E+26	1.5139E-13	3.4396E-14	3.4396E-14
2.0878E+26	1.5081E-13	3.4263E-14	3.4263E-14
2.0919E+26	1.5023E-13	3.4131E-14	3.4131E-14
2.0961E+26	1.4965E-13	3.4000E-14	3.4000E-14
2.1002E+26	1.4907E-13	3.3869E-14	3.3869E-14
2.1044E+26	1.4850E-13	3.3738E-14	3.3738E-14
2.1085E+26	1.4793E-13	3.3608E-14	3.3608E-14
2.1127E+26	1.4736E-13	3.3479E-14	3.3479E-14
2.1169E+26	1.4679E-13	3.3350E-14	3.3350E-14
2.1211E+26	1.4622E-13	3.3221E-14	3.3221E-14
2.1252E+26	1.4566E-13	3.3093E-14	3.3093E-14
2.1294E+26	1.4510E-13	3.2966E-14	3.2966E-14
2.1337E+26	1.4454E-13	3.2839E-14	3.2839E-14
2.1379E+26	1.4398E-13	3.2712E-14	3.2712E-14
2.1421E+26	1.4343E-13	3.2586E-14	3.2586E-14
2.1463E+26	1.4288E-13	3.2461E-14	3.2461E-14
2.1506E+26	1.4233E-13	3.2336E-14	3.2336E-14
2.1548E+26	1.4178E-13	3.2211E-14	3.2211E-14
2.1591E+26	1.4123E-13	3.2087E-14	3.2087E-14
2.1633E+26	1.4069E-13	3.1963E-14	3.1963E-14
2.1676E+26	1.4014E-13	3.1840E-14	3.1840E-14
2.1719E+26	1.3960E-13	3.1718E-14	3.1718E-14
