4.045000e+26 4.080000e+27 1.650360e+54
3.151000e+27 3.101000e+27 9.771251e+54
2.371000e+27 2.310000e+27 5.477010e+54
3.112000e+27 3.227000e+27 1.004242e+55
2.731000e+27 2.689000e+27 7.343659e+54
3.640000e+27 3.312000e+27 1.205568e+55
3.490000e+27 3.409000e+27 1.189741e+55
3.330000e+27 3.191000e+27 1.062603e+55
2.911000e+27 2.878000e+27 8.377858e+54
2.781000e+27 2.738000e+27 7.614378e+54
2.696000e+27 2.456000e+27 6.621376e+54
2.506000e+27 2.480000e+27 6.214880e+54
3.190000e+28 4.286000e+28 1.367234e+57
5.086000e+28 5.425000e+28 2.759155e+57
5.717000e+28 5.482000e+28 3.134059e+57
4.968000e+28 5.045000e+28 2.506356e+57
4.103000e+28 4.204000e+28 1.724901e+57
4.851000e+28 5.144000e+28 2.495354e+57
4.119000e+28 4.461000e+28 1.837486e+57
4.018000e+28 3.783000e+28 1.520009e+57
3.404000e+28 3.383000e+28 1.151573e+57
3.469000e+28 3.591000e+28 1.245718e+57
2.092000e+28 3.023000e+28 6.324116e+56
2.761000e+28 2.569000e+28 7.093009e+56
2.413000e+28 2.435000e+28 5.875655e+56
2.231000e+28 2.394000e+28 5.341014e+56
2.359000e+28 2.078000e+28 4.902002e+56
2.120000e+28 2.028000e+28 4.299360e+56
1.898000e+28 1.884000e+28 3.575832e+56
1.867000e+28 1.865000e+28 3.481955e+56
1.865000e+28 1.825000e+28 3.403625e+56
1.825000e+28 1.800000e+28 3.285000e+56
1.650000e+28 1.683000e+28 2.776950e+56
1.702000e+28 1.588000e+28 2.702776e+56
1.507000e+28 1.430000e+28 2.155010e+56
1.454000e+28 1.430000e+28 2.079220e+56
1.366000e+28 1.282000e+28 1.751212e+56
1.385000e+28 1.377000e+28 1.907145e+56
1.338000e+28 1.320000e+28 1.766160e+56
1.345000e+28 1.468000e+28 1.974460e+56
1.401000e+28 1.404000e+28 1.967004e+56
1.728000e+28 1.693000e+28 2.925504e+56
1.473000e+28 1.406000e+28 2.071038e+56
1.153000e+28 1.365000e+28 1.573845e+56
1.626000e+28 1.802000e+28 2.930052e+56
2.120000e+28 2.092000e+28 4.435040e+56
2.090000e+28 2.079000e+28 4.345110e+56
2.308000e+28 2.346000e+28 5.414568e+56
2.237000e+28 2.590000e+28 5.793830e+56
2.400000e+28 2.683000e+28 6.439200e+56
2.556000e+28 2.385000e+28 6.096060e+56
2.937000e+28 3.156000e+28 9.269172e+56
3.019000e+28 3.085000e+28 9.313615e+56
3.159000e+28 3.112000e+28 9.830808e+56
3.095000e+28 2.929000e+28 9.065255e+56
3.097000e+28 3.194000e+28 9.891818e+56
2.497000e+28 2.832000e+28 7.071504e+56
3.445000e+28 3.741000e+28 1.288774e+57
4.030000e+28 3.760000e+28 1.515280e+57
3.479000e+28 3.958000e+28 1.376988e+57
3.130000e+28 2.618000e+28 8.194340e+56
3.307000e+28 3.682000e+28 1.217637e+57
3.196000e+28 4.356000e+28 1.392178e+57
6.548000e+28 6.869000e+28 4.497821e+57
6.389000e+28 6.418000e+28 4.100460e+57
6.962000e+28 6.832000e+28 4.756438e+57
6.428000e+28 6.649000e+28 4.273977e+57
7.087000e+28 6.977000e+28 4.944600e+57
5.829000e+28 6.439000e+28 3.753293e+57
8.594000e+28 8.290000e+28 7.124426e+57
8.732000e+28 8.435000e+28 7.365442e+57
9.564000e+28 9.612000e+28 9.192917e+57
9.357000e+28 9.516000e+28 8.904121e+57
9.679000e+28 1.021000e+29 9.882259e+57
9.803000e+28 9.521000e+28 9.333436e+57
1.010000e+29 1.000000e+29 1.010000e+58
1.032000e+29 1.040000e+29 1.073280e+58
1.031000e+29 9.874000e+28 1.018009e+58
1.050000e+29 1.017000e+29 1.067850e+58
9.967000e+28 1.007000e+29 1.003677e+58
9.333000e+28 9.806000e+28 9.151940e+57
9.431000e+28 9.538000e+28 8.995288e+57
9.391000e+28 9.114000e+28 8.558957e+57
9.162000e+28 9.237000e+28 8.462939e+57
9.774000e+28 9.008000e+28 8.804419e+57
1.037000e+29 9.911000e+28 1.027771e+58
1.076000e+29 1.050000e+29 1.129800e+58
1.078000e+29 1.053000e+29 1.135134e+58
1.061000e+29 1.029000e+29 1.091769e+58
1.088000e+29 1.057000e+29 1.150016e+58
1.071000e+29 1.056000e+29 1.130976e+58
1.096000e+29 1.110000e+29 1.216560e+58
1.132000e+29 1.130000e+29 1.279160e+58
1.129000e+29 1.115000e+29 1.258835e+58
1.088000e+29 1.063000e+29 1.156544e+58
1.075000e+29 1.069000e+29 1.149175e+58
1.102000e+29 1.097000e+29 1.208894e+58
1.110000e+29 1.121000e+29 1.244310e+58
1.107000e+29 1.113000e+29 1.232091e+58
1.049000e+29 1.038000e+29 1.088862e+58
1.015000e+29 1.010000e+29 1.025150e+58
1.039000e+29 1.047000e+29 1.087833e+58
1.064000e+29 1.072000e+29 1.140608e+58
1.089000e+29 1.092000e+29 1.189188e+58
1.099000e+29 1.102000e+29 1.211098e+58
1.117000e+29 1.127000e+29 1.258859e+58
1.084000e+29 1.077000e+29 1.167468e+58
1.083000e+29 1.064000e+29 1.152312e+58
1.045000e+29 1.044000e+29 1.090980e+58
1.041000e+29 1.060000e+29 1.103460e+58
1.063000e+29 1.056000e+29 1.122528e+58
1.044000e+29 1.043000e+29 1.088892e+58
1.063000e+29 1.059000e+29 1.125717e+58
1.061000e+29 1.060000e+29 1.124660e+58
1.039000e+29 1.034000e+29 1.074326e+58
1.017000e+29 9.791000e+28 9.957447e+57
9.970000e+28 9.801000e+28 9.771597e+57
1.009000e+29 9.804000e+28 9.892236e+57
1.011000e+29 1.034000e+29 1.045374e+58
1.022000e+29 1.030000e+29 1.052660e+58
1.095000e+29 1.076000e+29 1.178220e+58
1.095000e+29 1.076000e+29 1.178220e+58
1.106000e+29 1.111000e+29 1.228766e+58
9.466000e+28 9.764000e+28 9.242602e+57
9.967000e+28 9.972000e+28 9.939092e+57
1.001000e+29 1.013000e+29 1.014013e+58
9.996000e+28 1.028000e+29 1.027589e+58
9.839000e+28 9.896000e+28 9.736674e+57
9.490000e+28 9.560000e+28 9.072440e+57
9.797000e+28 9.971000e+28 9.768589e+57
9.912000e+28 9.844000e+28 9.757373e+57
9.890000e+28 9.941000e+28 9.831649e+57
1.022000e+29 9.979000e+28 1.019854e+58
1.024000e+29 1.001000e+29 1.025024e+58
1.016000e+29 1.024000e+29 1.040384e+58
9.563000e+28 1.007000e+29 9.629941e+57
9.525000e+28 9.357000e+28 8.912543e+57
9.671000e+28 9.565000e+28 9.250312e+57
8.815000e+28 9.066000e+28 7.991679e+57
9.335000e+28 9.627000e+28 8.986804e+57
9.690000e+28 9.413000e+28 9.121197e+57
9.499000e+28 9.295000e+28 8.829320e+57
9.994000e+28 9.830000e+28 9.824102e+57
9.591000e+28 9.284000e+28 8.904284e+57
8.791000e+28 8.641000e+28 7.596303e+57
7.720000e+28 7.551000e+28 5.829372e+57
6.723000e+28 6.653000e+28 4.472812e+57
5.971000e+28 5.747000e+28 3.431534e+57
5.669000e+28 5.541000e+28 3.141193e+57
5.225000e+28 5.217000e+28 2.725882e+57
4.503000e+28 4.336000e+28 1.952501e+57
3.601000e+28 3.493000e+28 1.257829e+57
2.892000e+28 2.846000e+28 8.230632e+56
2.455000e+28 2.374000e+28 5.828170e+56
2.048000e+28 2.002000e+28 4.100096e+56
1.462000e+28 1.412000e+28 2.064344e+56
1.186000e+28 1.134000e+28 1.344924e+56
1.050000e+28 1.038000e+28 1.089900e+56
9.005000e+27 8.911000e+27 8.024356e+55
7.683000e+27 7.624000e+27 5.857519e+55
6.989000e+27 6.682000e+27 4.670050e+55
5.819000e+27 5.701000e+27 3.317412e+55
5.444000e+27 5.370000e+27 2.923428e+55
4.605000e+27 4.711000e+27 2.169415e+55
4.255000e+27 4.217000e+27 1.794334e+55
3.871000e+27 3.785000e+27 1.465173e+55
3.461000e+27 3.335000e+27 1.154243e+55
3.067000e+27 2.999000e+27 9.197933e+54
2.732000e+27 2.659000e+27 7.264388e+54
2.211000e+27 1.967000e+27 4.349037e+54
1.815000e+27 2.011000e+27 3.649965e+54
1.657000e+27 1.644000e+27 2.724108e+54
1.479000e+27 1.426000e+27 2.109054e+54
1.275000e+27 1.139000e+27 1.452225e+54
1.160000e+27 1.070000e+27 1.241200e+54
1.159000e+27 1.087000e+27 1.259833e+54
9.357000e+26 9.065000e+26 8.482121e+53
8.929000e+26 8.922000e+26 7.966454e+53
7.642000e+26 7.632000e+26 5.832374e+53
6.604000e+26 7.658000e+26 5.057343e+53
6.244000e+26 6.336000e+26 3.956198e+53
6.316000e+26 6.605000e+26 4.171718e+53
6.140000e+26 5.671000e+26 3.481994e+53
5.233000e+26 5.253000e+26 2.748895e+53
5.381000e+26 4.946000e+26 2.661443e+53
4.837000e+26 4.695000e+26 2.270972e+53
4.570000e+26 4.539000e+26 2.074323e+53
4.196000e+26 4.115000e+26 1.726654e+53
3.822000e+26 3.953000e+26 1.510837e+53
3.760000e+26 3.459000e+26 1.300584e+53
3.337000e+26 3.242000e+26 1.081855e+53
3.255000e+26 3.180000e+26 1.035090e+53
2.961000e+26 2.972000e+26 8.800092e+52
2.573000e+26 2.772000e+26 7.132356e+52
2.703000e+26 2.454000e+26 6.633162e+52
2.424000e+26 2.502000e+26 6.064848e+52
2.137000e+26 2.220000e+26 4.744140e+52
2.119000e+26 2.128000e+26 4.509232e+52
1.900000e+26 1.956000e+26 3.716400e+52
1.919000e+26 1.828000e+26 3.507932e+52
1.704000e+26 1.713000e+26 2.918952e+52
1.675000e+26 1.645000e+26 2.755375e+52
1.545000e+26 1.514000e+26 2.339130e+52
1.445000e+26 1.466000e+26 2.118370e+52
1.382000e+26 1.403000e+26 1.938946e+52
1.312000e+26 1.266000e+26 1.660992e+52
1.178000e+26 1.271000e+26 1.497238e+52
1.116000e+26 1.154000e+26 1.287864e+52
1.136000e+26 1.084000e+26 1.231424e+52
1.016000e+26 9.916000e+25 1.007466e+52
9.973000e+25 9.707000e+25 9.680791e+51
9.650000e+25 9.293000e+25 8.967745e+51
9.293000e+25 8.950000e+25 8.317235e+51
8.987000e+25 8.845000e+25 7.949001e+51
8.508000e+25 8.159000e+25 6.941677e+51
7.941000e+25 7.847000e+25 6.231303e+51
7.707000e+25 7.700000e+25 5.934390e+51
