1.000000e+08 2.340064e+15 2.340064e+23
1.258925e+08 2.945926e+15 3.708702e+23
1.584893e+08 8.371431e+15 1.326782e+24
1.995262e+08 1.791871e+16 3.575253e+24
2.511886e+08 3.423751e+16 8.600074e+24
3.162278e+08 6.158466e+16 1.947478e+25
3.981072e+08 1.067753e+17 4.250801e+25
5.011872e+08 1.806901e+17 9.055955e+25
6.309573e+08 3.006590e+17 1.897030e+26
7.943282e+08 4.942218e+17 3.925743e+26
1.000000e+09 8.050260e+17 8.050260e+26
1.258925e+09 1.301813e+18 1.638885e+27
1.584893e+09 2.090195e+18 3.312736e+27
1.995262e+09 3.321990e+18 6.628241e+27
2.511886e+09 5.193605e+18 1.304575e+28
3.162278e+09 7.934529e+18 2.509118e+28
3.981072e+09 1.179977e+19 4.697573e+28
5.011872e+09 1.707675e+19 8.558648e+28
6.309573e+09 2.410503e+19 1.520924e+29
7.943282e+09 3.330253e+19 2.645314e+29
1.000000e+10 4.519457e+19 4.519457e+29
1.258925e+10 6.044566e+19 7.609657e+29
1.584893e+10 7.989619e+19 1.266269e+30
1.995262e+10 1.046067e+20 2.087178e+30
2.511886e+10 1.359127e+20 3.413972e+30
3.162278e+10 1.754928e+20 5.549571e+30
3.981072e+10 2.254553e+20 8.975536e+30
5.011872e+10 2.884454e+20 1.445652e+31
6.309573e+10 3.677818e+20 2.320546e+31
7.943282e+10 4.676270e+20 3.714493e+31
1.000000e+11 5.932026e+20 5.932026e+31
1.258925e+11 7.510591e+20 9.455274e+31
1.584893e+11 9.494161e+20 1.504723e+32
1.995262e+11 1.198588e+21 2.391497e+32
2.511886e+11 1.511515e+21 3.796754e+32
3.162278e+11 1.904429e+21 6.022332e+32
3.981072e+11 2.397671e+21 9.545299e+32
5.011872e+11 3.016704e+21 1.511933e+33
6.309573e+11 3.793354e+21 2.393444e+33
7.943282e+11 4.767328e+21 3.786823e+33
1.000000e+12 5.988066e+21 5.988066e+33
1.258925e+12 7.516994e+21 9.463335e+33
1.584893e+12 9.430246e+21 1.494593e+34
1.995262e+12 1.182193e+22 2.358784e+34
2.511886e+12 1.480800e+22 3.719602e+34
3.162278e+12 1.853088e+22 5.859978e+34
3.981072e+12 2.316474e+22 9.222047e+34
5.011872e+12 2.892168e+22 1.449518e+35
6.309573e+12 3.605874e+22 2.275153e+35
7.943282e+12 4.488564e+22 3.565393e+35
1.000000e+13 5.577338e+22 5.577338e+35
1.258925e+13 6.916308e+22 8.707116e+35
1.584893e+13 8.557468e+22 1.356267e+36
1.995262e+13 1.056133e+23 2.107263e+36
2.511886e+13 1.299693e+23 3.264681e+36
3.162278e+13 1.594206e+23 5.041322e+36
3.981072e+13 1.948473e+23 7.757011e+36
5.011872e+13 2.372310e+23 1.188972e+37
6.309573e+13 2.876372e+23 1.814868e+37
7.943282e+13 3.471967e+23 2.757882e+37
1.000000e+14 4.170759e+23 4.170759e+37
1.258925e+14 4.984292e+23 6.274851e+37
1.584893e+14 5.923266e+23 9.387744e+37
1.995262e+14 6.996401e+23 1.395966e+38
2.511886e+14 8.208694e+23 2.061931e+38
3.162278e+14 9.558982e+23 3.022815e+38
3.981072e+14 1.103706e+24 4.393932e+38
5.011872e+14 1.262160e+24 6.325787e+38
6.309573e+14 1.428068e+24 9.010498e+38
7.943282e+14 1.597541e+24 1.268972e+39
1.000000e+15 1.766521e+24 1.766521e+39
1.258925e+15 1.931213e+24 2.431253e+39
1.584893e+15 2.088312e+24 3.309752e+39
1.995262e+15 2.235040e+24 4.459490e+39
2.511886e+15 2.369077e+24 5.950853e+39
3.162278e+15 2.488394e+24 7.868991e+39
3.981072e+15 2.591182e+24 1.031568e+40
5.011872e+15 2.675773e+24 1.341063e+40
6.309573e+15 2.740620e+24 1.729214e+40
7.943282e+15 2.784267e+24 2.211622e+40
1.000000e+16 2.805460e+24 2.805460e+40
1.258925e+16 2.803228e+24 3.529055e+40
1.584893e+16 2.777003e+24 4.401254e+40
1.995262e+16 2.726764e+24 5.440610e+40
2.511886e+16 2.653173e+24 6.664469e+40
3.162278e+16 2.557680e+24 8.088094e+40
3.981072e+16 2.442597e+24 9.724154e+40
5.011872e+16 2.311034e+24 1.158261e+41
6.309573e+16 2.166769e+24 1.367139e+41
7.943282e+16 2.014000e+24 1.599777e+41
1.000000e+17 1.857005e+24 1.857005e+41
1.258925e+17 1.699783e+24 2.139900e+41
1.584893e+17 1.545769e+24 2.449878e+41
1.995262e+17 1.397608e+24 2.788594e+41
2.511886e+17 1.257204e+24 3.157953e+41
3.162278e+17 1.125770e+24 3.559997e+41
3.981072e+17 1.003945e+24 3.996779e+41
5.011872e+17 8.919227e+23 4.470203e+41
6.309573e+17 7.896097e+23 4.982100e+41
7.943282e+17 6.967066e+23 5.534138e+41
1.000000e+18 6.127726e+23 6.127726e+41
1.258925e+18 5.372791e+23 6.763944e+41
1.584893e+18 4.696473e+23 7.443408e+41
1.995262e+18 4.092738e+23 8.166087e+41
2.511886e+18 3.555565e+23 8.931177e+41
3.162278e+18 3.079080e+23 9.736906e+41
3.981072e+18 2.657628e+23 1.058021e+42
5.011872e+18 2.285889e+23 1.145658e+42
6.309573e+18 1.958940e+23 1.236008e+42
7.943282e+18 1.672159e+23 1.328243e+42
1.000000e+19 1.421371e+23 1.421371e+42
1.258925e+19 1.202792e+23 1.514225e+42
1.584893e+19 1.012995e+23 1.605490e+42
1.995262e+19 8.488834e+22 1.693745e+42
2.511886e+19 7.076630e+22 1.777569e+42
3.162278e+19 5.868013e+22 1.855629e+42
3.981072e+19 4.839972e+22 1.926827e+42
5.011872e+19 3.971350e+22 1.990390e+42
6.309573e+19 3.242595e+22 2.045939e+42
7.943282e+19 2.635606e+22 2.093537e+42
1.000000e+20 2.133650e+22 2.133650e+42
1.258925e+20 1.721209e+22 2.166874e+42
1.584893e+20 1.384202e+22 2.193812e+42
1.995262e+20 1.110068e+22 2.214877e+42
2.511886e+20 8.878385e+21 2.230150e+42
3.162278e+20 7.081468e+21 2.239357e+42
3.981072e+20 5.631717e+21 2.242027e+42
5.011872e+20 4.464475e+21 2.237538e+42
6.309573e+20 3.526776e+21 2.225245e+42
7.943282e+20 2.775178e+21 2.204402e+42
1.000000e+21 2.174312e+21 2.174312e+42
1.258925e+21 1.695334e+21 2.134299e+42
1.584893e+21 1.314730e+21 2.083707e+42
1.995262e+21 1.013399e+21 2.021997e+42
2.511886e+21 7.758113e+20 1.948750e+42
3.162278e+21 5.893619e+20 1.863726e+42
3.981072e+21 4.438315e+20 1.766925e+42
5.011872e+21 3.309365e+20 1.658612e+42
6.309573e+21 2.439796e+20 1.539407e+42
7.943282e+21 1.775607e+20 1.410415e+42
1.000000e+22 1.273187e+20 1.273187e+42
1.258925e+22 8.974034e+19 1.129764e+42
1.584893e+22 6.200970e+19 9.827874e+41
1.995262e+22 4.187076e+19 8.354315e+41
2.511886e+22 2.752088e+19 6.912933e+41
3.162278e+22 1.752634e+19 5.542315e+41
3.981072e+22 1.075370e+19 4.281125e+41
5.011872e+22 6.313350e+18 3.164171e+41
6.309573e+22 3.516588e+18 2.218817e+41
7.943282e+22 1.839030e+18 1.460794e+41
1.000000e+23 8.911951e+17 8.911951e+40
1.258925e+23 3.941343e+17 4.961857e+40
1.584893e+23 1.557945e+17 2.469177e+40
1.995262e+23 5.360315e+16 1.069524e+40
2.511886e+23 1.549906e+16 3.893189e+39
3.162278e+23 3.582824e+15 1.132989e+39
3.981072e+23 6.210832e+14 2.472577e+38
5.011872e+23 7.478762e+13 3.748260e+37
6.309573e+23 5.758132e+12 3.633135e+36
7.943282e+23 2.513500e+11 1.996544e+35
1.000000e+24 5.313010e+09 5.313010e+33
1.258925e+24 3.956483e+07 4.980917e+31
1.584893e+24 6.649890e+04 1.053937e+29
1.995262e+24 3.169049e+00 6.323083e+24
2.511886e+24 6.401945e-07 1.608096e+18
3.162278e+24 1.067805e-14 3.376696e+10
3.981072e+24 1.607506e-30 6.399597e-06
5.011872e+24 4.059440e-74 2.034540e-49
6.309573e+24 3.155993e-209 1.991297e-184
7.943282e+24 0.000000e+00 0.000000e+00
1.000000e+25 0.000000e+00 0.000000e+00
1.258925e+25 0.000000e+00 0.000000e+00
1.584893e+25 0.000000e+00 0.000000e+00
1.995262e+25 0.000000e+00 0.000000e+00
2.511886e+25 0.000000e+00 0.000000e+00
3.162278e+25 0.000000e+00 0.000000e+00
3.981072e+25 0.000000e+00 0.000000e+00
5.011872e+25 0.000000e+00 0.000000e+00
6.309573e+25 0.000000e+00 0.000000e+00
7.943282e+25 0.000000e+00 0.000000e+00
1.000000e+26 0.000000e+00 0.000000e+00
1.258925e+26 0.000000e+00 0.000000e+00
1.584893e+26 0.000000e+00 0.000000e+00
1.995262e+26 0.000000e+00 0.000000e+00
2.511886e+26 0.000000e+00 0.000000e+00
3.162278e+26 0.000000e+00 0.000000e+00
3.981072e+26 0.000000e+00 0.000000e+00
5.011872e+26 0.000000e+00 0.000000e+00
6.309573e+26 0.000000e+00 0.000000e+00
7.943282e+26 0.000000e+00 0.000000e+00
1.000000e+27 0.000000e+00 0.000000e+00
1.258925e+27 0.000000e+00 0.000000e+00
1.584893e+27 0.000000e+00 0.000000e+00
1.995262e+27 0.000000e+00 0.000000e+00
2.511886e+27 0.000000e+00 0.000000e+00
3.162278e+27 0.000000e+00 0.000000e+00
3.981072e+27 0.000000e+00 0.000000e+00
5.011872e+27 0.000000e+00 0.000000e+00
6.309573e+27 0.000000e+00 0.000000e+00
7.943282e+27 0.000000e+00 0.000000e+00
