1.000000e+08 1.154408e+16 1.154408e+24
1.258925e+08 1.453294e+16 1.829589e+24
1.584893e+08 4.127527e+16 6.541689e+24
1.995262e+08 8.827350e+16 1.761288e+25
2.511886e+08 1.684050e+17 4.230143e+25
3.162278e+08 3.017204e+17 9.541238e+25
3.981072e+08 5.173699e+17 2.059687e+26
5.011872e+08 8.533604e+17 4.276933e+26
6.309573e+08 1.354179e+18 8.544293e+26
7.943282e+08 2.069025e+18 1.643485e+27
1.000000e+09 3.052906e+18 3.052906e+27
1.258925e+09 4.370384e+18 5.501988e+27
1.584893e+09 6.100669e+18 9.668909e+27
1.995262e+09 8.343243e+18 1.664696e+28
2.511886e+09 1.122399e+19 2.819338e+28
3.162278e+09 1.490219e+19 4.712487e+28
3.981072e+09 1.957896e+19 7.794522e+28
5.011872e+09 2.550759e+19 1.278408e+29
6.309573e+09 3.300661e+19 2.082576e+29
7.943282e+09 4.247606e+19 3.373993e+29
1.000000e+10 5.441805e+19 5.441805e+29
1.258925e+10 6.946261e+19 8.744824e+29
1.584893e+10 8.840023e+19 1.401049e+30
1.995262e+10 1.122229e+20 2.239141e+30
2.511886e+10 1.421758e+20 3.571294e+30
3.162278e+10 1.798223e+20 5.686479e+30
3.981072e+10 2.271259e+20 9.042043e+30
5.011872e+10 2.865528e+20 1.436166e+31
6.309573e+10 3.612001e+20 2.279018e+31
7.943282e+10 4.549548e+20 3.613835e+31
1.000000e+11 5.726913e+20 5.726913e+31
1.258925e+11 7.205137e+20 9.070730e+31
1.584893e+11 9.060551e+20 1.436000e+32
1.995262e+11 1.138844e+21 2.272292e+32
2.511886e+11 1.430751e+21 3.593884e+32
3.162278e+11 1.796538e+21 5.681152e+32
3.981072e+11 2.254515e+21 8.975385e+32
5.011872e+11 2.827329e+21 1.417021e+33
6.309573e+11 3.542906e+21 2.235423e+33
7.943282e+11 4.435542e+21 3.523277e+33
1.000000e+12 5.547176e+21 5.547176e+33
1.258925e+12 6.928823e+21 8.722872e+33
1.584893e+12 8.642179e+21 1.369693e+34
1.995262e+12 1.076134e+22 2.147170e+34
2.511886e+12 1.337465e+22 3.359560e+34
3.162278e+12 1.658649e+22 5.245109e+34
3.981072e+12 2.051912e+22 8.168810e+34
5.011872e+12 2.531432e+22 1.268721e+35
6.309573e+12 3.113483e+22 1.964475e+35
7.943282e+12 3.816565e+22 3.031605e+35
1.000000e+13 4.661485e+22 4.661485e+35
1.258925e+13 5.671358e+22 7.139817e+35
1.584893e+13 6.871279e+22 1.089024e+36
1.995262e+13 8.286986e+22 1.653471e+36
2.511886e+13 9.940564e+22 2.496957e+36
3.162278e+13 1.184816e+23 3.746717e+36
3.981072e+13 1.402414e+23 5.583112e+36
5.011872e+13 1.647920e+23 8.259164e+36
6.309573e+13 1.921160e+23 1.212170e+37
7.943282e+13 2.220138e+23 1.763519e+37
1.000000e+14 2.540610e+23 2.540610e+37
1.258925e+14 2.876171e+23 3.620885e+37
1.584893e+14 3.219022e+23 5.101806e+37
1.995262e+14 3.561004e+23 7.105137e+37
2.511886e+14 3.894433e+23 9.782374e+37
3.162278e+14 4.212625e+23 1.332149e+38
3.981072e+14 4.509949e+23 1.795443e+38
5.011872e+14 4.781666e+23 2.396510e+38
6.309573e+14 5.023691e+23 3.169734e+38
7.943282e+14 5.232359e+23 4.156211e+38
1.000000e+15 5.404291e+23 5.404291e+38
1.258925e+15 5.536321e+23 6.969815e+38
1.584893e+15 5.625537e+23 8.915876e+38
1.995262e+15 5.669407e+23 1.131195e+39
2.511886e+15 5.666041e+23 1.423245e+39
3.162278e+15 5.614195e+23 1.775364e+39
3.981072e+15 5.513809e+23 2.195087e+39
5.011872e+15 5.366194e+23 2.689468e+39
6.309573e+15 5.174291e+23 3.264757e+39
7.943282e+15 4.942646e+23 3.926083e+39
1.000000e+16 4.677513e+23 4.677513e+39
1.258925e+16 4.386509e+23 5.522288e+39
1.584893e+16 4.078102e+23 6.463356e+39
1.995262e+16 3.760934e+23 7.504050e+39
2.511886e+16 3.443105e+23 8.648689e+39
3.162278e+16 3.131544e+23 9.902810e+39
3.981072e+16 2.831722e+23 1.127329e+40
5.011872e+16 2.547501e+23 1.276775e+40
6.309573e+16 2.281331e+23 1.439423e+40
7.943282e+16 2.034534e+23 1.616088e+40
1.000000e+17 1.807573e+23 1.807573e+40
1.258925e+17 1.600279e+23 2.014632e+40
1.584893e+17 1.412062e+23 2.237967e+40
1.995262e+17 1.242018e+23 2.478151e+40
2.511886e+17 1.089083e+23 2.735653e+40
3.162278e+17 9.520786e+22 3.010737e+40
3.981072e+17 8.297810e+22 3.303418e+40
5.011872e+17 7.209516e+22 3.613317e+40
6.309573e+17 6.243982e+22 3.939686e+40
7.943282e+17 5.389811e+22 4.281279e+40
1.000000e+18 4.636254e+22 4.636254e+40
1.258925e+18 3.973325e+22 5.002120e+40
1.584893e+18 3.391806e+22 5.375651e+40
1.995262e+18 2.883251e+22 5.752842e+40
2.511886e+18 2.439999e+22 6.128999e+40
3.162278e+18 2.055119e+22 6.498856e+40
3.981072e+18 1.722338e+22 6.856752e+40
5.011872e+18 1.435981e+22 7.196952e+40
6.309573e+18 1.190921e+22 7.514204e+40
7.943282e+18 9.824390e+21 7.803790e+40
1.000000e+19 8.062471e+21 8.062471e+40
1.258925e+19 6.583963e+21 8.288719e+40
1.584893e+19 5.352258e+21 8.482758e+40
1.995262e+19 4.333391e+21 8.646251e+40
2.511886e+19 3.496070e+21 8.781732e+40
3.162278e+19 2.811785e+21 8.891644e+40
3.981072e+19 2.255087e+21 8.977664e+40
5.011872e+19 1.803765e+21 9.040240e+40
6.309573e+19 1.438825e+21 9.078375e+40
7.943282e+19 1.144378e+21 9.090115e+40
1.000000e+20 9.073200e+20 9.073200e+40
1.258925e+20 7.168582e+20 9.024710e+40
1.584893e+20 5.641889e+20 8.941791e+40
1.995262e+20 4.421304e+20 8.821661e+40
2.511886e+20 3.448238e+20 8.661581e+40
3.162278e+20 2.674944e+20 8.458915e+40
3.981072e+20 2.062629e+20 8.211475e+40
5.011872e+20 1.579769e+20 7.917599e+40
6.309573e+20 1.200778e+20 7.576394e+40
7.943282e+20 9.048588e+19 7.187549e+40
1.000000e+21 6.752069e+19 6.752069e+40
1.258925e+21 4.982369e+19 6.272431e+40
1.584893e+21 3.629792e+19 5.752832e+40
1.995262e+21 2.605900e+19 5.199455e+40
2.511886e+21 1.839507e+19 4.620632e+40
3.162278e+21 1.273430e+19 4.026940e+40
3.981072e+21 8.618457e+18 3.431070e+40
5.011872e+21 5.681222e+18 2.847356e+40
6.309573e+21 3.631374e+18 2.291242e+40
7.943282e+21 2.238697e+18 1.778260e+40
1.000000e+22 1.322620e+18 1.322620e+40
1.258925e+22 7.428926e+17 9.352463e+39
1.584893e+22 3.929118e+17 6.227233e+39
1.995262e+22 1.933916e+17 3.858669e+39
2.511886e+22 8.730980e+16 2.193123e+39
3.162278e+22 3.551416e+16 1.123056e+39
3.981072e+22 1.272931e+16 5.067630e+38
5.011872e+22 3.910472e+15 1.959878e+38
6.309573e+22 9.943571e+14 6.273969e+37
7.943282e+22 2.002492e+14 1.590636e+37
1.000000e+23 3.018672e+13 3.018672e+36
1.258925e+23 3.213379e+12 4.045404e+35
1.584893e+23 2.218193e+11 3.515598e+34
1.995262e+23 8.936764e+09 1.783119e+33
2.511886e+23 1.814088e+08 4.556782e+31
3.162278e+23 1.450547e+06 4.587032e+29
3.981072e+23 3.373377e+03 1.342965e+27
5.011872e+23 1.322962e+00 6.630515e+23
6.309573e+23 7.898644e-07 4.983708e+17
7.943282e+23 1.047591e-12 8.321309e+11
1.000000e+24 4.358553e-20 4.358553e+04
1.258925e+24 2.050745e-29 2.581735e-05
1.584893e+24 2.912255e-41 4.615612e-17
1.995262e+24 5.088580e-57 1.015305e-32
2.511886e+24 3.213533e-96 8.072030e-72
3.162278e+24 7.928500e-127 2.507212e-102
3.981072e+24 1.220556e-207 4.859120e-183
5.011872e+24 0.000000e+00 0.000000e+00
6.309573e+24 0.000000e+00 0.000000e+00
7.943282e+24 0.000000e+00 0.000000e+00
1.000000e+25 0.000000e+00 0.000000e+00
1.258925e+25 0.000000e+00 0.000000e+00
1.584893e+25 0.000000e+00 0.000000e+00
1.995262e+25 0.000000e+00 0.000000e+00
2.511886e+25 0.000000e+00 0.000000e+00
3.162278e+25 0.000000e+00 0.000000e+00
3.981072e+25 0.000000e+00 0.000000e+00
5.011872e+25 0.000000e+00 0.000000e+00
6.309573e+25 0.000000e+00 0.000000e+00
7.943282e+25 0.000000e+00 0.000000e+00
1.000000e+26 0.000000e+00 0.000000e+00
1.258925e+26 0.000000e+00 0.000000e+00
1.584893e+26 0.000000e+00 0.000000e+00
1.995262e+26 0.000000e+00 0.000000e+00
2.511886e+26 0.000000e+00 0.000000e+00
3.162278e+26 0.000000e+00 0.000000e+00
3.981072e+26 0.000000e+00 0.000000e+00
5.011872e+26 0.000000e+00 0.000000e+00
6.309573e+26 0.000000e+00 0.000000e+00
7.943282e+26 0.000000e+00 0.000000e+00
1.000000e+27 0.000000e+00 0.000000e+00
1.258925e+27 0.000000e+00 0.000000e+00
1.584893e+27 0.000000e+00 0.000000e+00
1.995262e+27 0.000000e+00 0.000000e+00
2.511886e+27 0.000000e+00 0.000000e+00
3.162278e+27 0.000000e+00 0.000000e+00
3.981072e+27 0.000000e+00 0.000000e+00
5.011872e+27 0.000000e+00 0.000000e+00
6.309573e+27 0.000000e+00 0.000000e+00
7.943282e+27 0.000000e+00 0.000000e+00
