1.000000e+08 1.959398e+15 1.959398e+23
1.258925e+08 2.466703e+15 3.105395e+23
1.584893e+08 7.009731e+15 1.110968e+24
1.995262e+08 1.500435e+16 2.993760e+24
2.511886e+08 2.866972e+16 7.201509e+24
3.162278e+08 5.157131e+16 1.630828e+25
3.981072e+08 8.941810e+16 3.559799e+25
5.011872e+08 1.513265e+17 7.584293e+25
6.309573e+08 2.518214e+17 1.588886e+26
7.943282e+08 4.139982e+17 3.288504e+26
1.000000e+09 6.745053e+17 6.745053e+26
1.258925e+09 1.091335e+18 1.373909e+27
1.584893e+09 1.755484e+18 2.782254e+27
1.995262e+09 2.805183e+18 5.597076e+27
2.511886e+09 4.434840e+18 1.113981e+28
3.162278e+09 6.889611e+18 2.178686e+28
3.981072e+09 1.045108e+19 4.160651e+28
5.011872e+09 1.543165e+19 7.734144e+28
6.309573e+09 2.218684e+19 1.399895e+29
7.943282e+09 3.114133e+19 2.473643e+29
1.000000e+10 4.282123e+19 4.282123e+29
1.258925e+10 5.788945e+19 7.287849e+29
1.584893e+10 7.718476e+19 1.223296e+30
1.995262e+10 1.017675e+20 2.030529e+30
2.511886e+10 1.329750e+20 3.340182e+30
3.162278e+10 1.724906e+20 5.454632e+30
3.981072e+10 2.224295e+20 8.855078e+30
5.011872e+10 2.854474e+20 1.430626e+31
6.309573e+10 3.648766e+20 2.302216e+31
7.943282e+10 4.648969e+20 3.692808e+31
1.000000e+11 5.907510e+20 5.907510e+31
1.258925e+11 7.490151e+20 9.429542e+31
1.584893e+11 9.479393e+20 1.502383e+32
1.995262e+11 1.197875e+21 2.390075e+32
2.511886e+11 1.511811e+21 3.797497e+32
3.162278e+11 1.906041e+21 6.027429e+32
3.981072e+11 2.400995e+21 9.558535e+32
5.011872e+11 3.022272e+21 1.514724e+33
6.309573e+11 3.801897e+21 2.398835e+33
7.943282e+11 4.779879e+21 3.796793e+33
1.000000e+12 6.006105e+21 6.006105e+33
1.258925e+12 7.542648e+21 9.495632e+33
1.584893e+12 9.466579e+21 1.500352e+34
1.995262e+12 1.187335e+22 2.369044e+34
2.511886e+12 1.488084e+22 3.737897e+34
3.162278e+12 1.863419e+22 5.892649e+34
3.981072e+12 2.331147e+22 9.280463e+34
5.011872e+12 2.913024e+22 1.459970e+35
6.309573e+12 3.635516e+22 2.293856e+35
7.943282e+12 4.530657e+22 3.598829e+35
1.000000e+13 5.637001e+22 5.637001e+35
1.258925e+13 7.000646e+22 8.813291e+35
1.584893e+13 8.676264e+22 1.375095e+36
1.995262e+13 1.072799e+23 2.140516e+36
2.511886e+13 1.322977e+23 3.323169e+36
3.162278e+13 1.626597e+23 5.143752e+36
3.981072e+13 1.993292e+23 7.935437e+36
5.011872e+13 2.433918e+23 1.219848e+37
6.309573e+13 2.960434e+23 1.867907e+37
7.943282e+13 3.585763e+23 2.848273e+37
1.000000e+14 4.323541e+23 4.323541e+37
1.258925e+14 5.187724e+23 6.530957e+37
1.584893e+14 6.191964e+23 9.813601e+37
1.995262e+14 7.348651e+23 1.466249e+38
2.511886e+14 8.667402e+23 2.177153e+38
3.162278e+14 1.015282e+24 3.210605e+38
3.981072e+14 1.180140e+24 4.698220e+38
5.011872e+14 1.359809e+24 6.815189e+38
6.309573e+14 1.551439e+24 9.788920e+38
7.943282e+14 1.750980e+24 1.390853e+39
1.000000e+15 1.953687e+24 1.953687e+39
1.258925e+15 2.154744e+24 2.712662e+39
1.584893e+15 2.349736e+24 3.724080e+39
1.995262e+15 2.534860e+24 5.057710e+39
2.511886e+15 2.706945e+24 6.799539e+39
3.162278e+15 2.863288e+24 9.054511e+39
3.981072e+15 3.001544e+24 1.194936e+40
5.011872e+15 3.119601e+24 1.563504e+40
6.309573e+15 3.215510e+24 2.028850e+40
7.943282e+15 3.287413e+24 2.611285e+40
1.000000e+16 3.333634e+24 3.333634e+40
1.258925e+16 3.352741e+24 4.220850e+40
1.584893e+16 3.343666e+24 5.299353e+40
1.995262e+16 3.305865e+24 6.596068e+40
2.511886e+16 3.239483e+24 8.137214e+40
3.162278e+16 3.145511e+24 9.946978e+40
3.981072e+16 3.025921e+24 1.204641e+41
5.011872e+16 2.883683e+24 1.445265e+41
6.309573e+16 2.722709e+24 1.717913e+41
7.943282e+16 2.547662e+24 2.023680e+41
1.000000e+17 2.363617e+24 2.363617e+41
1.258925e+17 2.175650e+24 2.738981e+41
1.584893e+17 1.988423e+24 3.151438e+41
1.995262e+17 1.805794e+24 3.603033e+41
2.511886e+17 1.630753e+24 4.096266e+41
3.162278e+17 1.465382e+24 4.633944e+41
3.981072e+17 1.310948e+24 5.218978e+41
5.011872e+17 1.168059e+24 5.854162e+41
6.309573e+17 1.036876e+24 6.542243e+41
7.943282e+17 9.172288e+23 7.285808e+41
1.000000e+18 8.087163e+23 8.087163e+41
1.258925e+18 7.107843e+23 8.948244e+41
1.584893e+18 6.227842e+23 9.870464e+41
1.995262e+18 5.440133e+23 1.085449e+42
2.511886e+18 4.737514e+23 1.190010e+42
3.162278e+18 4.112827e+23 1.300590e+42
3.981072e+18 3.559073e+23 1.416892e+42
5.011872e+18 3.069586e+23 1.538437e+42
6.309573e+18 2.638149e+23 1.664560e+42
7.943282e+18 2.258872e+23 1.794286e+42
1.000000e+19 1.926403e+23 1.926403e+42
1.258925e+19 1.635871e+23 2.059439e+42
1.584893e+19 1.382855e+23 2.191677e+42
1.995262e+19 1.163349e+23 2.321186e+42
2.511886e+19 9.737454e+22 2.445938e+42
3.162278e+19 8.107797e+22 2.563911e+42
3.981072e+19 6.714992e+22 2.673286e+42
5.011872e+19 5.532013e+22 2.772574e+42
6.309573e+19 4.534016e+22 2.860771e+42
7.943282e+19 3.698074e+22 2.937485e+42
1.000000e+20 3.002999e+22 3.002999e+42
1.258925e+20 2.429029e+22 3.057966e+42
1.584893e+20 1.958046e+22 3.103293e+42
1.995262e+20 1.573637e+22 3.139819e+42
2.511886e+20 1.261214e+22 3.168027e+42
3.162278e+20 1.008095e+22 3.187878e+42
3.981072e+20 8.035404e+21 3.198952e+42
5.011872e+20 6.385832e+21 3.200498e+42
6.309573e+20 5.058429e+21 3.191653e+42
7.943282e+20 3.992521e+21 3.171372e+42
1.000000e+21 3.138656e+21 3.138656e+42
1.258925e+21 2.456466e+21 3.092507e+42
1.584893e+21 1.913018e+21 3.031929e+42
1.995262e+21 1.481534e+21 2.956049e+42
2.511886e+21 1.140230e+21 2.864128e+42
3.162278e+21 8.714056e+20 2.755626e+42
3.981072e+21 6.606976e+20 2.630284e+42
5.011872e+21 4.964511e+20 2.488149e+42
6.309573e+21 3.692332e+20 2.329704e+42
7.943282e+21 2.714299e+20 2.156044e+42
1.000000e+22 1.968840e+20 1.968840e+42
1.258925e+22 1.406288e+20 1.770412e+42
1.584893e+22 9.867714e+19 1.563927e+42
1.995262e+22 6.782832e+19 1.353353e+42
2.511886e+22 4.551858e+19 1.143375e+42
3.162278e+22 2.970194e+19 9.392580e+41
3.981072e+22 1.875353e+19 7.465916e+41
5.011872e+22 1.138876e+19 5.707900e+41
6.309573e+22 6.603635e+18 4.166612e+41
7.943282e+22 3.623046e+18 2.877888e+41
1.000000e+23 1.859754e+18 1.859754e+41
1.258925e+23 8.814993e+17 1.109742e+41
1.584893e+23 3.789967e+17 6.006692e+40
1.995262e+23 1.445290e+17 2.883732e+40
2.511886e+23 4.744669e+16 1.191807e+40
3.162278e+23 1.286209e+16 4.067350e+39
3.981072e+23 2.729655e+15 1.086695e+39
5.011872e+23 4.259970e+14 2.135043e+38
6.309573e+23 4.567409e+13 2.881840e+37
7.943282e+23 3.003669e+12 2.385899e+36
1.000000e+24 1.068849e+11 1.068849e+35
1.258925e+24 1.551321e+09 1.952998e+33
1.584893e+24 6.113766e+06 9.689666e+30
1.995262e+24 9.055237e+02 1.806757e+27
2.511886e+24 3.739720e-03 9.393753e+21
3.162278e+24 5.436613e-10 1.719208e+15
3.981072e+24 3.863283e-23 1.538000e+02
5.011872e+24 1.599397e-59 8.015972e-35
6.309573e+24 1.055786e-172 6.661560e-148
7.943282e+24 0.000000e+00 0.000000e+00
1.000000e+25 0.000000e+00 0.000000e+00
1.258925e+25 0.000000e+00 0.000000e+00
1.584893e+25 0.000000e+00 0.000000e+00
1.995262e+25 0.000000e+00 0.000000e+00
2.511886e+25 0.000000e+00 0.000000e+00
3.162278e+25 0.000000e+00 0.000000e+00
3.981072e+25 0.000000e+00 0.000000e+00
5.011872e+25 0.000000e+00 0.000000e+00
6.309573e+25 0.000000e+00 0.000000e+00
7.943282e+25 0.000000e+00 0.000000e+00
1.000000e+26 0.000000e+00 0.000000e+00
1.258925e+26 0.000000e+00 0.000000e+00
1.584893e+26 0.000000e+00 0.000000e+00
1.995262e+26 0.000000e+00 0.000000e+00
2.511886e+26 0.000000e+00 0.000000e+00
3.162278e+26 0.000000e+00 0.000000e+00
3.981072e+26 0.000000e+00 0.000000e+00
5.011872e+26 0.000000e+00 0.000000e+00
6.309573e+26 0.000000e+00 0.000000e+00
7.943282e+26 0.000000e+00 0.000000e+00
1.000000e+27 0.000000e+00 0.000000e+00
1.258925e+27 0.000000e+00 0.000000e+00
1.584893e+27 0.000000e+00 0.000000e+00
1.995262e+27 0.000000e+00 0.000000e+00
2.511886e+27 0.000000e+00 0.000000e+00
3.162278e+27 0.000000e+00 0.000000e+00
3.981072e+27 0.000000e+00 0.000000e+00
5.011872e+27 0.000000e+00 0.000000e+00
6.309573e+27 0.000000e+00 0.000000e+00
7.943282e+27 0.000000e+00 0.000000e+00
