1.000000e+08 1.025937e+16 1.025937e+24
1.258925e+08 1.291561e+16 1.625979e+24
1.584893e+08 3.668609e+16 5.814354e+24
1.995262e+08 7.847453e+16 1.565773e+25
2.511886e+08 1.497857e+17 3.762447e+25
3.162278e+08 2.688192e+17 8.500810e+25
3.981072e+08 4.631174e+17 1.843704e+26
5.011872e+08 7.707607e+17 3.862954e+26
6.309573e+08 1.238703e+18 7.815687e+26
7.943282e+08 1.919988e+18 1.525101e+27
1.000000e+09 2.873204e+18 2.873204e+27
1.258925e+09 4.165350e+18 5.243865e+27
1.584893e+09 5.876988e+18 9.314398e+27
1.995262e+09 8.108352e+18 1.617829e+28
2.511886e+09 1.098597e+19 2.759550e+28
3.162278e+09 1.467000e+19 4.639062e+28
3.981072e+09 1.936292e+19 7.708517e+28
5.011872e+09 2.532003e+19 1.269007e+29
6.309573e+09 3.286261e+19 2.073490e+29
7.943282e+09 4.239439e+19 3.367506e+29
1.000000e+10 5.442225e+19 5.442225e+29
1.258925e+10 6.958227e+19 8.759889e+29
1.584893e+10 8.867252e+19 1.405365e+30
1.995262e+10 1.126944e+20 2.248548e+30
2.511886e+10 1.429046e+20 3.589601e+30
3.162278e+10 1.808807e+20 5.719951e+30
3.981072e+10 2.286038e+20 9.100883e+30
5.011872e+10 2.885618e+20 1.446235e+31
6.309573e+10 3.638791e+20 2.295922e+31
7.943282e+10 4.584779e+20 3.641820e+31
1.000000e+11 5.772786e+20 5.772786e+31
1.258925e+11 7.264461e+20 9.145414e+31
1.584893e+11 9.136944e+20 1.448108e+32
1.995262e+11 1.148659e+21 2.291877e+32
2.511886e+11 1.443355e+21 3.625545e+32
3.162278e+11 1.812733e+21 5.732367e+32
3.981072e+11 2.275356e+21 9.058354e+32
5.011872e+11 2.854209e+21 1.430493e+33
6.309573e+11 3.577670e+21 2.257357e+33
7.943282e+11 4.480649e+21 3.559106e+33
1.000000e+12 5.605908e+21 5.605908e+33
1.258925e+12 7.005581e+21 8.819504e+33
1.584893e+12 8.742872e+21 1.385652e+34
1.995262e+12 1.089392e+22 2.173623e+34
2.511886e+12 1.354979e+22 3.403554e+34
3.162278e+12 1.681855e+22 5.318491e+34
3.981072e+12 2.082728e+22 8.291489e+34
5.011872e+12 2.572410e+22 1.289259e+35
6.309573e+12 3.167993e+22 1.998868e+35
7.943282e+12 3.889010e+22 3.089151e+35
1.000000e+13 4.757555e+22 4.757555e+35
1.258925e+13 5.798309e+22 7.299639e+35
1.584893e+13 7.038273e+22 1.115491e+36
1.995262e+13 8.505582e+22 1.697087e+36
2.511886e+13 1.022568e+23 2.568576e+36
3.162278e+13 1.221930e+23 3.864080e+36
3.981072e+13 1.450608e+23 5.774974e+36
5.011872e+13 1.710288e+23 8.571743e+36
6.309573e+13 2.001564e+23 1.262901e+37
7.943282e+13 2.323322e+23 1.845480e+37
1.000000e+14 2.672115e+23 2.672115e+37
1.258925e+14 3.041923e+23 3.829555e+37
1.584893e+14 3.424643e+23 5.427693e+37
1.995262e+14 3.811147e+23 7.604239e+37
2.511886e+14 4.192387e+23 1.053080e+38
3.162278e+14 4.560228e+23 1.442071e+38
3.981072e+14 4.907726e+23 1.953801e+38
5.011872e+14 5.229055e+23 2.620736e+38
6.309573e+14 5.519271e+23 3.482425e+38
7.943282e+14 5.774027e+23 4.586473e+38
1.000000e+15 5.989369e+23 5.989369e+38
1.258925e+15 6.161607e+23 7.757004e+38
1.584893e+15 6.287304e+23 9.964706e+38
1.995262e+15 6.363369e+23 1.269659e+39
2.511886e+15 6.387312e+23 1.604420e+39
3.162278e+15 6.357226e+23 2.010331e+39
3.981072e+15 6.272365e+23 2.497073e+39
5.011872e+15 6.133370e+23 3.073967e+39
6.309573e+15 5.942596e+23 3.749524e+39
7.943282e+15 5.704162e+23 4.530977e+39
1.000000e+16 5.424172e+23 5.424172e+39
1.258925e+16 5.110466e+23 6.433695e+39
1.584893e+16 4.772166e+23 7.563373e+39
1.995262e+16 4.419006e+23 8.817075e+39
2.511886e+16 4.060519e+23 1.019956e+40
3.162278e+16 3.705245e+23 1.171701e+40
3.981072e+16 3.360247e+23 1.337739e+40
5.011872e+16 3.030775e+23 1.518986e+40
6.309573e+16 2.720373e+23 1.716439e+40
7.943282e+16 2.431151e+23 1.931132e+40
1.000000e+17 2.164097e+23 2.164097e+40
1.258925e+17 1.919355e+23 2.416325e+40
1.584893e+17 1.696490e+23 2.688755e+40
1.995262e+17 1.494634e+23 2.982187e+40
2.511886e+17 1.312683e+23 3.297311e+40
3.162278e+17 1.149360e+23 3.634596e+40
3.981072e+17 1.003307e+23 3.994238e+40
5.011872e+17 8.731240e+22 4.375986e+40
6.309573e+17 7.574478e+22 4.779173e+40
7.943282e+17 6.549636e+22 5.202561e+40
1.000000e+18 5.644219e+22 5.644219e+40
1.258925e+18 4.846545e+22 6.101438e+40
1.584893e+18 4.145779e+22 6.570616e+40
1.995262e+18 3.531952e+22 7.047171e+40
2.511886e+18 2.995999e+22 7.525610e+40
3.162278e+18 2.529702e+22 7.999621e+40
3.981072e+18 2.125617e+22 8.462232e+40
5.011872e+18 1.777011e+22 8.906151e+40
6.309573e+18 1.477818e+22 9.324403e+40
7.943282e+18 1.222463e+22 9.710372e+40
1.000000e+19 1.005901e+22 1.005901e+41
1.258925e+19 8.234985e+21 1.036723e+41
1.584893e+19 6.709726e+21 1.063420e+41
1.995262e+19 5.443457e+21 1.086113e+41
2.511886e+19 4.399406e+21 1.105081e+41
3.162278e+19 3.543812e+21 1.120652e+41
3.981072e+19 2.846228e+21 1.133104e+41
5.011872e+19 2.279750e+21 1.142581e+41
6.309573e+19 1.821108e+21 1.149041e+41
7.943282e+19 1.450651e+21 1.152293e+41
1.000000e+20 1.152080e+21 1.152080e+41
1.258925e+20 9.119248e+20 1.148045e+41
1.584893e+20 7.191845e+20 1.139831e+41
1.995262e+20 5.648786e+20 1.127081e+41
2.511886e+20 4.416765e+20 1.109441e+41
3.162278e+20 3.436011e+20 1.086562e+41
3.981072e+20 2.657932e+20 1.058142e+41
5.011872e+20 2.043020e+20 1.023936e+41
6.309573e+20 1.559191e+20 9.837829e+40
7.943282e+20 1.180344e+20 9.375806e+40
1.000000e+21 8.853761e+19 8.853761e+40
1.258925e+21 6.572148e+19 8.273844e+40
1.584893e+21 4.820642e+19 7.640203e+40
1.995262e+21 3.487941e+19 6.959358e+40
2.511886e+21 2.484368e+19 6.240450e+40
3.162278e+21 1.737811e+19 5.495440e+40
3.981072e+21 1.190404e+19 4.739085e+40
5.011872e+21 7.958119e+18 3.988508e+40
6.309573e+21 5.171082e+18 3.262732e+40
7.943282e+21 3.250111e+18 2.581655e+40
1.000000e+22 1.964428e+18 1.964428e+40
1.258925e+22 1.133595e+18 1.427112e+40
1.584893e+22 6.191434e+17 9.812762e+39
1.995262e+22 3.166862e+17 6.318720e+39
2.511886e+22 1.497285e+17 3.761010e+39
3.162278e+22 6.439148e+16 2.036237e+39
3.981072e+22 2.469081e+16 9.829587e+38
5.011872e+22 8.234176e+15 4.126864e+38
6.309573e+22 2.314802e+15 1.460541e+38
7.943282e+22 5.272366e+14 4.187989e+37
1.000000e+23 9.248016e+13 9.248016e+36
1.258925e+23 1.183591e+13 1.490053e+36
1.584893e+23 1.021868e+12 1.619552e+35
1.995262e+23 5.399839e+10 1.077409e+34
2.511886e+23 1.529999e+09 3.843183e+32
3.162278e+23 1.871090e+07 5.916905e+30
3.981072e+23 7.535237e+04 2.999832e+28
5.011872e+23 6.045628e+01 3.029992e+25
6.309573e+23 2.801231e-04 1.767457e+20
7.943282e+23 1.610203e-09 1.279029e+15
1.000000e+24 4.244632e-16 4.244632e+08
1.258925e+24 2.040962e-24 2.569419e+00
1.584893e+24 5.407692e-35 8.570615e-11
1.995262e+24 3.764106e-49 7.510379e-25
2.511886e+24 8.553397e-84 2.148516e-59
3.162278e+24 3.354751e-111 1.060865e-86
3.981072e+24 6.692891e-183 2.664488e-158
5.011872e+24 0.000000e+00 0.000000e+00
6.309573e+24 0.000000e+00 0.000000e+00
7.943282e+24 0.000000e+00 0.000000e+00
1.000000e+25 0.000000e+00 0.000000e+00
1.258925e+25 0.000000e+00 0.000000e+00
1.584893e+25 0.000000e+00 0.000000e+00
1.995262e+25 0.000000e+00 0.000000e+00
2.511886e+25 0.000000e+00 0.000000e+00
3.162278e+25 0.000000e+00 0.000000e+00
3.981072e+25 0.000000e+00 0.000000e+00
5.011872e+25 0.000000e+00 0.000000e+00
6.309573e+25 0.000000e+00 0.000000e+00
7.943282e+25 0.000000e+00 0.000000e+00
1.000000e+26 0.000000e+00 0.000000e+00
1.258925e+26 0.000000e+00 0.000000e+00
1.584893e+26 0.000000e+00 0.000000e+00
1.995262e+26 0.000000e+00 0.000000e+00
2.511886e+26 0.000000e+00 0.000000e+00
3.162278e+26 0.000000e+00 0.000000e+00
3.981072e+26 0.000000e+00 0.000000e+00
5.011872e+26 0.000000e+00 0.000000e+00
6.309573e+26 0.000000e+00 0.000000e+00
7.943282e+26 0.000000e+00 0.000000e+00
1.000000e+27 0.000000e+00 0.000000e+00
1.258925e+27 0.000000e+00 0.000000e+00
1.584893e+27 0.000000e+00 0.000000e+00
1.995262e+27 0.000000e+00 0.000000e+00
2.511886e+27 0.000000e+00 0.000000e+00
3.162278e+27 0.000000e+00 0.000000e+00
3.981072e+27 0.000000e+00 0.000000e+00
5.011872e+27 0.000000e+00 0.000000e+00
6.309573e+27 0.000000e+00 0.000000e+00
7.943282e+27 0.000000e+00 0.000000e+00
