1.000000e+08 4.228318e+15 4.228318e+23
1.258925e+08 5.323066e+15 6.701343e+23
1.584893e+08 1.512533e+16 2.397202e+24
1.995262e+08 3.237177e+16 6.459017e+24
2.511886e+08 6.184455e+16 1.553465e+25
3.162278e+08 1.112215e+17 3.517133e+25
3.981072e+08 1.927825e+17 7.674811e+25
5.011872e+08 3.260976e+17 1.634360e+26
6.309573e+08 5.422048e+17 3.421081e+26
7.943282e+08 8.896076e+17 7.066404e+26
1.000000e+09 1.440588e+18 1.440588e+27
1.258925e+09 2.293303e+18 2.887097e+27
1.584893e+09 3.567049e+18 5.653392e+27
1.995262e+09 5.396023e+18 1.076648e+28
2.511886e+09 7.929385e+18 1.991772e+28
3.162278e+09 1.133949e+19 3.585862e+28
3.981072e+09 1.583517e+19 6.304097e+28
5.011872e+09 2.167715e+19 1.086431e+29
6.309573e+09 2.919475e+19 1.842064e+29
7.943282e+09 3.880474e+19 3.082370e+29
1.000000e+10 5.103362e+19 5.103362e+29
1.258925e+10 6.654502e+19 8.377522e+29
1.584893e+10 8.617375e+19 1.365762e+30
1.995262e+10 1.109686e+20 2.214115e+30
2.511886e+10 1.422461e+20 3.573062e+30
3.162278e+10 1.816582e+20 5.744537e+30
3.981072e+10 2.312771e+20 9.207306e+30
5.011872e+10 2.937025e+20 1.471999e+31
6.309573e+10 3.721962e+20 2.348399e+31
7.943282e+10 4.708516e+20 3.740108e+31
1.000000e+11 5.948067e+20 5.948067e+31
1.258925e+11 7.505103e+20 9.448365e+31
1.584893e+11 9.460556e+20 1.499397e+32
1.995262e+11 1.191593e+21 2.377541e+32
2.511886e+11 1.499843e+21 3.767434e+32
3.162278e+11 1.886722e+21 5.966338e+32
3.981072e+11 2.372118e+21 9.443570e+32
5.011872e+11 2.980831e+21 1.493955e+33
6.309573e+11 3.743728e+21 2.362133e+33
7.943282e+11 4.699134e+21 3.732655e+33
1.000000e+12 5.894521e+21 5.894521e+33
1.258925e+12 7.388516e+21 9.301591e+33
1.584893e+12 9.253283e+21 1.466546e+34
1.995262e+12 1.157731e+22 2.309976e+34
2.511886e+12 1.446862e+22 3.634352e+34
3.162278e+12 1.805845e+22 5.710582e+34
3.981072e+12 2.250535e+22 8.959541e+34
5.011872e+12 2.799972e+22 1.403310e+35
6.309573e+12 3.476866e+22 2.193754e+35
7.943282e+12 4.308111e+22 3.422054e+35
1.000000e+13 5.325296e+22 5.325296e+35
1.258925e+13 6.565185e+22 8.265078e+35
1.584893e+13 8.070028e+22 1.279013e+36
1.995262e+13 9.887444e+22 1.972804e+36
2.511886e+13 1.206911e+23 3.031622e+36
3.162278e+13 1.467005e+23 4.639078e+36
3.981072e+13 1.775024e+23 7.066499e+36
5.011872e+13 2.137374e+23 1.071224e+37
6.309573e+13 2.560516e+23 1.615576e+37
7.943282e+13 3.050632e+23 2.423203e+37
1.000000e+14 3.613097e+23 3.613097e+37
1.258925e+14 4.251671e+23 5.352537e+37
1.584893e+14 4.967323e+23 7.872677e+37
1.995262e+14 5.756683e+23 1.148609e+38
2.511886e+14 6.610573e+23 1.660501e+38
3.162278e+14 7.513613e+23 2.376013e+38
3.981072e+14 8.445570e+23 3.362242e+38
5.011872e+14 9.384058e+23 4.703170e+38
6.309573e+14 1.030727e+24 6.503448e+38
7.943282e+14 1.119574e+24 8.893091e+38
1.000000e+15 1.203291e+24 1.203291e+39
1.258925e+15 1.280492e+24 1.612044e+39
1.584893e+15 1.349995e+24 2.139598e+39
1.995262e+15 1.410757e+24 2.814830e+39
2.511886e+15 1.461842e+24 3.671981e+39
3.162278e+15 1.502347e+24 4.750839e+39
3.981072e+15 1.531447e+24 6.096800e+39
5.011872e+15 1.548403e+24 7.760398e+39
6.309573e+15 1.552617e+24 9.796349e+39
7.943282e+15 1.543660e+24 1.226173e+40
1.000000e+16 1.521385e+24 1.521385e+40
1.258925e+16 1.485990e+24 1.870751e+40
1.584893e+16 1.438092e+24 2.279222e+40
1.995262e+16 1.378766e+24 2.751000e+40
2.511886e+16 1.309554e+24 3.289452e+40
3.162278e+16 1.232407e+24 3.897213e+40
3.981072e+16 1.149579e+24 4.576556e+40
5.011872e+16 1.063438e+24 5.329817e+40
6.309573e+16 9.762780e+23 6.159898e+40
7.943282e+16 8.901378e+23 7.070616e+40
1.000000e+17 8.066749e+23 8.066749e+40
1.258925e+17 7.271161e+23 9.153850e+40
1.584893e+17 6.522841e+23 1.033801e+41
1.995262e+17 5.826446e+23 1.162529e+41
2.511886e+17 5.184107e+23 1.302189e+41
3.162278e+17 4.595984e+23 1.453378e+41
3.981072e+17 4.060832e+23 1.616646e+41
5.011872e+17 3.576384e+23 1.792438e+41
6.309573e+17 3.139864e+23 1.981120e+41
7.943282e+17 2.748156e+23 2.182938e+41
1.000000e+18 2.397966e+23 2.397966e+41
1.258925e+18 2.085959e+23 2.626067e+41
1.584893e+18 1.808840e+23 2.866818e+41
1.995262e+18 1.563423e+23 3.119439e+41
2.511886e+18 1.346696e+23 3.382746e+41
3.162278e+18 1.155840e+23 3.655086e+41
3.981072e+18 9.882400e+22 3.934254e+41
5.011872e+18 8.415004e+22 4.217493e+41
6.309573e+18 7.134482e+22 4.501554e+41
7.943282e+18 6.020821e+22 4.782508e+41
1.000000e+19 5.056133e+22 5.056133e+41
1.258925e+19 4.224294e+22 5.318071e+41
1.584893e+19 3.510713e+22 5.564105e+41
1.995262e+19 2.902118e+22 5.790487e+41
2.511886e+19 2.386404e+22 5.994375e+41
3.162278e+19 1.952417e+22 6.174086e+41
3.981072e+19 1.589857e+22 6.329333e+41
5.011872e+19 1.289146e+22 6.461034e+41
6.309573e+19 1.041415e+22 6.570883e+41
7.943282e+19 8.385486e+21 6.660828e+41
1.000000e+20 6.732566e+21 6.732566e+41
1.258925e+20 5.390835e+21 6.786659e+41
1.584893e+20 4.304859e+21 6.822742e+41
1.995262e+20 3.427939e+21 6.839638e+41
2.511886e+20 2.721300e+21 6.835597e+41
3.162278e+20 2.153041e+21 6.808514e+41
3.981072e+20 1.697101e+21 6.756283e+41
5.011872e+20 1.332193e+21 6.676779e+41
6.309573e+20 1.040963e+21 6.568031e+41
7.943282e+20 8.092270e+20 6.427919e+41
1.000000e+21 6.254665e+20 6.254665e+41
1.258925e+21 4.803157e+20 6.046816e+41
1.584893e+21 3.661648e+20 5.803321e+41
1.995262e+21 2.768463e+20 5.523810e+41
2.511886e+21 2.073628e+20 5.208719e+41
3.162278e+21 1.536712e+20 4.859510e+41
3.981072e+21 1.125046e+20 4.478891e+41
5.011872e+21 8.122498e+19 4.070892e+41
6.309573e+21 5.770800e+19 3.641129e+41
7.943282e+21 4.024809e+19 3.197019e+41
1.000000e+22 2.747557e+19 2.747557e+41
1.258925e+22 1.829335e+19 2.302996e+41
1.584893e+22 1.182915e+19 1.874795e+41
1.995262e+22 7.391365e+18 1.474771e+41
2.511886e+22 4.435387e+18 1.114119e+41
3.162278e+22 2.536995e+18 8.022681e+40
3.981072e+22 1.370595e+18 5.456439e+40
5.011872e+22 6.915026e+17 3.465723e+40
6.309573e+22 3.212933e+17 2.027224e+40
7.943282e+22 1.350906e+17 1.073063e+40
1.000000e+23 5.027307e+16 5.027307e+39
1.258925e+23 1.614031e+16 2.031944e+39
1.584893e+23 4.312851e+15 6.835408e+38
1.995262e+23 9.157033e+14 1.827068e+38
2.511886e+23 1.451101e+14 3.645000e+37
3.162278e+23 1.561977e+13 4.939406e+36
3.981072e+23 1.011103e+12 4.025272e+35
5.011872e+23 3.320045e+10 1.663964e+34
6.309573e+23 4.438874e+08 2.800740e+32
7.943282e+23 2.412133e+06 1.916026e+30
1.000000e+24 3.588193e+03 3.588193e+27
1.258925e+24 9.162246e-01 1.153458e+24
1.584893e+24 2.159842e-05 3.423118e+19
1.995262e+24 4.646396e-12 9.270779e+12
2.511886e+24 2.143064e-25 5.383134e-01
3.162278e+24 7.690898e-38 2.432075e-13
3.981072e+24 6.145552e-67 2.446588e-42
5.011872e+24 2.147914e-146 1.076507e-121
6.309573e+24 0.000000e+00 0.000000e+00
7.943282e+24 0.000000e+00 0.000000e+00
1.000000e+25 0.000000e+00 0.000000e+00
1.258925e+25 0.000000e+00 0.000000e+00
1.584893e+25 0.000000e+00 0.000000e+00
1.995262e+25 0.000000e+00 0.000000e+00
2.511886e+25 0.000000e+00 0.000000e+00
3.162278e+25 0.000000e+00 0.000000e+00
3.981072e+25 0.000000e+00 0.000000e+00
5.011872e+25 0.000000e+00 0.000000e+00
6.309573e+25 0.000000e+00 0.000000e+00
7.943282e+25 0.000000e+00 0.000000e+00
1.000000e+26 0.000000e+00 0.000000e+00
1.258925e+26 0.000000e+00 0.000000e+00
1.584893e+26 0.000000e+00 0.000000e+00
1.995262e+26 0.000000e+00 0.000000e+00
2.511886e+26 0.000000e+00 0.000000e+00
3.162278e+26 0.000000e+00 0.000000e+00
3.981072e+26 0.000000e+00 0.000000e+00
5.011872e+26 0.000000e+00 0.000000e+00
6.309573e+26 0.000000e+00 0.000000e+00
7.943282e+26 0.000000e+00 0.000000e+00
1.000000e+27 0.000000e+00 0.000000e+00
1.258925e+27 0.000000e+00 0.000000e+00
1.584893e+27 0.000000e+00 0.000000e+00
1.995262e+27 0.000000e+00 0.000000e+00
2.511886e+27 0.000000e+00 0.000000e+00
3.162278e+27 0.000000e+00 0.000000e+00
3.981072e+27 0.000000e+00 0.000000e+00
5.011872e+27 0.000000e+00 0.000000e+00
6.309573e+27 0.000000e+00 0.000000e+00
7.943282e+27 0.000000e+00 0.000000e+00
