1.000000e+08 1.640628e+15 1.640628e+23
1.258925e+08 2.065400e+15 2.600185e+23
1.584893e+08 5.869409e+15 9.302386e+23
1.995262e+08 1.256369e+16 2.506785e+24
2.511886e+08 2.400671e+16 6.030213e+24
3.162278e+08 4.318461e+16 1.365617e+25
3.981072e+08 7.487925e+16 2.980996e+25
5.011872e+08 1.267277e+17 6.351428e+25
6.309573e+08 2.109003e+17 1.330691e+26
7.943282e+08 3.467559e+17 2.754380e+26
1.000000e+09 5.650346e+17 5.650346e+26
1.258925e+09 9.144551e+17 1.151231e+27
1.584893e+09 1.471986e+18 2.332940e+27
1.995262e+09 2.357825e+18 4.704480e+27
2.511886e+09 3.752086e+18 9.424815e+27
3.162278e+09 5.902166e+18 1.866429e+28
3.981072e+09 9.112451e+18 3.627732e+28
5.011872e+09 1.372775e+19 6.880173e+28
6.309573e+09 2.013125e+19 1.270196e+29
7.943282e+09 2.876378e+19 2.284788e+29
1.000000e+10 4.015729e+19 4.015729e+29
1.258925e+10 5.497439e+19 6.920865e+29
1.584893e+10 7.405141e+19 1.173636e+30
1.995262e+10 9.844663e+19 1.964269e+30
2.511886e+10 1.294972e+20 3.252822e+30
3.162278e+10 1.688886e+20 5.340727e+30
3.981072e+10 2.187415e+20 8.708256e+30
5.011872e+10 2.817201e+20 1.411945e+31
6.309573e+10 3.611684e+20 2.278819e+31
7.943282e+10 4.612822e+20 3.664095e+31
1.000000e+11 5.873238e+20 5.873238e+31
1.258925e+11 7.458937e+20 9.390246e+31
1.584893e+11 9.452711e+20 1.498154e+32
1.995262e+11 1.195842e+21 2.386019e+32
2.511886e+11 1.510638e+21 3.794551e+32
3.162278e+11 1.906008e+21 6.027325e+32
3.981072e+11 2.402458e+21 9.564358e+32
5.011872e+11 3.025696e+21 1.516440e+33
6.309573e+11 3.807915e+21 2.402632e+33
7.943282e+11 4.789379e+21 3.804339e+33
1.000000e+12 6.020359e+21 6.020359e+33
1.258925e+12 7.563498e+21 9.521880e+33
1.584893e+12 9.496700e+21 1.505126e+34
1.995262e+12 1.191662e+22 2.377678e+34
2.511886e+12 1.494287e+22 3.753478e+34
3.162278e+12 1.872306e+22 5.920753e+34
3.981072e+12 2.343880e+22 9.331155e+34
5.011872e+12 2.931265e+22 1.469112e+35
6.309573e+12 3.661629e+22 2.310332e+35
7.943282e+12 4.567990e+22 3.628484e+35
1.000000e+13 5.690260e+22 5.690260e+35
1.258925e+13 7.076403e+22 8.908663e+35
1.584893e+13 8.783635e+22 1.392112e+36
1.995262e+13 1.087955e+23 2.170755e+36
2.511886e+13 1.344282e+23 3.376685e+36
3.162278e+13 1.656417e+23 5.238052e+36
3.981072e+13 2.034809e+23 8.100719e+36
5.011872e+13 2.491348e+23 1.248632e+37
6.309573e+13 3.039305e+23 1.917672e+37
7.943282e+13 3.693239e+23 2.933644e+37
1.000000e+14 4.468802e+23 4.468802e+37
1.258925e+14 5.382418e+23 6.776063e+37
1.584893e+14 6.450749e+23 1.022375e+38
1.995262e+14 7.689884e+23 1.534334e+38
2.511886e+14 9.114053e+23 2.289347e+38
3.162278e+14 1.073367e+24 3.394286e+38
3.981072e+14 1.255242e+24 4.997210e+38
5.011872e+14 1.456335e+24 7.298964e+38
6.309573e+14 1.674497e+24 1.056536e+39
7.943282e+14 1.905968e+24 1.513964e+39
1.000000e+15 2.145660e+24 2.145660e+39
1.258925e+15 2.387824e+24 3.006092e+39
1.584893e+15 2.626777e+24 4.163160e+39
1.995262e+15 2.857396e+24 5.701254e+39
2.511886e+15 3.075330e+24 7.724879e+39
3.162278e+15 3.276907e+24 1.036249e+40
3.981072e+15 3.459021e+24 1.377061e+40
5.011872e+15 3.618949e+24 1.813771e+40
6.309573e+15 3.754227e+24 2.368757e+40
7.943282e+15 3.862520e+24 3.068109e+40
1.000000e+16 3.941670e+24 3.941670e+40
1.258925e+16 3.989729e+24 5.022771e+40
1.584893e+16 4.005070e+24 6.347608e+40
1.995262e+16 3.986543e+24 7.954199e+40
2.511886e+16 3.933666e+24 9.880922e+40
3.162278e+16 3.846821e+24 1.216472e+41
3.981072e+16 3.727458e+24 1.483928e+41
5.011872e+16 3.578185e+24 1.793341e+41
6.309573e+16 3.402814e+24 2.147031e+41
7.943282e+16 3.206253e+24 2.546817e+41
1.000000e+17 2.994222e+24 2.994222e+41
1.258925e+17 2.772835e+24 3.490793e+41
1.584893e+17 2.548100e+24 4.038467e+41
1.995262e+17 2.325340e+24 4.639662e+41
2.511886e+17 2.108979e+24 5.297515e+41
3.162278e+17 1.902350e+24 6.015758e+41
3.981072e+17 1.707686e+24 6.798420e+41
5.011872e+17 1.526278e+24 7.649511e+41
6.309573e+17 1.358740e+24 8.573070e+41
7.943282e+17 1.205170e+24 9.573002e+41
1.000000e+18 1.065292e+24 1.065292e+42
1.258925e+18 9.385809e+23 1.181603e+42
1.584893e+18 8.243433e+23 1.306496e+42
1.995262e+18 7.217836e+23 1.440148e+42
2.511886e+18 6.300574e+23 1.582633e+42
3.162278e+18 5.483050e+23 1.733893e+42
3.981072e+18 4.756694e+23 1.893674e+42
5.011872e+18 4.113232e+23 2.061500e+42
6.309573e+18 3.544866e+23 2.236659e+42
7.943282e+18 3.044130e+23 2.418038e+42
1.000000e+19 2.604198e+23 2.604198e+42
1.258925e+19 2.218822e+23 2.793331e+42
1.584893e+19 1.882305e+23 2.983252e+42
1.995262e+19 1.589474e+23 3.171418e+42
2.511886e+19 1.335666e+23 3.355042e+42
3.162278e+19 1.116666e+23 3.531208e+42
3.981072e+19 9.286714e+22 3.697108e+42
5.011872e+19 7.682170e+22 3.850206e+42
6.309573e+19 6.321330e+22 3.988490e+42
7.943282e+19 5.175090e+22 4.110720e+42
1.000000e+20 4.216632e+22 4.216632e+42
1.258925e+20 3.420903e+22 4.306661e+42
1.584893e+20 2.764789e+22 4.381895e+42
1.995262e+20 2.227111e+22 4.443670e+42
2.511886e+20 1.788730e+22 4.493087e+42
3.162278e+20 1.432709e+22 4.530625e+42
3.981072e+20 1.144456e+22 4.556163e+42
5.011872e+20 9.116242e+21 4.568944e+42
6.309573e+20 7.239641e+21 4.567905e+42
7.943282e+20 5.730151e+21 4.551621e+42
1.000000e+21 4.518688e+21 4.518688e+42
1.258925e+21 3.548792e+21 4.467664e+42
1.584893e+21 2.774362e+21 4.397068e+42
1.995262e+21 2.157889e+21 4.305555e+42
2.511886e+21 1.668832e+21 4.191918e+42
3.162278e+21 1.282355e+21 4.055162e+42
3.981072e+21 9.782834e+20 3.894616e+42
5.011872e+21 7.402336e+20 3.709956e+42
6.309573e+21 5.549305e+20 3.501375e+42
7.943282e+21 4.116476e+20 3.269833e+42
1.000000e+22 3.017007e+20 3.017007e+42
1.258925e+22 2.180759e+20 2.745413e+42
1.584893e+22 1.551345e+20 2.458715e+42
1.995262e+22 1.083426e+20 2.161719e+42
2.511886e+22 7.406131e+19 1.860336e+42
3.162278e+22 4.937884e+19 1.561496e+42
3.981072e+22 3.197475e+19 1.272938e+42
5.011872e+22 2.000416e+19 1.002583e+42
6.309573e+22 1.201484e+19 7.580853e+41
7.943282e+22 6.873842e+18 5.460086e+41
1.000000e+23 3.709726e+18 3.709726e+41
1.258925e+23 1.867318e+18 2.350814e+41
1.584893e+23 8.633552e+17 1.368326e+41
1.995262e+23 3.597545e+17 7.178045e+40
2.511886e+23 1.316917e+17 3.307945e+40
3.162278e+23 4.089566e+16 1.293234e+40
3.981072e+23 1.030326e+16 4.101802e+39
5.011872e+23 1.999320e+15 1.002034e+39
6.309573e+23 2.821924e+14 1.780514e+38
7.943282e+23 2.612727e+13 2.075363e+37
1.000000e+24 1.432687e+12 1.432687e+36
1.258925e+24 3.620153e+10 4.557503e+34
1.584893e+24 2.907396e+08 4.607912e+32
1.995262e+24 1.218204e+05 2.430637e+29
2.511886e+24 5.602718e+00 1.407339e+25
3.162278e+24 4.993813e-06 1.579182e+19
3.981072e+24 6.143428e-17 2.445743e+08
5.011872e+24 2.780979e-47 1.393791e-22
6.309573e+24 4.107186e-142 2.591459e-117
7.943282e+24 0.000000e+00 0.000000e+00
1.000000e+25 0.000000e+00 0.000000e+00
1.258925e+25 0.000000e+00 0.000000e+00
1.584893e+25 0.000000e+00 0.000000e+00
1.995262e+25 0.000000e+00 0.000000e+00
2.511886e+25 0.000000e+00 0.000000e+00
3.162278e+25 0.000000e+00 0.000000e+00
3.981072e+25 0.000000e+00 0.000000e+00
5.011872e+25 0.000000e+00 0.000000e+00
6.309573e+25 0.000000e+00 0.000000e+00
7.943282e+25 0.000000e+00 0.000000e+00
1.000000e+26 0.000000e+00 0.000000e+00
1.258925e+26 0.000000e+00 0.000000e+00
1.584893e+26 0.000000e+00 0.000000e+00
1.995262e+26 0.000000e+00 0.000000e+00
2.511886e+26 0.000000e+00 0.000000e+00
3.162278e+26 0.000000e+00 0.000000e+00
3.981072e+26 0.000000e+00 0.000000e+00
5.011872e+26 0.000000e+00 0.000000e+00
6.309573e+26 0.000000e+00 0.000000e+00
7.943282e+26 0.000000e+00 0.000000e+00
1.000000e+27 0.000000e+00 0.000000e+00
1.258925e+27 0.000000e+00 0.000000e+00
1.584893e+27 0.000000e+00 0.000000e+00
1.995262e+27 0.000000e+00 0.000000e+00
2.511886e+27 0.000000e+00 0.000000e+00
3.162278e+27 0.000000e+00 0.000000e+00
3.981072e+27 0.000000e+00 0.000000e+00
5.011872e+27 0.000000e+00 0.000000e+00
6.309573e+27 0.000000e+00 0.000000e+00
7.943282e+27 0.000000e+00 0.000000e+00
