1.000000e+08 1.084847e+28 1.084847e+36
1.258925e+08 1.719094e+28 2.164211e+36
1.584893e+08 2.724033e+28 4.317301e+36
1.995262e+08 4.316200e+28 8.611952e+36
2.511886e+08 6.838489e+28 1.717751e+37
3.162278e+08 1.083372e+29 3.425924e+37
3.981072e+08 1.716081e+29 6.831843e+37
5.011872e+08 2.717774e+29 1.362113e+38
6.309573e+08 4.302825e+29 2.714899e+38
7.943282e+08 6.808632e+29 5.408289e+38
1.000000e+09 1.076139e+30 1.076139e+39
1.258925e+09 1.693610e+30 2.132129e+39
1.584893e+09 2.621178e+30 4.154287e+39
1.995262e+09 3.898477e+30 7.778484e+39
2.511886e+09 5.462408e+30 1.372095e+40
3.162278e+09 7.171042e+30 2.267683e+40
3.981072e+09 8.878302e+30 3.534516e+40
5.011872e+09 1.048594e+31 5.255421e+40
6.309573e+09 1.195108e+31 7.540621e+40
7.943282e+09 1.326927e+31 1.054015e+41
1.000000e+10 1.445436e+31 1.445436e+41
1.258925e+10 1.552406e+31 1.954363e+41
1.584893e+10 1.649174e+31 2.613764e+41
1.995262e+10 1.736267e+31 3.464308e+41
2.511886e+10 1.813263e+31 4.554711e+41
3.162278e+10 1.878767e+31 5.941184e+41
3.981072e+10 1.930460e+31 7.685301e+41
5.011872e+10 1.965212e+31 9.849390e+41
6.309573e+10 1.979296e+31 1.248851e+42
7.943282e+10 1.968754e+31 1.563837e+42
1.000000e+11 1.929957e+31 1.929957e+42
1.258925e+11 1.860376e+31 2.342075e+42
1.584893e+11 1.759515e+31 2.788643e+42
1.995262e+11 1.629792e+31 3.251862e+42
2.511886e+11 1.477046e+31 3.710172e+42
3.162278e+11 1.310244e+31 4.143354e+42
3.981072e+11 1.140145e+31 4.539000e+42
5.011872e+11 9.770557e+30 4.896879e+42
6.309573e+11 8.286625e+30 5.228507e+42
7.943282e+11 6.987889e+30 5.550677e+42
1.000000e+12 5.877834e+30 5.877834e+42
1.258925e+12 4.939339e+30 6.218260e+42
1.584893e+12 4.148629e+30 6.575134e+42
1.995262e+12 3.482842e+30 6.949183e+42
2.511886e+12 2.922206e+30 7.340250e+42
3.162278e+12 2.450029e+30 7.747672e+42
3.981072e+12 2.052263e+30 8.170205e+42
5.011872e+12 1.717089e+30 8.605830e+42
6.309573e+12 1.434567e+30 9.051504e+42
7.943282e+12 1.196336e+30 9.502838e+42
1.000000e+13 9.953699e+29 9.953699e+42
1.258925e+13 8.257623e+29 1.039573e+43
1.584893e+13 6.825563e+29 1.081779e+43
1.995262e+13 5.615959e+29 1.120531e+43
2.511886e+13 4.594033e+29 1.153969e+43
3.162278e+13 3.730762e+29 1.179770e+43
3.981072e+13 3.002026e+29 1.195128e+43
5.011872e+13 2.387880e+29 1.196775e+43
6.309573e+13 1.871942e+29 1.181116e+43
7.943282e+13 1.440848e+29 1.144506e+43
1.000000e+14 1.083752e+29 1.083752e+43
1.258925e+14 7.918361e+28 9.968626e+42
1.584893e+14 5.577888e+28 8.840357e+42
1.995262e+14 3.752531e+28 7.487283e+42
2.511886e+14 2.382458e+28 5.984464e+42
3.162278e+14 1.406242e+28 4.446926e+42
3.981072e+14 7.572322e+27 3.014596e+42
5.011872e+14 3.632540e+27 1.820583e+42
6.309573e+14 1.506639e+27 9.506250e+41
7.943282e+14 5.203144e+26 4.133004e+41
1.000000e+15 1.426871e+26 1.426871e+41
1.258925e+15 2.927101e+25 3.685001e+40
1.584893e+15 4.166612e+24 6.603635e+39
1.995262e+15 3.743928e+23 7.470119e+38
2.511886e+15 1.885113e+22 4.735190e+37
3.162278e+15 4.578088e+20 1.447718e+36
3.981072e+15 4.439923e+18 1.767565e+34
5.011872e+15 1.355781e+16 6.794999e+31
6.309573e+15 9.664451e+12 6.097856e+28
7.943282e+15 1.103425e+09 8.764819e+24
1.000000e+16 1.255832e+04 1.255832e+20
1.258925e+16 7.842624e-03 9.873279e+13
1.584893e+16 1.267401e-10 2.008695e+06
1.995262e+16 2.057475e-20 4.105203e-04
2.511886e+16 1.019099e-32 2.559862e-16
3.162278e+16 3.430857e-48 1.084932e-31
3.981072e+16 1.180808e-67 4.700882e-51
5.011872e+16 3.805271e-92 1.907153e-75
6.309573e+16 5.643939e-123 3.561085e-106
7.943282e+16 8.695548e-162 6.907120e-145
1.000000e+17 1.182919e-210 1.182919e-193
1.258925e+17 0.000000e+00 0.000000e+00
1.584893e+17 0.000000e+00 0.000000e+00
1.995262e+17 0.000000e+00 0.000000e+00
2.511886e+17 0.000000e+00 0.000000e+00
3.162278e+17 0.000000e+00 0.000000e+00
3.981072e+17 0.000000e+00 0.000000e+00
5.011872e+17 0.000000e+00 0.000000e+00
6.309573e+17 0.000000e+00 0.000000e+00
7.943282e+17 0.000000e+00 0.000000e+00
1.000000e+18 0.000000e+00 0.000000e+00
1.258925e+18 0.000000e+00 0.000000e+00
1.584893e+18 0.000000e+00 0.000000e+00
1.995262e+18 0.000000e+00 0.000000e+00
2.511886e+18 0.000000e+00 0.000000e+00
3.162278e+18 0.000000e+00 0.000000e+00
3.981072e+18 0.000000e+00 0.000000e+00
5.011872e+18 0.000000e+00 0.000000e+00
6.309573e+18 0.000000e+00 0.000000e+00
7.943282e+18 0.000000e+00 0.000000e+00
1.000000e+19 0.000000e+00 0.000000e+00
1.258925e+19 0.000000e+00 0.000000e+00
1.584893e+19 0.000000e+00 0.000000e+00
1.995262e+19 0.000000e+00 0.000000e+00
2.511886e+19 0.000000e+00 0.000000e+00
3.162278e+19 0.000000e+00 0.000000e+00
3.981072e+19 0.000000e+00 0.000000e+00
5.011872e+19 0.000000e+00 0.000000e+00
6.309573e+19 0.000000e+00 0.000000e+00
7.943282e+19 0.000000e+00 0.000000e+00
1.000000e+20 0.000000e+00 0.000000e+00
1.258925e+20 0.000000e+00 0.000000e+00
1.584893e+20 0.000000e+00 0.000000e+00
1.995262e+20 0.000000e+00 0.000000e+00
2.511886e+20 0.000000e+00 0.000000e+00
3.162278e+20 0.000000e+00 0.000000e+00
3.981072e+20 0.000000e+00 0.000000e+00
5.011872e+20 0.000000e+00 0.000000e+00
6.309573e+20 0.000000e+00 0.000000e+00
7.943282e+20 0.000000e+00 0.000000e+00
1.000000e+21 0.000000e+00 0.000000e+00
1.258925e+21 0.000000e+00 0.000000e+00
1.584893e+21 0.000000e+00 0.000000e+00
1.995262e+21 0.000000e+00 0.000000e+00
2.511886e+21 0.000000e+00 0.000000e+00
3.162278e+21 0.000000e+00 0.000000e+00
3.981072e+21 0.000000e+00 0.000000e+00
5.011872e+21 0.000000e+00 0.000000e+00
6.309573e+21 0.000000e+00 0.000000e+00
7.943282e+21 0.000000e+00 0.000000e+00
1.000000e+22 0.000000e+00 0.000000e+00
1.258925e+22 0.000000e+00 0.000000e+00
1.584893e+22 0.000000e+00 0.000000e+00
1.995262e+22 0.000000e+00 0.000000e+00
2.511886e+22 0.000000e+00 0.000000e+00
3.162278e+22 0.000000e+00 0.000000e+00
3.981072e+22 0.000000e+00 0.000000e+00
5.011872e+22 0.000000e+00 0.000000e+00
6.309573e+22 0.000000e+00 0.000000e+00
7.943282e+22 0.000000e+00 0.000000e+00
1.000000e+23 0.000000e+00 0.000000e+00
1.258925e+23 0.000000e+00 0.000000e+00
1.584893e+23 0.000000e+00 0.000000e+00
1.995262e+23 0.000000e+00 0.000000e+00
2.511886e+23 0.000000e+00 0.000000e+00
3.162278e+23 0.000000e+00 0.000000e+00
3.981072e+23 0.000000e+00 0.000000e+00
5.011872e+23 0.000000e+00 0.000000e+00
6.309573e+23 0.000000e+00 0.000000e+00
7.943282e+23 0.000000e+00 0.000000e+00
1.000000e+24 0.000000e+00 0.000000e+00
1.258925e+24 0.000000e+00 0.000000e+00
1.584893e+24 0.000000e+00 0.000000e+00
1.995262e+24 0.000000e+00 0.000000e+00
2.511886e+24 0.000000e+00 0.000000e+00
3.162278e+24 0.000000e+00 0.000000e+00
3.981072e+24 0.000000e+00 0.000000e+00
5.011872e+24 0.000000e+00 0.000000e+00
6.309573e+24 0.000000e+00 0.000000e+00
7.943282e+24 0.000000e+00 0.000000e+00
1.000000e+25 0.000000e+00 0.000000e+00
1.258925e+25 0.000000e+00 0.000000e+00
1.584893e+25 0.000000e+00 0.000000e+00
1.995262e+25 0.000000e+00 0.000000e+00
2.511886e+25 0.000000e+00 0.000000e+00
3.162278e+25 0.000000e+00 0.000000e+00
3.981072e+25 0.000000e+00 0.000000e+00
5.011872e+25 0.000000e+00 0.000000e+00
6.309573e+25 0.000000e+00 0.000000e+00
7.943282e+25 0.000000e+00 0.000000e+00
1.000000e+26 0.000000e+00 0.000000e+00
1.258925e+26 0.000000e+00 0.000000e+00
1.584893e+26 0.000000e+00 0.000000e+00
1.995262e+26 0.000000e+00 0.000000e+00
2.511886e+26 0.000000e+00 0.000000e+00
3.162278e+26 0.000000e+00 0.000000e+00
3.981072e+26 0.000000e+00 0.000000e+00
5.011872e+26 0.000000e+00 0.000000e+00
6.309573e+26 0.000000e+00 0.000000e+00
7.943282e+26 0.000000e+00 0.000000e+00
1.000000e+27 0.000000e+00 0.000000e+00
1.258925e+27 0.000000e+00 0.000000e+00
1.584893e+27 0.000000e+00 0.000000e+00
1.995262e+27 0.000000e+00 0.000000e+00
2.511886e+27 0.000000e+00 0.000000e+00
3.162278e+27 0.000000e+00 0.000000e+00
3.981072e+27 0.000000e+00 0.000000e+00
5.011872e+27 0.000000e+00 0.000000e+00
6.309573e+27 0.000000e+00 0.000000e+00
7.943282e+27 0.000000e+00 0.000000e+00
