1.000000e+08 2.980507e+29 2.980507e+37
1.258925e+08 4.718391e+29 5.940102e+37
1.584893e+08 7.465042e+29 1.183129e+38
1.995262e+08 1.179377e+30 2.353167e+38
2.511886e+08 1.852501e+30 4.653273e+38
3.162278e+08 2.849994e+30 9.012472e+38
3.981072e+08 4.193345e+30 1.669401e+39
5.011872e+08 5.798961e+30 2.906365e+39
6.309573e+08 7.517948e+30 4.743504e+39
7.943282e+08 9.211184e+30 7.316703e+39
1.000000e+09 1.079211e+31 1.079211e+40
1.258925e+09 1.222724e+31 1.539319e+40
1.584893e+09 1.351731e+31 2.142349e+40
1.995262e+09 1.467787e+31 2.928620e+40
2.511886e+09 1.572624e+31 3.950252e+40
3.162278e+09 1.667436e+31 5.272895e+40
3.981072e+09 1.752567e+31 6.977095e+40
5.011872e+09 1.827399e+31 9.158689e+40
6.309573e+09 1.890344e+31 1.192727e+41
7.943282e+09 1.938910e+31 1.540131e+41
1.000000e+10 1.969824e+31 1.969824e+41
1.258925e+10 1.979281e+31 2.491767e+41
1.584893e+10 1.963334e+31 3.111675e+41
1.995262e+10 1.918508e+31 3.827926e+41
2.511886e+10 1.842604e+31 4.628413e+41
3.162278e+10 1.735648e+31 5.488600e+41
3.981072e+10 1.600722e+31 6.372590e+41
5.011872e+10 1.444352e+31 7.238907e+41
6.309573e+10 1.276001e+31 8.051022e+41
7.943282e+10 1.106513e+31 8.789347e+41
1.000000e+11 9.459015e+30 9.459015e+41
1.258925e+11 8.010464e+30 1.008458e+42
1.584893e+11 6.750228e+30 1.069839e+42
1.995262e+11 5.676374e+30 1.132586e+42
2.511886e+11 4.769495e+30 1.198043e+42
3.162278e+11 4.005611e+30 1.266685e+42
3.981072e+11 3.362418e+30 1.338603e+42
5.011872e+11 2.820791e+30 1.413745e+42
6.309573e+11 2.364604e+30 1.491964e+42
7.943282e+11 1.980288e+30 1.572999e+42
1.000000e+12 1.656429e+30 1.656429e+42
1.258925e+12 1.383424e+30 1.741628e+42
1.584893e+12 1.153201e+30 1.827701e+42
1.995262e+12 9.589718e+29 1.913400e+42
2.511886e+12 7.950352e+29 1.997038e+42
3.162278e+12 6.566058e+29 2.076370e+42
3.981072e+12 5.396728e+29 2.148476e+42
5.011872e+12 4.408815e+29 2.209642e+42
6.309573e+12 3.574348e+29 2.255261e+42
7.943282e+12 2.870097e+29 2.279799e+42
1.000000e+13 2.276880e+29 2.276880e+42
1.258925e+13 1.778961e+29 2.239579e+42
1.584893e+13 1.363522e+29 2.161037e+42
1.995262e+13 1.020165e+29 2.035496e+42
2.511886e+13 7.404151e+28 1.859839e+42
3.162278e+13 5.172001e+28 1.635530e+42
3.981072e+13 3.442837e+28 1.370618e+42
5.011872e+13 2.156903e+28 1.081012e+42
6.309573e+13 1.251930e+28 7.899146e+41
7.943282e+13 6.600515e+27 5.242975e+41
1.000000e+14 3.083280e+27 3.083280e+41
1.258925e+14 1.236733e+27 1.556955e+41
1.584893e+14 4.094804e+26 6.489827e+40
1.995262e+14 1.064914e+26 2.124782e+40
2.511886e+14 2.043453e+25 5.132921e+39
3.162278e+14 2.674224e+24 8.456639e+38
3.981072e+14 2.161604e+23 8.605499e+37
5.011872e+14 9.526162e+21 4.774391e+36
6.309573e+14 1.956200e+20 1.234279e+35
7.943282e+14 1.535995e+18 1.220085e+33
1.000000e+15 3.595357e+15 3.595357e+30
1.258925e+15 1.833885e+12 2.308724e+27
1.584893e+15 1.373862e+08 2.177425e+23
1.995262e+15 9.199309e+02 1.835504e+18
2.511886e+15 2.946171e-04 7.400446e+11
3.162278e+15 2.053936e-12 6.495116e+03
3.981072e+15 1.156994e-22 4.606076e-07
5.011872e+15 1.511574e-35 7.575816e-20
6.309573e+15 9.498149e-52 5.992927e-36
7.943282e+15 3.943574e-72 3.132492e-56
1.000000e+16 8.841099e-98 8.841099e-82
1.258925e+16 4.561592e-130 5.742704e-114
1.584893e+16 1.022573e-170 1.620668e-154
1.995262e+16 6.762581e-222 1.349312e-205
2.511886e+16 0.000000e+00 0.000000e+00
3.162278e+16 0.000000e+00 0.000000e+00
3.981072e+16 0.000000e+00 0.000000e+00
5.011872e+16 0.000000e+00 0.000000e+00
6.309573e+16 0.000000e+00 0.000000e+00
7.943282e+16 0.000000e+00 0.000000e+00
1.000000e+17 0.000000e+00 0.000000e+00
1.258925e+17 0.000000e+00 0.000000e+00
1.584893e+17 0.000000e+00 0.000000e+00
1.995262e+17 0.000000e+00 0.000000e+00
2.511886e+17 0.000000e+00 0.000000e+00
3.162278e+17 0.000000e+00 0.000000e+00
3.981072e+17 0.000000e+00 0.000000e+00
5.011872e+17 0.000000e+00 0.000000e+00
6.309573e+17 0.000000e+00 0.000000e+00
7.943282e+17 0.000000e+00 0.000000e+00
1.000000e+18 0.000000e+00 0.000000e+00
1.258925e+18 0.000000e+00 0.000000e+00
1.584893e+18 0.000000e+00 0.000000e+00
1.995262e+18 0.000000e+00 0.000000e+00
2.511886e+18 0.000000e+00 0.000000e+00
3.162278e+18 0.000000e+00 0.000000e+00
3.981072e+18 0.000000e+00 0.000000e+00
5.011872e+18 0.000000e+00 0.000000e+00
6.309573e+18 0.000000e+00 0.000000e+00
7.943282e+18 0.000000e+00 0.000000e+00
1.000000e+19 0.000000e+00 0.000000e+00
1.258925e+19 0.000000e+00 0.000000e+00
1.584893e+19 0.000000e+00 0.000000e+00
1.995262e+19 0.000000e+00 0.000000e+00
2.511886e+19 0.000000e+00 0.000000e+00
3.162278e+19 0.000000e+00 0.000000e+00
3.981072e+19 0.000000e+00 0.000000e+00
5.011872e+19 0.000000e+00 0.000000e+00
6.309573e+19 0.000000e+00 0.000000e+00
7.943282e+19 0.000000e+00 0.000000e+00
1.000000e+20 0.000000e+00 0.000000e+00
1.258925e+20 0.000000e+00 0.000000e+00
1.584893e+20 0.000000e+00 0.000000e+00
1.995262e+20 0.000000e+00 0.000000e+00
2.511886e+20 0.000000e+00 0.000000e+00
3.162278e+20 0.000000e+00 0.000000e+00
3.981072e+20 0.000000e+00 0.000000e+00
5.011872e+20 0.000000e+00 0.000000e+00
6.309573e+20 0.000000e+00 0.000000e+00
7.943282e+20 0.000000e+00 0.000000e+00
1.000000e+21 0.000000e+00 0.000000e+00
1.258925e+21 0.000000e+00 0.000000e+00
1.584893e+21 0.000000e+00 0.000000e+00
1.995262e+21 0.000000e+00 0.000000e+00
2.511886e+21 0.000000e+00 0.000000e+00
3.162278e+21 0.000000e+00 0.000000e+00
3.981072e+21 0.000000e+00 0.000000e+00
5.011872e+21 0.000000e+00 0.000000e+00
6.309573e+21 0.000000e+00 0.000000e+00
7.943282e+21 0.000000e+00 0.000000e+00
1.000000e+22 0.000000e+00 0.000000e+00
1.258925e+22 0.000000e+00 0.000000e+00
1.584893e+22 0.000000e+00 0.000000e+00
1.995262e+22 0.000000e+00 0.000000e+00
2.511886e+22 0.000000e+00 0.000000e+00
3.162278e+22 0.000000e+00 0.000000e+00
3.981072e+22 0.000000e+00 0.000000e+00
5.011872e+22 0.000000e+00 0.000000e+00
6.309573e+22 0.000000e+00 0.000000e+00
7.943282e+22 0.000000e+00 0.000000e+00
1.000000e+23 0.000000e+00 0.000000e+00
1.258925e+23 0.000000e+00 0.000000e+00
1.584893e+23 0.000000e+00 0.000000e+00
1.995262e+23 0.000000e+00 0.000000e+00
2.511886e+23 0.000000e+00 0.000000e+00
3.162278e+23 0.000000e+00 0.000000e+00
3.981072e+23 0.000000e+00 0.000000e+00
5.011872e+23 0.000000e+00 0.000000e+00
6.309573e+23 0.000000e+00 0.000000e+00
7.943282e+23 0.000000e+00 0.000000e+00
1.000000e+24 0.000000e+00 0.000000e+00
1.258925e+24 0.000000e+00 0.000000e+00
1.584893e+24 0.000000e+00 0.000000e+00
1.995262e+24 0.000000e+00 0.000000e+00
2.511886e+24 0.000000e+00 0.000000e+00
3.162278e+24 0.000000e+00 0.000000e+00
3.981072e+24 0.000000e+00 0.000000e+00
5.011872e+24 0.000000e+00 0.000000e+00
6.309573e+24 0.000000e+00 0.000000e+00
7.943282e+24 0.000000e+00 0.000000e+00
1.000000e+25 0.000000e+00 0.000000e+00
1.258925e+25 0.000000e+00 0.000000e+00
1.584893e+25 0.000000e+00 0.000000e+00
1.995262e+25 0.000000e+00 0.000000e+00
2.511886e+25 0.000000e+00 0.000000e+00
3.162278e+25 0.000000e+00 0.000000e+00
3.981072e+25 0.000000e+00 0.000000e+00
5.011872e+25 0.000000e+00 0.000000e+00
6.309573e+25 0.000000e+00 0.000000e+00
7.943282e+25 0.000000e+00 0.000000e+00
1.000000e+26 0.000000e+00 0.000000e+00
1.258925e+26 0.000000e+00 0.000000e+00
1.584893e+26 0.000000e+00 0.000000e+00
1.995262e+26 0.000000e+00 0.000000e+00
2.511886e+26 0.000000e+00 0.000000e+00
3.162278e+26 0.000000e+00 0.000000e+00
3.981072e+26 0.000000e+00 0.000000e+00
5.011872e+26 0.000000e+00 0.000000e+00
6.309573e+26 0.000000e+00 0.000000e+00
7.943282e+26 0.000000e+00 0.000000e+00
1.000000e+27 0.000000e+00 0.000000e+00
1.258925e+27 0.000000e+00 0.000000e+00
1.584893e+27 0.000000e+00 0.000000e+00
1.995262e+27 0.000000e+00 0.000000e+00
2.511886e+27 0.000000e+00 0.000000e+00
3.162278e+27 0.000000e+00 0.000000e+00
3.981072e+27 0.000000e+00 0.000000e+00
5.011872e+27 0.000000e+00 0.000000e+00
6.309573e+27 0.000000e+00 0.000000e+00
7.943282e+27 0.000000e+00 0.000000e+00
