1.000000e+08 1.960864e+28 1.960864e+36
1.258925e+08 3.107092e+28 3.911597e+36
1.584893e+08 4.923063e+28 7.802529e+36
1.995262e+08 7.799801e+28 1.556265e+37
2.511886e+08 1.235625e+29 3.103750e+37
3.162278e+08 1.957159e+29 6.189080e+37
3.981072e+08 3.099342e+29 1.233870e+38
5.011872e+08 4.906325e+29 2.458988e+38
6.309573e+08 7.761806e+29 4.897369e+38
7.943282e+08 1.225987e+30 9.738358e+38
1.000000e+09 1.923800e+30 1.923800e+39
1.258925e+09 2.951283e+30 3.715445e+39
1.584893e+09 4.321605e+30 6.849283e+39
1.995262e+09 5.943001e+30 1.185785e+40
2.511886e+09 7.664619e+30 1.925265e+40
3.162278e+09 9.350836e+30 2.956994e+40
3.981072e+09 1.092003e+31 4.347343e+40
5.011872e+09 1.234247e+31 6.185890e+40
6.309573e+09 1.362082e+31 8.594158e+40
7.943282e+09 1.477121e+31 1.173319e+41
1.000000e+10 1.581069e+31 1.581069e+41
1.258925e+10 1.675057e+31 2.108772e+41
1.584893e+10 1.759350e+31 2.788382e+41
1.995262e+10 1.833245e+31 3.657806e+41
2.511886e+10 1.895077e+31 4.760218e+41
3.162278e+10 1.942278e+31 6.142021e+41
3.981072e+10 1.971520e+31 7.848763e+41
5.011872e+10 1.978967e+31 9.918330e+41
6.309573e+10 1.960687e+31 1.237110e+42
7.943282e+10 1.913277e+31 1.519770e+42
1.000000e+11 1.834693e+31 1.834693e+42
1.258925e+11 1.725189e+31 2.171884e+42
1.584893e+11 1.588138e+31 2.517029e+42
1.995262e+11 1.430347e+31 2.853917e+42
2.511886e+11 1.261480e+31 3.168694e+42
3.162278e+11 1.092407e+31 3.454495e+42
3.981072e+11 9.328947e+30 3.713921e+42
5.011872e+11 7.895769e+30 3.957259e+42
6.309573e+11 6.651818e+30 4.197013e+42
7.943282e+11 5.593058e+30 4.442724e+42
1.000000e+12 4.699278e+30 4.699278e+42
1.258925e+12 3.946487e+30 4.968332e+42
1.584893e+12 3.312634e+30 5.250170e+42
1.995262e+12 2.778864e+30 5.544562e+42
2.511886e+12 2.329286e+30 5.850903e+42
3.162278e+12 1.950530e+30 6.168119e+42
3.981072e+12 1.631348e+30 6.494512e+42
5.011872e+12 1.362277e+30 6.827560e+42
6.309573e+12 1.135364e+30 7.163660e+42
7.943282e+12 9.439194e+29 7.497819e+42
1.000000e+13 7.823272e+29 7.823272e+42
1.258925e+13 6.458727e+29 8.131055e+42
1.584893e+13 5.306050e+29 8.409523e+42
1.995262e+13 4.332208e+29 8.643892e+42
2.511886e+13 3.509663e+29 8.815875e+42
3.162278e+13 2.815552e+29 8.903558e+42
3.981072e+13 2.231010e+29 8.881812e+42
5.011872e+13 1.740570e+29 8.723513e+42
6.309573e+13 1.331637e+29 8.402062e+42
7.943282e+13 9.939975e+28 7.895603e+42
1.000000e+14 7.193172e+28 7.193172e+42
1.258925e+14 5.006164e+28 6.302386e+42
1.584893e+14 3.317036e+28 5.257148e+42
1.995262e+14 2.066001e+28 4.122215e+42
2.511886e+14 1.190393e+28 2.990132e+42
3.162278e+14 6.218308e+27 1.966402e+42
3.981072e+14 2.871123e+27 1.143015e+42
5.011872e+14 1.134881e+27 5.687878e+41
6.309573e+14 3.688883e+26 2.327528e+41
7.943282e+14 9.373223e+25 7.445415e+40
1.000000e+15 1.746788e+25 1.746788e+40
1.258925e+15 2.203365e+24 2.773872e+39
1.584893e+15 1.700349e+23 2.694872e+38
1.995262e+15 7.068743e+21 1.410400e+37
2.511886e+15 1.348773e+20 3.387966e+35
3.162278e+15 9.655129e+17 3.053220e+33
3.981072e+15 2.011660e+15 8.008564e+30
5.011872e+15 8.862147e+11 4.441595e+27
6.309573e+15 5.520582e+07 3.483252e+23
7.943282e+15 2.930390e+02 2.327692e+18
1.000000e+16 7.005486e-05 7.005486e+11
1.258925e+16 3.379837e-13 4.254963e+03
1.584893e+16 1.197750e-23 1.898306e-07
1.995262e+16 8.730337e-37 1.741931e-20
2.511886e+16 2.630407e-53 6.607283e-37
3.162278e+16 4.325467e-74 1.367833e-57
3.981072e+16 3.018002e-100 1.201488e-83
5.011872e+16 3.577838e-133 1.793167e-116
6.309573e+16 1.258247e-174 7.939004e-158
7.943282e+16 8.078090e-227 6.416655e-210
1.000000e+17 0.000000e+00 0.000000e+00
1.258925e+17 0.000000e+00 0.000000e+00
1.584893e+17 0.000000e+00 0.000000e+00
1.995262e+17 0.000000e+00 0.000000e+00
2.511886e+17 0.000000e+00 0.000000e+00
3.162278e+17 0.000000e+00 0.000000e+00
3.981072e+17 0.000000e+00 0.000000e+00
5.011872e+17 0.000000e+00 0.000000e+00
6.309573e+17 0.000000e+00 0.000000e+00
7.943282e+17 0.000000e+00 0.000000e+00
1.000000e+18 0.000000e+00 0.000000e+00
1.258925e+18 0.000000e+00 0.000000e+00
1.584893e+18 0.000000e+00 0.000000e+00
1.995262e+18 0.000000e+00 0.000000e+00
2.511886e+18 0.000000e+00 0.000000e+00
3.162278e+18 0.000000e+00 0.000000e+00
3.981072e+18 0.000000e+00 0.000000e+00
5.011872e+18 0.000000e+00 0.000000e+00
6.309573e+18 0.000000e+00 0.000000e+00
7.943282e+18 0.000000e+00 0.000000e+00
1.000000e+19 0.000000e+00 0.000000e+00
1.258925e+19 0.000000e+00 0.000000e+00
1.584893e+19 0.000000e+00 0.000000e+00
1.995262e+19 0.000000e+00 0.000000e+00
2.511886e+19 0.000000e+00 0.000000e+00
3.162278e+19 0.000000e+00 0.000000e+00
3.981072e+19 0.000000e+00 0.000000e+00
5.011872e+19 0.000000e+00 0.000000e+00
6.309573e+19 0.000000e+00 0.000000e+00
7.943282e+19 0.000000e+00 0.000000e+00
1.000000e+20 0.000000e+00 0.000000e+00
1.258925e+20 0.000000e+00 0.000000e+00
1.584893e+20 0.000000e+00 0.000000e+00
1.995262e+20 0.000000e+00 0.000000e+00
2.511886e+20 0.000000e+00 0.000000e+00
3.162278e+20 0.000000e+00 0.000000e+00
3.981072e+20 0.000000e+00 0.000000e+00
5.011872e+20 0.000000e+00 0.000000e+00
6.309573e+20 0.000000e+00 0.000000e+00
7.943282e+20 0.000000e+00 0.000000e+00
1.000000e+21 0.000000e+00 0.000000e+00
1.258925e+21 0.000000e+00 0.000000e+00
1.584893e+21 0.000000e+00 0.000000e+00
1.995262e+21 0.000000e+00 0.000000e+00
2.511886e+21 0.000000e+00 0.000000e+00
3.162278e+21 0.000000e+00 0.000000e+00
3.981072e+21 0.000000e+00 0.000000e+00
5.011872e+21 0.000000e+00 0.000000e+00
6.309573e+21 0.000000e+00 0.000000e+00
7.943282e+21 0.000000e+00 0.000000e+00
1.000000e+22 0.000000e+00 0.000000e+00
1.258925e+22 0.000000e+00 0.000000e+00
1.584893e+22 0.000000e+00 0.000000e+00
1.995262e+22 0.000000e+00 0.000000e+00
2.511886e+22 0.000000e+00 0.000000e+00
3.162278e+22 0.000000e+00 0.000000e+00
3.981072e+22 0.000000e+00 0.000000e+00
5.011872e+22 0.000000e+00 0.000000e+00
6.309573e+22 0.000000e+00 0.000000e+00
7.943282e+22 0.000000e+00 0.000000e+00
1.000000e+23 0.000000e+00 0.000000e+00
1.258925e+23 0.000000e+00 0.000000e+00
1.584893e+23 0.000000e+00 0.000000e+00
1.995262e+23 0.000000e+00 0.000000e+00
2.511886e+23 0.000000e+00 0.000000e+00
3.162278e+23 0.000000e+00 0.000000e+00
3.981072e+23 0.000000e+00 0.000000e+00
5.011872e+23 0.000000e+00 0.000000e+00
6.309573e+23 0.000000e+00 0.000000e+00
7.943282e+23 0.000000e+00 0.000000e+00
1.000000e+24 0.000000e+00 0.000000e+00
1.258925e+24 0.000000e+00 0.000000e+00
1.584893e+24 0.000000e+00 0.000000e+00
1.995262e+24 0.000000e+00 0.000000e+00
2.511886e+24 0.000000e+00 0.000000e+00
3.162278e+24 0.000000e+00 0.000000e+00
3.981072e+24 0.000000e+00 0.000000e+00
5.011872e+24 0.000000e+00 0.000000e+00
6.309573e+24 0.000000e+00 0.000000e+00
7.943282e+24 0.000000e+00 0.000000e+00
1.000000e+25 0.000000e+00 0.000000e+00
1.258925e+25 0.000000e+00 0.000000e+00
1.584893e+25 0.000000e+00 0.000000e+00
1.995262e+25 0.000000e+00 0.000000e+00
2.511886e+25 0.000000e+00 0.000000e+00
3.162278e+25 0.000000e+00 0.000000e+00
3.981072e+25 0.000000e+00 0.000000e+00
5.011872e+25 0.000000e+00 0.000000e+00
6.309573e+25 0.000000e+00 0.000000e+00
7.943282e+25 0.000000e+00 0.000000e+00
1.000000e+26 0.000000e+00 0.000000e+00
1.258925e+26 0.000000e+00 0.000000e+00
1.584893e+26 0.000000e+00 0.000000e+00
1.995262e+26 0.000000e+00 0.000000e+00
2.511886e+26 0.000000e+00 0.000000e+00
3.162278e+26 0.000000e+00 0.000000e+00
3.981072e+26 0.000000e+00 0.000000e+00
5.011872e+26 0.000000e+00 0.000000e+00
6.309573e+26 0.000000e+00 0.000000e+00
7.943282e+26 0.000000e+00 0.000000e+00
1.000000e+27 0.000000e+00 0.000000e+00
1.258925e+27 0.000000e+00 0.000000e+00
1.584893e+27 0.000000e+00 0.000000e+00
1.995262e+27 0.000000e+00 0.000000e+00
2.511886e+27 0.000000e+00 0.000000e+00
3.162278e+27 0.000000e+00 0.000000e+00
3.981072e+27 0.000000e+00 0.000000e+00
5.011872e+27 0.000000e+00 0.000000e+00
6.309573e+27 0.000000e+00 0.000000e+00
7.943282e+27 0.000000e+00 0.000000e+00
