1.000000e+08 2.949308e+27 2.949308e+35
1.258925e+08 4.673954e+27 5.884159e+35
1.584893e+08 7.406949e+27 1.173922e+36
1.995262e+08 1.173768e+28 2.341975e+36
2.511886e+08 1.859989e+28 4.672082e+36
3.162278e+08 2.947268e+28 9.320078e+36
3.981072e+08 4.669863e+28 1.859106e+37
5.011872e+08 7.398720e+28 3.708144e+37
6.309573e+08 1.172103e+29 7.395468e+37
7.943282e+08 1.856580e+29 1.474734e+38
1.000000e+09 2.940157e+29 2.940157e+38
1.258925e+09 4.654573e+29 5.859760e+38
1.584893e+09 7.364256e+29 1.167156e+39
1.995262e+09 1.163538e+30 2.321563e+39
2.511886e+09 1.828208e+30 4.592251e+39
3.162278e+09 2.815286e+30 8.902716e+39
3.981072e+09 4.149082e+30 1.651779e+40
5.011872e+09 5.748930e+30 2.881291e+40
6.309573e+09 7.466758e+30 4.711206e+40
7.943282e+09 9.162296e+30 7.277871e+40
1.000000e+10 1.074726e+31 1.074726e+41
1.258925e+10 1.218682e+31 1.534230e+41
1.584893e+10 1.348100e+31 2.136595e+41
1.995262e+10 1.464514e+31 2.922090e+41
2.511886e+10 1.569663e+31 3.942814e+41
3.162278e+10 1.664763e+31 5.264441e+41
3.981072e+10 1.750185e+31 6.967612e+41
5.011872e+10 1.825340e+31 9.148372e+41
6.309573e+10 1.888670e+31 1.191670e+42
7.943282e+10 1.937706e+31 1.539174e+42
1.000000e+11 1.969197e+31 1.969197e+42
1.258925e+11 1.979347e+31 2.491850e+42
1.584893e+11 1.964208e+31 3.113060e+42
1.995262e+11 1.920278e+31 3.831458e+42
2.511886e+11 1.845309e+31 4.635207e+42
3.162278e+11 1.739246e+31 5.499979e+42
3.981072e+11 1.605073e+31 6.389911e+42
5.011872e+11 1.449214e+31 7.263274e+42
6.309573e+11 1.281063e+31 8.082959e+42
7.943282e+11 1.111482e+31 8.828813e+42
1.000000e+12 9.504636e+30 9.504636e+42
1.258925e+12 8.050775e+30 1.013533e+43
1.584893e+12 6.784855e+30 1.075327e+43
1.995262e+12 5.705704e+30 1.138438e+43
2.511886e+12 4.794217e+30 1.204253e+43
3.162278e+12 4.026428e+30 1.273268e+43
3.981072e+12 3.379946e+30 1.345581e+43
5.011872e+12 2.835553e+30 1.421143e+43
6.309573e+12 2.377039e+30 1.499810e+43
7.943282e+12 1.990765e+30 1.581321e+43
1.000000e+13 1.665259e+30 1.665259e+43
1.258925e+13 1.390869e+30 1.751001e+43
1.584893e+13 1.159481e+30 1.837653e+43
1.995262e+13 9.642708e+29 1.923973e+43
2.511886e+13 7.995087e+29 2.008275e+43
3.162278e+13 6.603840e+29 2.088317e+43
3.981072e+13 5.428647e+29 2.161183e+43
5.011872e+13 4.435781e+29 2.223157e+43
6.309573e+13 3.597119e+29 2.269629e+43
7.943282e+13 2.889301e+29 2.295053e+43
1.000000e+14 2.293033e+29 2.293033e+43
1.258925e+14 1.792485e+29 2.256605e+43
1.584893e+14 1.374760e+29 2.178848e+43
1.995262e+14 1.029395e+29 2.053913e+43
2.511886e+14 7.478664e+28 1.878555e+43
3.162278e+14 5.230670e+28 1.654083e+43
3.981072e+14 3.487447e+28 1.388378e+43
5.011872e+14 2.189241e+28 1.097220e+43
6.309573e+14 1.273915e+28 8.037862e+42
7.943282e+14 6.737827e+27 5.352046e+42
1.000000e+15 3.160053e+27 3.160053e+42
1.258925e+15 1.273935e+27 1.603789e+42
1.584893e+15 4.244836e+26 6.727612e+41
1.995262e+15 1.112789e+26 2.220305e+41
2.511886e+15 2.156910e+25 5.417913e+40
3.162278e+15 2.858680e+24 9.039939e+39
3.981072e+15 2.347839e+23 9.346915e+38
5.011872e+15 1.055669e+22 5.290877e+37
6.309573e+15 2.223297e+20 1.402806e+36
7.943282e+15 1.802148e+18 1.431497e+34
1.000000e+16 4.390725e+15 4.390725e+31
1.258925e+16 2.355393e+12 2.965264e+28
1.584893e+16 1.880189e+08 2.979899e+24
1.995262e+16 1.363699e+03 2.720937e+19
2.511886e+16 4.829608e-04 1.213143e+13
3.162278e+16 3.821594e-12 1.208494e+05
3.981072e+16 2.524855e-22 1.005163e-05
5.011872e+16 4.032060e-35 2.020817e-18
6.309573e+16 3.262561e-51 2.058537e-34
7.943282e+16 1.862911e-71 1.479763e-54
1.000000e+17 6.240324e-97 6.240324e-80
1.258925e+17 5.340191e-129 6.722903e-112
1.584893e+17 2.264096e-169 3.588350e-152
1.995262e+17 3.340341e-220 6.664857e-203
2.511886e+17 0.000000e+00 0.000000e+00
3.162278e+17 0.000000e+00 0.000000e+00
3.981072e+17 0.000000e+00 0.000000e+00
5.011872e+17 0.000000e+00 0.000000e+00
6.309573e+17 0.000000e+00 0.000000e+00
7.943282e+17 0.000000e+00 0.000000e+00
1.000000e+18 0.000000e+00 0.000000e+00
1.258925e+18 0.000000e+00 0.000000e+00
1.584893e+18 0.000000e+00 0.000000e+00
1.995262e+18 0.000000e+00 0.000000e+00
2.511886e+18 0.000000e+00 0.000000e+00
3.162278e+18 0.000000e+00 0.000000e+00
3.981072e+18 0.000000e+00 0.000000e+00
5.011872e+18 0.000000e+00 0.000000e+00
6.309573e+18 0.000000e+00 0.000000e+00
7.943282e+18 0.000000e+00 0.000000e+00
1.000000e+19 0.000000e+00 0.000000e+00
1.258925e+19 0.000000e+00 0.000000e+00
1.584893e+19 0.000000e+00 0.000000e+00
1.995262e+19 0.000000e+00 0.000000e+00
2.511886e+19 0.000000e+00 0.000000e+00
3.162278e+19 0.000000e+00 0.000000e+00
3.981072e+19 0.000000e+00 0.000000e+00
5.011872e+19 0.000000e+00 0.000000e+00
6.309573e+19 0.000000e+00 0.000000e+00
7.943282e+19 0.000000e+00 0.000000e+00
1.000000e+20 0.000000e+00 0.000000e+00
1.258925e+20 0.000000e+00 0.000000e+00
1.584893e+20 0.000000e+00 0.000000e+00
1.995262e+20 0.000000e+00 0.000000e+00
2.511886e+20 0.000000e+00 0.000000e+00
3.162278e+20 0.000000e+00 0.000000e+00
3.981072e+20 0.000000e+00 0.000000e+00
5.011872e+20 0.000000e+00 0.000000e+00
6.309573e+20 0.000000e+00 0.000000e+00
7.943282e+20 0.000000e+00 0.000000e+00
1.000000e+21 0.000000e+00 0.000000e+00
1.258925e+21 0.000000e+00 0.000000e+00
1.584893e+21 0.000000e+00 0.000000e+00
1.995262e+21 0.000000e+00 0.000000e+00
2.511886e+21 0.000000e+00 0.000000e+00
3.162278e+21 0.000000e+00 0.000000e+00
3.981072e+21 0.000000e+00 0.000000e+00
5.011872e+21 0.000000e+00 0.000000e+00
6.309573e+21 0.000000e+00 0.000000e+00
7.943282e+21 0.000000e+00 0.000000e+00
1.000000e+22 0.000000e+00 0.000000e+00
1.258925e+22 0.000000e+00 0.000000e+00
1.584893e+22 0.000000e+00 0.000000e+00
1.995262e+22 0.000000e+00 0.000000e+00
2.511886e+22 0.000000e+00 0.000000e+00
3.162278e+22 0.000000e+00 0.000000e+00
3.981072e+22 0.000000e+00 0.000000e+00
5.011872e+22 0.000000e+00 0.000000e+00
6.309573e+22 0.000000e+00 0.000000e+00
7.943282e+22 0.000000e+00 0.000000e+00
1.000000e+23 0.000000e+00 0.000000e+00
1.258925e+23 0.000000e+00 0.000000e+00
1.584893e+23 0.000000e+00 0.000000e+00
1.995262e+23 0.000000e+00 0.000000e+00
2.511886e+23 0.000000e+00 0.000000e+00
3.162278e+23 0.000000e+00 0.000000e+00
3.981072e+23 0.000000e+00 0.000000e+00
5.011872e+23 0.000000e+00 0.000000e+00
6.309573e+23 0.000000e+00 0.000000e+00
7.943282e+23 0.000000e+00 0.000000e+00
1.000000e+24 0.000000e+00 0.000000e+00
1.258925e+24 0.000000e+00 0.000000e+00
1.584893e+24 0.000000e+00 0.000000e+00
1.995262e+24 0.000000e+00 0.000000e+00
2.511886e+24 0.000000e+00 0.000000e+00
3.162278e+24 0.000000e+00 0.000000e+00
3.981072e+24 0.000000e+00 0.000000e+00
5.011872e+24 0.000000e+00 0.000000e+00
6.309573e+24 0.000000e+00 0.000000e+00
7.943282e+24 0.000000e+00 0.000000e+00
1.000000e+25 0.000000e+00 0.000000e+00
1.258925e+25 0.000000e+00 0.000000e+00
1.584893e+25 0.000000e+00 0.000000e+00
1.995262e+25 0.000000e+00 0.000000e+00
2.511886e+25 0.000000e+00 0.000000e+00
3.162278e+25 0.000000e+00 0.000000e+00
3.981072e+25 0.000000e+00 0.000000e+00
5.011872e+25 0.000000e+00 0.000000e+00
6.309573e+25 0.000000e+00 0.000000e+00
7.943282e+25 0.000000e+00 0.000000e+00
1.000000e+26 0.000000e+00 0.000000e+00
1.258925e+26 0.000000e+00 0.000000e+00
1.584893e+26 0.000000e+00 0.000000e+00
1.995262e+26 0.000000e+00 0.000000e+00
2.511886e+26 0.000000e+00 0.000000e+00
3.162278e+26 0.000000e+00 0.000000e+00
3.981072e+26 0.000000e+00 0.000000e+00
5.011872e+26 0.000000e+00 0.000000e+00
6.309573e+26 0.000000e+00 0.000000e+00
7.943282e+26 0.000000e+00 0.000000e+00
1.000000e+27 0.000000e+00 0.000000e+00
1.258925e+27 0.000000e+00 0.000000e+00
1.584893e+27 0.000000e+00 0.000000e+00
1.995262e+27 0.000000e+00 0.000000e+00
2.511886e+27 0.000000e+00 0.000000e+00
3.162278e+27 0.000000e+00 0.000000e+00
3.981072e+27 0.000000e+00 0.000000e+00
5.011872e+27 0.000000e+00 0.000000e+00
6.309573e+27 0.000000e+00 0.000000e+00
7.943282e+27 0.000000e+00 0.000000e+00
