1.000000e+08 2.796919e+28 2.796919e+36
1.258925e+08 4.431672e+28 5.579144e+36
1.584893e+08 7.021407e+28 1.112818e+37
1.995262e+08 1.112343e+29 2.219417e+37
2.511886e+08 1.761956e+29 4.425834e+37
3.162278e+08 2.790387e+29 8.823977e+37
3.981072e+08 4.417685e+29 1.758712e+38
5.011872e+08 6.990086e+29 3.503342e+38
6.309573e+08 1.104695e+30 6.970157e+38
7.943282e+08 1.737687e+30 1.380294e+39
1.000000e+09 2.685079e+30 2.685079e+39
1.258925e+09 3.981560e+30 5.012487e+39
1.584893e+09 5.558029e+30 8.808882e+39
1.995262e+09 7.270227e+30 1.450601e+40
2.511886e+09 8.973864e+30 2.254133e+40
3.162278e+09 1.057402e+31 3.343800e+40
3.981072e+09 1.203059e+31 4.789464e+40
5.011872e+09 1.334068e+31 6.686177e+40
6.309573e+09 1.451869e+31 9.160675e+40
7.943282e+09 1.558224e+31 1.237741e+41
1.000000e+10 1.654431e+31 1.654431e+41
1.258925e+10 1.740966e+31 2.191746e+41
1.584893e+10 1.817349e+31 2.880305e+41
1.995262e+10 1.882133e+31 3.755348e+41
2.511886e+10 1.932945e+31 4.855339e+41
3.162278e+10 1.966616e+31 6.218986e+41
3.981072e+10 1.979394e+31 7.880111e+41
5.011872e+10 1.967324e+31 9.859975e+41
6.309573e+10 1.926814e+31 1.215737e+42
7.943282e+10 1.855428e+31 1.473819e+42
1.000000e+11 1.752814e+31 1.752814e+42
1.258925e+11 1.621579e+31 2.041448e+42
1.584893e+11 1.467758e+31 2.326240e+42
1.995262e+11 1.300474e+31 2.594787e+42
2.511886e+11 1.130493e+31 2.839671e+42
3.162278e+11 9.680907e+30 3.061372e+42
3.981072e+11 8.206942e+30 3.267242e+42
5.011872e+11 6.919207e+30 3.467818e+42
6.309573e+11 5.819574e+30 3.671903e+42
7.943282e+11 4.890214e+30 3.884435e+42
1.000000e+12 4.107262e+30 4.107262e+42
1.258925e+12 3.448010e+30 4.340787e+42
1.584893e+12 2.892873e+30 4.584894e+42
1.995262e+12 2.425321e+30 4.839152e+42
2.511886e+12 2.031446e+30 5.102761e+42
3.162278e+12 1.699545e+30 5.374432e+42
3.981072e+12 1.419776e+30 5.652229e+42
5.011872e+12 1.183861e+30 5.933362e+42
6.309573e+12 9.848437e+29 6.213944e+42
7.943282e+12 8.168764e+29 6.488680e+42
1.000000e+13 6.750519e+29 6.750519e+42
1.258925e+13 5.552563e+29 6.990262e+42
1.584893e+13 4.540472e+29 7.196163e+42
1.995262e+13 3.685528e+29 7.353595e+42
2.511886e+13 2.963868e+29 7.444900e+42
3.162278e+13 2.355768e+29 7.449593e+42
3.981072e+13 1.845032e+29 7.345206e+42
5.011872e+13 1.418454e+29 7.109112e+42
6.309573e+13 1.065319e+29 6.721712e+42
7.943282e+13 7.769090e+28 6.171208e+42
1.000000e+14 5.459824e+28 5.459824e+42
1.258925e+14 3.662194e+28 4.610430e+42
1.584893e+14 2.316414e+28 3.671269e+42
1.995262e+14 1.360829e+28 2.715212e+42
2.511886e+14 7.284429e+27 1.829766e+42
3.162278e+14 3.468425e+27 1.096812e+42
3.981072e+14 1.425103e+27 5.673438e+41
5.011872e+14 4.863630e+26 2.437589e+41
6.309573e+14 1.314031e+26 8.290973e+40
7.943282e+14 2.645504e+25 2.101398e+40
1.000000e+15 3.677845e+24 3.677845e+39
1.258925e+15 3.207900e+23 4.038506e+38
1.584893e+15 1.555855e+22 2.465864e+37
1.995262e+15 3.604488e+20 7.191899e+35
2.511886e+15 3.294291e+18 8.274884e+33
3.162278e+15 9.335330e+15 2.952091e+31
3.981072e+15 6.057174e+12 2.411405e+28
5.011872e+15 6.143446e+08 3.079017e+24
6.309573e+15 6.023682e+03 3.800687e+19
7.943282e+15 3.118104e-03 2.476798e+13
1.000000e+16 3.978679e-11 3.978679e+05
1.258925e+16 4.797172e-21 6.039281e-05
1.584893e+16 1.633897e-33 2.589553e-17
1.995262e+16 3.432173e-49 6.848086e-33
2.511886e+16 6.520005e-69 1.637751e-52
3.162278e+16 9.935302e-94 3.141818e-77
3.981072e+16 5.734784e-125 2.283059e-108
5.011872e+16 2.691440e-164 1.348915e-147
6.309573e+16 8.195919e-214 5.171276e-197
7.943282e+16 0.000000e+00 0.000000e+00
1.000000e+17 0.000000e+00 0.000000e+00
1.258925e+17 0.000000e+00 0.000000e+00
1.584893e+17 0.000000e+00 0.000000e+00
1.995262e+17 0.000000e+00 0.000000e+00
2.511886e+17 0.000000e+00 0.000000e+00
3.162278e+17 0.000000e+00 0.000000e+00
3.981072e+17 0.000000e+00 0.000000e+00
5.011872e+17 0.000000e+00 0.000000e+00
6.309573e+17 0.000000e+00 0.000000e+00
7.943282e+17 0.000000e+00 0.000000e+00
1.000000e+18 0.000000e+00 0.000000e+00
1.258925e+18 0.000000e+00 0.000000e+00
1.584893e+18 0.000000e+00 0.000000e+00
1.995262e+18 0.000000e+00 0.000000e+00
2.511886e+18 0.000000e+00 0.000000e+00
3.162278e+18 0.000000e+00 0.000000e+00
3.981072e+18 0.000000e+00 0.000000e+00
5.011872e+18 0.000000e+00 0.000000e+00
6.309573e+18 0.000000e+00 0.000000e+00
7.943282e+18 0.000000e+00 0.000000e+00
1.000000e+19 0.000000e+00 0.000000e+00
1.258925e+19 0.000000e+00 0.000000e+00
1.584893e+19 0.000000e+00 0.000000e+00
1.995262e+19 0.000000e+00 0.000000e+00
2.511886e+19 0.000000e+00 0.000000e+00
3.162278e+19 0.000000e+00 0.000000e+00
3.981072e+19 0.000000e+00 0.000000e+00
5.011872e+19 0.000000e+00 0.000000e+00
6.309573e+19 0.000000e+00 0.000000e+00
7.943282e+19 0.000000e+00 0.000000e+00
1.000000e+20 0.000000e+00 0.000000e+00
1.258925e+20 0.000000e+00 0.000000e+00
1.584893e+20 0.000000e+00 0.000000e+00
1.995262e+20 0.000000e+00 0.000000e+00
2.511886e+20 0.000000e+00 0.000000e+00
3.162278e+20 0.000000e+00 0.000000e+00
3.981072e+20 0.000000e+00 0.000000e+00
5.011872e+20 0.000000e+00 0.000000e+00
6.309573e+20 0.000000e+00 0.000000e+00
7.943282e+20 0.000000e+00 0.000000e+00
1.000000e+21 0.000000e+00 0.000000e+00
1.258925e+21 0.000000e+00 0.000000e+00
1.584893e+21 0.000000e+00 0.000000e+00
1.995262e+21 0.000000e+00 0.000000e+00
2.511886e+21 0.000000e+00 0.000000e+00
3.162278e+21 0.000000e+00 0.000000e+00
3.981072e+21 0.000000e+00 0.000000e+00
5.011872e+21 0.000000e+00 0.000000e+00
6.309573e+21 0.000000e+00 0.000000e+00
7.943282e+21 0.000000e+00 0.000000e+00
1.000000e+22 0.000000e+00 0.000000e+00
1.258925e+22 0.000000e+00 0.000000e+00
1.584893e+22 0.000000e+00 0.000000e+00
1.995262e+22 0.000000e+00 0.000000e+00
2.511886e+22 0.000000e+00 0.000000e+00
3.162278e+22 0.000000e+00 0.000000e+00
3.981072e+22 0.000000e+00 0.000000e+00
5.011872e+22 0.000000e+00 0.000000e+00
6.309573e+22 0.000000e+00 0.000000e+00
7.943282e+22 0.000000e+00 0.000000e+00
1.000000e+23 0.000000e+00 0.000000e+00
1.258925e+23 0.000000e+00 0.000000e+00
1.584893e+23 0.000000e+00 0.000000e+00
1.995262e+23 0.000000e+00 0.000000e+00
2.511886e+23 0.000000e+00 0.000000e+00
3.162278e+23 0.000000e+00 0.000000e+00
3.981072e+23 0.000000e+00 0.000000e+00
5.011872e+23 0.000000e+00 0.000000e+00
6.309573e+23 0.000000e+00 0.000000e+00
7.943282e+23 0.000000e+00 0.000000e+00
1.000000e+24 0.000000e+00 0.000000e+00
1.258925e+24 0.000000e+00 0.000000e+00
1.584893e+24 0.000000e+00 0.000000e+00
1.995262e+24 0.000000e+00 0.000000e+00
2.511886e+24 0.000000e+00 0.000000e+00
3.162278e+24 0.000000e+00 0.000000e+00
3.981072e+24 0.000000e+00 0.000000e+00
5.011872e+24 0.000000e+00 0.000000e+00
6.309573e+24 0.000000e+00 0.000000e+00
7.943282e+24 0.000000e+00 0.000000e+00
1.000000e+25 0.000000e+00 0.000000e+00
1.258925e+25 0.000000e+00 0.000000e+00
1.584893e+25 0.000000e+00 0.000000e+00
1.995262e+25 0.000000e+00 0.000000e+00
2.511886e+25 0.000000e+00 0.000000e+00
3.162278e+25 0.000000e+00 0.000000e+00
3.981072e+25 0.000000e+00 0.000000e+00
5.011872e+25 0.000000e+00 0.000000e+00
6.309573e+25 0.000000e+00 0.000000e+00
7.943282e+25 0.000000e+00 0.000000e+00
1.000000e+26 0.000000e+00 0.000000e+00
1.258925e+26 0.000000e+00 0.000000e+00
1.584893e+26 0.000000e+00 0.000000e+00
1.995262e+26 0.000000e+00 0.000000e+00
2.511886e+26 0.000000e+00 0.000000e+00
3.162278e+26 0.000000e+00 0.000000e+00
3.981072e+26 0.000000e+00 0.000000e+00
5.011872e+26 0.000000e+00 0.000000e+00
6.309573e+26 0.000000e+00 0.000000e+00
7.943282e+26 0.000000e+00 0.000000e+00
1.000000e+27 0.000000e+00 0.000000e+00
1.258925e+27 0.000000e+00 0.000000e+00
1.584893e+27 0.000000e+00 0.000000e+00
1.995262e+27 0.000000e+00 0.000000e+00
2.511886e+27 0.000000e+00 0.000000e+00
3.162278e+27 0.000000e+00 0.000000e+00
3.981072e+27 0.000000e+00 0.000000e+00
5.011872e+27 0.000000e+00 0.000000e+00
6.309573e+27 0.000000e+00 0.000000e+00
7.943282e+27 0.000000e+00 0.000000e+00
