1.000000e+08 1.221199e+28 1.221199e+36
1.258925e+08 1.935144e+28 2.436202e+36
1.584893e+08 3.066341e+28 4.859823e+36
1.995262e+08 4.858505e+28 9.693992e+36
2.511886e+08 7.697538e+28 1.933534e+37
3.162278e+08 1.219429e+29 3.856173e+37
3.981072e+08 1.931515e+29 7.689500e+37
5.011872e+08 3.058757e+29 1.533010e+38
6.309573e+08 4.842142e+29 3.055185e+38
7.943282e+08 7.660462e+29 6.084922e+38
1.000000e+09 1.210075e+30 1.210075e+39
1.258925e+09 1.899492e+30 2.391318e+39
1.584893e+09 2.916846e+30 4.622889e+39
1.995262e+09 4.278150e+30 8.536031e+39
2.511886e+09 5.894352e+30 1.480594e+40
3.162278e+09 7.615197e+30 2.408137e+40
3.981072e+09 9.303848e+30 3.703928e+40
5.011872e+09 1.087702e+31 5.451425e+40
6.309573e+09 1.230374e+31 7.763135e+40
7.943282e+09 1.358603e+31 1.079176e+41
1.000000e+10 1.473983e+31 1.473983e+41
1.258925e+10 1.578229e+31 1.986873e+41
1.584893e+10 1.672495e+31 2.650726e+41
1.995262e+10 1.757071e+31 3.505818e+41
2.511886e+10 1.831284e+31 4.599977e+41
3.162278e+10 1.893493e+31 5.987750e+41
3.981072e+10 1.941156e+31 7.727883e+41
5.011872e+10 1.970966e+31 9.878229e+41
6.309573e+10 1.979094e+31 1.248724e+42
7.943282e+10 1.961603e+31 1.558157e+42
1.000000e+11 1.915066e+31 1.915066e+42
1.258925e+11 1.837386e+31 2.313131e+42
1.584893e+11 1.728738e+31 2.739865e+42
1.995262e+11 1.592398e+31 3.177252e+42
2.511886e+11 1.435078e+31 3.604752e+42
3.162278e+11 1.266377e+31 4.004635e+42
3.981072e+11 1.097149e+31 4.367830e+42
5.011872e+11 9.372668e+30 4.697462e+42
6.309573e+11 7.934284e+30 5.006195e+42
7.943282e+11 6.684846e+30 5.309962e+42
1.000000e+12 5.621014e+30 5.621014e+42
1.258925e+12 4.722838e+30 5.945700e+42
1.584893e+12 3.966324e+30 6.286200e+42
1.995262e+12 3.329338e+30 6.642902e+42
2.511886e+12 2.792932e+30 7.015527e+42
3.162278e+12 2.341137e+30 7.403324e+42
3.981072e+12 1.960515e+30 7.804952e+42
5.011872e+12 1.639763e+30 8.218285e+42
6.309573e+12 1.369373e+30 8.640160e+42
7.943282e+12 1.141349e+30 9.066056e+42
1.000000e+13 9.489702e+29 9.489702e+42
1.258925e+13 7.865914e+29 9.902599e+42
1.584893e+13 6.494742e+29 1.029347e+43
1.995262e+13 5.336477e+29 1.064767e+43
2.511886e+13 4.357915e+29 1.094659e+43
3.162278e+13 3.531368e+29 1.116717e+43
3.981072e+13 2.833854e+29 1.128177e+43
5.011872e+13 2.246399e+29 1.125867e+43
6.309573e+13 1.753448e+29 1.106351e+43
7.943282e+13 1.342329e+29 1.066250e+43
1.000000e+14 1.002769e+29 1.002769e+43
1.258925e+14 7.263851e+28 9.144646e+42
1.584893e+14 5.061672e+28 8.022210e+42
1.995262e+14 3.359094e+28 6.702274e+42
2.511886e+14 2.096344e+28 5.265777e+42
3.162278e+14 1.210890e+28 3.829170e+42
3.981072e+14 6.345257e+27 2.526092e+42
5.011872e+14 2.941335e+27 1.474160e+42
6.309573e+14 1.168430e+27 7.372296e+41
7.943282e+14 3.821786e+26 3.035753e+41
1.000000e+15 9.787764e+25 9.787764e+40
1.258925e+15 1.842231e+25 2.319232e+40
1.584893e+15 2.352965e+24 3.729198e+39
1.995262e+15 1.844578e+23 3.680418e+38
2.511886e+15 7.821671e+21 1.964715e+37
3.162278e+15 1.530104e+20 4.838615e+35
3.981072e+15 1.130232e+18 4.499534e+33
5.011872e+15 2.449740e+15 1.227779e+31
6.309573e+15 1.134233e+12 7.156529e+27
7.943282e+15 7.522093e+07 5.975011e+23
1.000000e+16 4.320260e+02 4.320260e+18
1.258925e+16 1.140556e-04 1.435875e+12
1.584893e+16 6.234852e-13 9.881575e+03
1.995262e+16 2.585823e-23 5.159394e-07
2.511886e+16 2.297558e-36 5.771205e-20
3.162278e+16 8.883553e-53 2.809226e-36
3.981072e+16 2.000325e-73 7.963439e-57
5.011872e+16 2.074043e-99 1.039484e-82
6.309573e+16 4.050117e-132 2.555451e-115
7.943282e+16 2.670532e-173 2.121279e-156
1.000000e+17 3.783197e-225 3.783197e-208
1.258925e+17 0.000000e+00 0.000000e+00
1.584893e+17 0.000000e+00 0.000000e+00
1.995262e+17 0.000000e+00 0.000000e+00
2.511886e+17 0.000000e+00 0.000000e+00
3.162278e+17 0.000000e+00 0.000000e+00
3.981072e+17 0.000000e+00 0.000000e+00
5.011872e+17 0.000000e+00 0.000000e+00
6.309573e+17 0.000000e+00 0.000000e+00
7.943282e+17 0.000000e+00 0.000000e+00
1.000000e+18 0.000000e+00 0.000000e+00
1.258925e+18 0.000000e+00 0.000000e+00
1.584893e+18 0.000000e+00 0.000000e+00
1.995262e+18 0.000000e+00 0.000000e+00
2.511886e+18 0.000000e+00 0.000000e+00
3.162278e+18 0.000000e+00 0.000000e+00
3.981072e+18 0.000000e+00 0.000000e+00
5.011872e+18 0.000000e+00 0.000000e+00
6.309573e+18 0.000000e+00 0.000000e+00
7.943282e+18 0.000000e+00 0.000000e+00
1.000000e+19 0.000000e+00 0.000000e+00
1.258925e+19 0.000000e+00 0.000000e+00
1.584893e+19 0.000000e+00 0.000000e+00
1.995262e+19 0.000000e+00 0.000000e+00
2.511886e+19 0.000000e+00 0.000000e+00
3.162278e+19 0.000000e+00 0.000000e+00
3.981072e+19 0.000000e+00 0.000000e+00
5.011872e+19 0.000000e+00 0.000000e+00
6.309573e+19 0.000000e+00 0.000000e+00
7.943282e+19 0.000000e+00 0.000000e+00
1.000000e+20 0.000000e+00 0.000000e+00
1.258925e+20 0.000000e+00 0.000000e+00
1.584893e+20 0.000000e+00 0.000000e+00
1.995262e+20 0.000000e+00 0.000000e+00
2.511886e+20 0.000000e+00 0.000000e+00
3.162278e+20 0.000000e+00 0.000000e+00
3.981072e+20 0.000000e+00 0.000000e+00
5.011872e+20 0.000000e+00 0.000000e+00
6.309573e+20 0.000000e+00 0.000000e+00
7.943282e+20 0.000000e+00 0.000000e+00
1.000000e+21 0.000000e+00 0.000000e+00
1.258925e+21 0.000000e+00 0.000000e+00
1.584893e+21 0.000000e+00 0.000000e+00
1.995262e+21 0.000000e+00 0.000000e+00
2.511886e+21 0.000000e+00 0.000000e+00
3.162278e+21 0.000000e+00 0.000000e+00
3.981072e+21 0.000000e+00 0.000000e+00
5.011872e+21 0.000000e+00 0.000000e+00
6.309573e+21 0.000000e+00 0.000000e+00
7.943282e+21 0.000000e+00 0.000000e+00
1.000000e+22 0.000000e+00 0.000000e+00
1.258925e+22 0.000000e+00 0.000000e+00
1.584893e+22 0.000000e+00 0.000000e+00
1.995262e+22 0.000000e+00 0.000000e+00
2.511886e+22 0.000000e+00 0.000000e+00
3.162278e+22 0.000000e+00 0.000000e+00
3.981072e+22 0.000000e+00 0.000000e+00
5.011872e+22 0.000000e+00 0.000000e+00
6.309573e+22 0.000000e+00 0.000000e+00
7.943282e+22 0.000000e+00 0.000000e+00
1.000000e+23 0.000000e+00 0.000000e+00
1.258925e+23 0.000000e+00 0.000000e+00
1.584893e+23 0.000000e+00 0.000000e+00
1.995262e+23 0.000000e+00 0.000000e+00
2.511886e+23 0.000000e+00 0.000000e+00
3.162278e+23 0.000000e+00 0.000000e+00
3.981072e+23 0.000000e+00 0.000000e+00
5.011872e+23 0.000000e+00 0.000000e+00
6.309573e+23 0.000000e+00 0.000000e+00
7.943282e+23 0.000000e+00 0.000000e+00
1.000000e+24 0.000000e+00 0.000000e+00
1.258925e+24 0.000000e+00 0.000000e+00
1.584893e+24 0.000000e+00 0.000000e+00
1.995262e+24 0.000000e+00 0.000000e+00
2.511886e+24 0.000000e+00 0.000000e+00
3.162278e+24 0.000000e+00 0.000000e+00
3.981072e+24 0.000000e+00 0.000000e+00
5.011872e+24 0.000000e+00 0.000000e+00
6.309573e+24 0.000000e+00 0.000000e+00
7.943282e+24 0.000000e+00 0.000000e+00
1.000000e+25 0.000000e+00 0.000000e+00
1.258925e+25 0.000000e+00 0.000000e+00
1.584893e+25 0.000000e+00 0.000000e+00
1.995262e+25 0.000000e+00 0.000000e+00
2.511886e+25 0.000000e+00 0.000000e+00
3.162278e+25 0.000000e+00 0.000000e+00
3.981072e+25 0.000000e+00 0.000000e+00
5.011872e+25 0.000000e+00 0.000000e+00
6.309573e+25 0.000000e+00 0.000000e+00
7.943282e+25 0.000000e+00 0.000000e+00
1.000000e+26 0.000000e+00 0.000000e+00
1.258925e+26 0.000000e+00 0.000000e+00
1.584893e+26 0.000000e+00 0.000000e+00
1.995262e+26 0.000000e+00 0.000000e+00
2.511886e+26 0.000000e+00 0.000000e+00
3.162278e+26 0.000000e+00 0.000000e+00
3.981072e+26 0.000000e+00 0.000000e+00
5.011872e+26 0.000000e+00 0.000000e+00
6.309573e+26 0.000000e+00 0.000000e+00
7.943282e+26 0.000000e+00 0.000000e+00
1.000000e+27 0.000000e+00 0.000000e+00
1.258925e+27 0.000000e+00 0.000000e+00
1.584893e+27 0.000000e+00 0.000000e+00
1.995262e+27 0.000000e+00 0.000000e+00
2.511886e+27 0.000000e+00 0.000000e+00
3.162278e+27 0.000000e+00 0.000000e+00
3.981072e+27 0.000000e+00 0.000000e+00
5.011872e+27 0.000000e+00 0.000000e+00
6.309573e+27 0.000000e+00 0.000000e+00
7.943282e+27 0.000000e+00 0.000000e+00
