1.000000e+08 5.379991e+29 5.379991e+37
1.258925e+08 8.509485e+29 1.071281e+38
1.584893e+08 1.343199e+30 2.128826e+38
1.995262e+08 2.101774e+30 4.193591e+38
2.511886e+08 3.200405e+30 8.039053e+38
3.162278e+08 4.631506e+30 1.464611e+39
3.981072e+08 6.285599e+30 2.502342e+39
5.011872e+08 8.009500e+30 4.014259e+39
6.309573e+08 9.676888e+30 6.105704e+39
7.943282e+08 1.121765e+31 8.910498e+39
1.000000e+09 1.261028e+31 1.261028e+40
1.258925e+09 1.386147e+31 1.745056e+40
1.584893e+09 1.498834e+31 2.375492e+40
1.995262e+09 1.600717e+31 3.193850e+40
2.511886e+09 1.692768e+31 4.252040e+40
3.162278e+09 1.775061e+31 5.613235e+40
3.981072e+09 1.846698e+31 7.351837e+40
5.011872e+09 1.905825e+31 9.551751e+40
6.309573e+09 1.949708e+31 1.230182e+41
7.943282e+09 1.974892e+31 1.568713e+41
1.000000e+10 1.977483e+31 1.977483e+41
1.258925e+10 1.953596e+31 2.459432e+41
1.584893e+10 1.900031e+31 3.011347e+41
1.995262e+10 1.815128e+31 3.621657e+41
2.511886e+10 1.699713e+31 4.269485e+41
3.162278e+10 1.557844e+31 4.926335e+41
3.981072e+10 1.396983e+31 5.561491e+41
5.011872e+10 1.227200e+31 6.150568e+41
6.309573e+10 1.059366e+31 6.684145e+41
7.943282e+10 9.026768e+30 7.170217e+41
1.000000e+11 7.630592e+30 7.630592e+41
1.258925e+11 6.424894e+30 8.088462e+41
1.584893e+11 5.401139e+30 8.560228e+41
1.995262e+11 4.537572e+30 9.053647e+41
2.511886e+11 3.810330e+30 9.571117e+41
3.162278e+11 3.197983e+30 1.011291e+42
3.981072e+11 2.682305e+30 1.067845e+42
5.011872e+11 2.247947e+30 1.126642e+42
6.309573e+11 1.881993e+30 1.187457e+42
7.943282e+11 1.573578e+30 1.249938e+42
1.000000e+12 1.313567e+30 1.313567e+42
1.258925e+12 1.094274e+30 1.377610e+42
1.584893e+12 9.092431e+29 1.441053e+42
1.995262e+12 7.530500e+29 1.502532e+42
2.511886e+12 6.211440e+29 1.560243e+42
3.162278e+12 5.097132e+29 1.611855e+42
3.981072e+12 4.155717e+29 1.654421e+42
5.011872e+12 3.360654e+29 1.684317e+42
6.309573e+12 2.689939e+29 1.697237e+42
7.943282e+12 2.125432e+29 1.688291e+42
1.000000e+13 1.652284e+29 1.652284e+42
1.258925e+13 1.258417e+29 1.584253e+42
1.584893e+13 9.340357e+28 1.480347e+42
1.995262e+13 6.711213e+28 1.339063e+42
2.511886e+13 4.628987e+28 1.162749e+42
3.162278e+13 3.032647e+28 9.590071e+41
3.981072e+13 1.862180e+28 7.413473e+41
5.011872e+13 1.053903e+28 5.282027e+41
6.309573e+13 5.382538e+27 3.396152e+41
7.943282e+13 2.415656e+27 1.918824e+41
1.000000e+14 9.213163e+26 9.213163e+40
1.258925e+14 2.862918e+26 3.604200e+40
1.584893e+14 6.873816e+25 1.089426e+40
1.995262e+14 1.192816e+25 2.379980e+39
2.511886e+14 1.375381e+24 3.454801e+38
3.162278e+14 9.479411e+22 2.997653e+37
3.981072e+14 3.418066e+21 1.360757e+36
5.011872e+14 5.452169e+19 2.732558e+34
6.309573e+14 3.114828e+17 1.965323e+32
7.943282e+14 4.885549e+14 3.880730e+29
1.000000e+15 1.505395e+11 1.505395e+26
1.258925e+15 5.979320e+06 7.527517e+21
1.584893e+15 1.801118e+01 2.854579e+16
1.995262e+15 2.110065e-06 4.210133e+09
2.511886e+15 4.147509e-15 1.041807e+01
3.162278e+15 4.745654e-26 1.500708e-10
3.981072e+15 8.331909e-40 3.316993e-24
5.011872e+15 4.178319e-57 2.094120e-41
6.309573e+15 7.172946e-79 4.525823e-63
7.943282e+15 2.901935e-106 2.305089e-90
1.000000e+16 9.516814e-141 9.516814e-125
1.258925e+16 3.650594e-184 4.595826e-168
1.584893e+16 7.929284e-239 1.256707e-222
1.995262e+16 0.000000e+00 0.000000e+00
2.511886e+16 0.000000e+00 0.000000e+00
3.162278e+16 0.000000e+00 0.000000e+00
3.981072e+16 0.000000e+00 0.000000e+00
5.011872e+16 0.000000e+00 0.000000e+00
6.309573e+16 0.000000e+00 0.000000e+00
7.943282e+16 0.000000e+00 0.000000e+00
1.000000e+17 0.000000e+00 0.000000e+00
1.258925e+17 0.000000e+00 0.000000e+00
1.584893e+17 0.000000e+00 0.000000e+00
1.995262e+17 0.000000e+00 0.000000e+00
2.511886e+17 0.000000e+00 0.000000e+00
3.162278e+17 0.000000e+00 0.000000e+00
3.981072e+17 0.000000e+00 0.000000e+00
5.011872e+17 0.000000e+00 0.000000e+00
6.309573e+17 0.000000e+00 0.000000e+00
7.943282e+17 0.000000e+00 0.000000e+00
1.000000e+18 0.000000e+00 0.000000e+00
1.258925e+18 0.000000e+00 0.000000e+00
1.584893e+18 0.000000e+00 0.000000e+00
1.995262e+18 0.000000e+00 0.000000e+00
2.511886e+18 0.000000e+00 0.000000e+00
3.162278e+18 0.000000e+00 0.000000e+00
3.981072e+18 0.000000e+00 0.000000e+00
5.011872e+18 0.000000e+00 0.000000e+00
6.309573e+18 0.000000e+00 0.000000e+00
7.943282e+18 0.000000e+00 0.000000e+00
1.000000e+19 0.000000e+00 0.000000e+00
1.258925e+19 0.000000e+00 0.000000e+00
1.584893e+19 0.000000e+00 0.000000e+00
1.995262e+19 0.000000e+00 0.000000e+00
2.511886e+19 0.000000e+00 0.000000e+00
3.162278e+19 0.000000e+00 0.000000e+00
3.981072e+19 0.000000e+00 0.000000e+00
5.011872e+19 0.000000e+00 0.000000e+00
6.309573e+19 0.000000e+00 0.000000e+00
7.943282e+19 0.000000e+00 0.000000e+00
1.000000e+20 0.000000e+00 0.000000e+00
1.258925e+20 0.000000e+00 0.000000e+00
1.584893e+20 0.000000e+00 0.000000e+00
1.995262e+20 0.000000e+00 0.000000e+00
2.511886e+20 0.000000e+00 0.000000e+00
3.162278e+20 0.000000e+00 0.000000e+00
3.981072e+20 0.000000e+00 0.000000e+00
5.011872e+20 0.000000e+00 0.000000e+00
6.309573e+20 0.000000e+00 0.000000e+00
7.943282e+20 0.000000e+00 0.000000e+00
1.000000e+21 0.000000e+00 0.000000e+00
1.258925e+21 0.000000e+00 0.000000e+00
1.584893e+21 0.000000e+00 0.000000e+00
1.995262e+21 0.000000e+00 0.000000e+00
2.511886e+21 0.000000e+00 0.000000e+00
3.162278e+21 0.000000e+00 0.000000e+00
3.981072e+21 0.000000e+00 0.000000e+00
5.011872e+21 0.000000e+00 0.000000e+00
6.309573e+21 0.000000e+00 0.000000e+00
7.943282e+21 0.000000e+00 0.000000e+00
1.000000e+22 0.000000e+00 0.000000e+00
1.258925e+22 0.000000e+00 0.000000e+00
1.584893e+22 0.000000e+00 0.000000e+00
1.995262e+22 0.000000e+00 0.000000e+00
2.511886e+22 0.000000e+00 0.000000e+00
3.162278e+22 0.000000e+00 0.000000e+00
3.981072e+22 0.000000e+00 0.000000e+00
5.011872e+22 0.000000e+00 0.000000e+00
6.309573e+22 0.000000e+00 0.000000e+00
7.943282e+22 0.000000e+00 0.000000e+00
1.000000e+23 0.000000e+00 0.000000e+00
1.258925e+23 0.000000e+00 0.000000e+00
1.584893e+23 0.000000e+00 0.000000e+00
1.995262e+23 0.000000e+00 0.000000e+00
2.511886e+23 0.000000e+00 0.000000e+00
3.162278e+23 0.000000e+00 0.000000e+00
3.981072e+23 0.000000e+00 0.000000e+00
5.011872e+23 0.000000e+00 0.000000e+00
6.309573e+23 0.000000e+00 0.000000e+00
7.943282e+23 0.000000e+00 0.000000e+00
1.000000e+24 0.000000e+00 0.000000e+00
1.258925e+24 0.000000e+00 0.000000e+00
1.584893e+24 0.000000e+00 0.000000e+00
1.995262e+24 0.000000e+00 0.000000e+00
2.511886e+24 0.000000e+00 0.000000e+00
3.162278e+24 0.000000e+00 0.000000e+00
3.981072e+24 0.000000e+00 0.000000e+00
5.011872e+24 0.000000e+00 0.000000e+00
6.309573e+24 0.000000e+00 0.000000e+00
7.943282e+24 0.000000e+00 0.000000e+00
1.000000e+25 0.000000e+00 0.000000e+00
1.258925e+25 0.000000e+00 0.000000e+00
1.584893e+25 0.000000e+00 0.000000e+00
1.995262e+25 0.000000e+00 0.000000e+00
2.511886e+25 0.000000e+00 0.000000e+00
3.162278e+25 0.000000e+00 0.000000e+00
3.981072e+25 0.000000e+00 0.000000e+00
5.011872e+25 0.000000e+00 0.000000e+00
6.309573e+25 0.000000e+00 0.000000e+00
7.943282e+25 0.000000e+00 0.000000e+00
1.000000e+26 0.000000e+00 0.000000e+00
1.258925e+26 0.000000e+00 0.000000e+00
1.584893e+26 0.000000e+00 0.000000e+00
1.995262e+26 0.000000e+00 0.000000e+00
2.511886e+26 0.000000e+00 0.000000e+00
3.162278e+26 0.000000e+00 0.000000e+00
3.981072e+26 0.000000e+00 0.000000e+00
5.011872e+26 0.000000e+00 0.000000e+00
6.309573e+26 0.000000e+00 0.000000e+00
7.943282e+26 0.000000e+00 0.000000e+00
1.000000e+27 0.000000e+00 0.000000e+00
1.258925e+27 0.000000e+00 0.000000e+00
1.584893e+27 0.000000e+00 0.000000e+00
1.995262e+27 0.000000e+00 0.000000e+00
2.511886e+27 0.000000e+00 0.000000e+00
3.162278e+27 0.000000e+00 0.000000e+00
3.981072e+27 0.000000e+00 0.000000e+00
5.011872e+27 0.000000e+00 0.000000e+00
6.309573e+27 0.000000e+00 0.000000e+00
7.943282e+27 0.000000e+00 0.000000e+00
