1.000000e+08 3.148384e+28 3.148384e+36
1.258925e+08 4.988479e+28 6.280123e+36
1.584893e+08 7.903422e+28 1.252608e+37
1.995262e+08 1.252036e+29 2.498140e+37
2.511886e+08 1.983143e+29 4.981430e+37
3.162278e+08 3.140465e+29 9.931022e+37
3.981072e+08 4.971357e+29 1.979133e+38
5.011872e+08 7.864482e+29 3.941578e+38
6.309573e+08 1.242102e+30 7.837135e+38
7.943282e+08 1.948384e+30 1.547657e+39
1.000000e+09 2.986010e+30 2.986010e+39
1.258925e+09 4.365272e+30 5.495551e+39
1.584893e+09 5.991730e+30 9.496253e+39
1.995262e+09 7.714008e+30 1.539147e+40
2.511886e+09 9.397724e+30 2.360601e+40
3.162278e+09 1.096292e+31 3.466780e+40
3.981072e+09 1.238109e+31 4.928999e+40
5.011872e+09 1.365551e+31 6.843969e+40
6.309573e+09 1.480250e+31 9.339744e+40
7.943282e+09 1.583900e+31 1.258136e+41
1.000000e+10 1.677611e+31 1.677611e+41
1.258925e+10 1.761620e+31 2.217748e+41
1.584893e+10 1.835197e+31 2.908592e+41
1.995262e+10 1.896649e+31 3.784312e+41
2.511886e+10 1.943384e+31 4.881560e+41
3.162278e+10 1.972056e+31 6.236190e+41
3.981072e+10 1.978819e+31 7.877821e+41
5.011872e+10 1.959747e+31 9.822001e+41
6.309573e+10 1.911463e+31 1.206051e+42
7.943282e+10 1.831975e+31 1.455189e+42
1.000000e+11 1.721617e+31 1.721617e+42
1.258925e+11 1.583860e+31 1.993962e+42
1.584893e+11 1.425606e+31 2.259434e+42
1.995262e+11 1.256579e+31 2.507205e+42
2.511886e+11 1.087617e+31 2.731972e+42
3.162278e+11 9.285362e+30 2.936289e+42
3.981072e+11 7.857412e+30 3.128092e+42
5.011872e+11 6.618943e+30 3.317330e+42
6.309573e+11 5.565238e+30 3.511428e+42
7.943282e+11 4.675834e+30 3.714147e+42
1.000000e+12 3.926747e+30 3.926747e+42
1.258925e+12 3.296012e+30 4.149433e+42
1.584893e+12 2.764865e+30 4.382016e+42
1.995262e+12 2.317494e+30 4.624009e+42
2.511886e+12 1.940595e+30 4.874553e+42
3.162278e+12 1.622973e+30 5.132292e+42
3.981072e+12 1.355216e+30 5.395213e+42
5.011872e+12 1.129408e+30 5.660446e+42
6.309573e+12 9.388931e+29 5.924015e+42
7.943282e+12 7.780836e+29 6.180538e+42
1.000000e+13 6.422885e+29 6.422885e+42
1.258925e+13 5.275771e+29 6.641802e+42
1.584893e+13 4.306628e+29 6.825545e+42
1.995262e+13 3.488064e+29 6.959602e+42
2.511886e+13 2.797341e+29 7.026603e+42
3.162278e+13 2.215699e+29 7.006654e+42
3.981072e+13 1.727759e+29 6.878332e+42
5.011872e+13 1.321003e+29 6.620699e+42
6.309573e+13 9.852778e+28 6.216683e+42
7.943282e+13 7.122952e+28 5.657962e+42
1.000000e+14 4.951064e+28 4.951064e+42
1.258925e+14 3.275339e+28 4.123407e+42
1.584893e+14 2.035969e+28 3.226793e+42
1.995262e+14 1.170149e+28 2.334754e+42
2.511886e+14 6.093282e+27 1.530563e+42
3.162278e+14 2.802231e+27 8.861433e+41
3.981072e+14 1.102118e+27 4.387612e+41
5.011872e+14 3.559884e+26 1.784168e+41
6.309573e+14 8.973960e+25 5.662186e+40
7.943282e+14 1.655760e+25 1.315217e+40
1.000000e+15 2.062445e+24 2.062445e+39
1.258925e+15 1.566603e+23 1.972237e+38
1.584893e+15 6.384220e+21 1.011831e+37
1.995262e+15 1.187978e+20 2.370327e+35
2.511886e+15 8.239665e+17 2.069710e+33
3.162278e+15 1.649820e+15 5.217188e+30
3.981072e+15 6.913208e+11 2.752198e+27
5.011872e+15 4.043478e+07 2.026539e+23
6.309573e+15 1.982614e+02 1.250945e+18
7.943282e+15 4.289154e-05 3.406996e+11
1.000000e+16 1.824809e-13 1.824809e+03
1.258925e+16 5.519925e-24 6.949173e-08
1.584893e+16 3.296280e-37 5.224252e-21
1.995262e+16 7.726230e-54 1.541586e-37
2.511886e+16 9.259021e-75 2.325761e-58
3.162278e+16 4.335870e-101 1.371122e-84
3.981072e+16 3.110203e-134 1.238194e-117
5.011872e+16 5.809494e-176 2.911644e-159
6.309573e+16 1.681451e-228 1.060924e-211
7.943282e+16 0.000000e+00 0.000000e+00
1.000000e+17 0.000000e+00 0.000000e+00
1.258925e+17 0.000000e+00 0.000000e+00
1.584893e+17 0.000000e+00 0.000000e+00
1.995262e+17 0.000000e+00 0.000000e+00
2.511886e+17 0.000000e+00 0.000000e+00
3.162278e+17 0.000000e+00 0.000000e+00
3.981072e+17 0.000000e+00 0.000000e+00
5.011872e+17 0.000000e+00 0.000000e+00
6.309573e+17 0.000000e+00 0.000000e+00
7.943282e+17 0.000000e+00 0.000000e+00
1.000000e+18 0.000000e+00 0.000000e+00
1.258925e+18 0.000000e+00 0.000000e+00
1.584893e+18 0.000000e+00 0.000000e+00
1.995262e+18 0.000000e+00 0.000000e+00
2.511886e+18 0.000000e+00 0.000000e+00
3.162278e+18 0.000000e+00 0.000000e+00
3.981072e+18 0.000000e+00 0.000000e+00
5.011872e+18 0.000000e+00 0.000000e+00
6.309573e+18 0.000000e+00 0.000000e+00
7.943282e+18 0.000000e+00 0.000000e+00
1.000000e+19 0.000000e+00 0.000000e+00
1.258925e+19 0.000000e+00 0.000000e+00
1.584893e+19 0.000000e+00 0.000000e+00
1.995262e+19 0.000000e+00 0.000000e+00
2.511886e+19 0.000000e+00 0.000000e+00
3.162278e+19 0.000000e+00 0.000000e+00
3.981072e+19 0.000000e+00 0.000000e+00
5.011872e+19 0.000000e+00 0.000000e+00
6.309573e+19 0.000000e+00 0.000000e+00
7.943282e+19 0.000000e+00 0.000000e+00
1.000000e+20 0.000000e+00 0.000000e+00
1.258925e+20 0.000000e+00 0.000000e+00
1.584893e+20 0.000000e+00 0.000000e+00
1.995262e+20 0.000000e+00 0.000000e+00
2.511886e+20 0.000000e+00 0.000000e+00
3.162278e+20 0.000000e+00 0.000000e+00
3.981072e+20 0.000000e+00 0.000000e+00
5.011872e+20 0.000000e+00 0.000000e+00
6.309573e+20 0.000000e+00 0.000000e+00
7.943282e+20 0.000000e+00 0.000000e+00
1.000000e+21 0.000000e+00 0.000000e+00
1.258925e+21 0.000000e+00 0.000000e+00
1.584893e+21 0.000000e+00 0.000000e+00
1.995262e+21 0.000000e+00 0.000000e+00
2.511886e+21 0.000000e+00 0.000000e+00
3.162278e+21 0.000000e+00 0.000000e+00
3.981072e+21 0.000000e+00 0.000000e+00
5.011872e+21 0.000000e+00 0.000000e+00
6.309573e+21 0.000000e+00 0.000000e+00
7.943282e+21 0.000000e+00 0.000000e+00
1.000000e+22 0.000000e+00 0.000000e+00
1.258925e+22 0.000000e+00 0.000000e+00
1.584893e+22 0.000000e+00 0.000000e+00
1.995262e+22 0.000000e+00 0.000000e+00
2.511886e+22 0.000000e+00 0.000000e+00
3.162278e+22 0.000000e+00 0.000000e+00
3.981072e+22 0.000000e+00 0.000000e+00
5.011872e+22 0.000000e+00 0.000000e+00
6.309573e+22 0.000000e+00 0.000000e+00
7.943282e+22 0.000000e+00 0.000000e+00
1.000000e+23 0.000000e+00 0.000000e+00
1.258925e+23 0.000000e+00 0.000000e+00
1.584893e+23 0.000000e+00 0.000000e+00
1.995262e+23 0.000000e+00 0.000000e+00
2.511886e+23 0.000000e+00 0.000000e+00
3.162278e+23 0.000000e+00 0.000000e+00
3.981072e+23 0.000000e+00 0.000000e+00
5.011872e+23 0.000000e+00 0.000000e+00
6.309573e+23 0.000000e+00 0.000000e+00
7.943282e+23 0.000000e+00 0.000000e+00
1.000000e+24 0.000000e+00 0.000000e+00
1.258925e+24 0.000000e+00 0.000000e+00
1.584893e+24 0.000000e+00 0.000000e+00
1.995262e+24 0.000000e+00 0.000000e+00
2.511886e+24 0.000000e+00 0.000000e+00
3.162278e+24 0.000000e+00 0.000000e+00
3.981072e+24 0.000000e+00 0.000000e+00
5.011872e+24 0.000000e+00 0.000000e+00
6.309573e+24 0.000000e+00 0.000000e+00
7.943282e+24 0.000000e+00 0.000000e+00
1.000000e+25 0.000000e+00 0.000000e+00
1.258925e+25 0.000000e+00 0.000000e+00
1.584893e+25 0.000000e+00 0.000000e+00
1.995262e+25 0.000000e+00 0.000000e+00
2.511886e+25 0.000000e+00 0.000000e+00
3.162278e+25 0.000000e+00 0.000000e+00
3.981072e+25 0.000000e+00 0.000000e+00
5.011872e+25 0.000000e+00 0.000000e+00
6.309573e+25 0.000000e+00 0.000000e+00
7.943282e+25 0.000000e+00 0.000000e+00
1.000000e+26 0.000000e+00 0.000000e+00
1.258925e+26 0.000000e+00 0.000000e+00
1.584893e+26 0.000000e+00 0.000000e+00
1.995262e+26 0.000000e+00 0.000000e+00
2.511886e+26 0.000000e+00 0.000000e+00
3.162278e+26 0.000000e+00 0.000000e+00
3.981072e+26 0.000000e+00 0.000000e+00
5.011872e+26 0.000000e+00 0.000000e+00
6.309573e+26 0.000000e+00 0.000000e+00
7.943282e+26 0.000000e+00 0.000000e+00
1.000000e+27 0.000000e+00 0.000000e+00
1.258925e+27 0.000000e+00 0.000000e+00
1.584893e+27 0.000000e+00 0.000000e+00
1.995262e+27 0.000000e+00 0.000000e+00
2.511886e+27 0.000000e+00 0.000000e+00
3.162278e+27 0.000000e+00 0.000000e+00
3.981072e+27 0.000000e+00 0.000000e+00
5.011872e+27 0.000000e+00 0.000000e+00
6.309573e+27 0.000000e+00 0.000000e+00
7.943282e+27 0.000000e+00 0.000000e+00
