1.000000e+08 4.736089e+27 4.736089e+35
1.258925e+08 7.505411e+27 9.448753e+35
1.584893e+08 1.189370e+28 1.885025e+36
1.995262e+08 1.884711e+28 3.760492e+36
2.511886e+08 2.986436e+28 7.501588e+36
3.162278e+08 4.731916e+28 1.496363e+37
3.981072e+08 7.497015e+28 2.984615e+37
5.011872e+08 1.187671e+29 5.952453e+37
6.309573e+08 1.881230e+29 1.186976e+38
7.943282e+08 2.979171e+29 2.366440e+38
1.000000e+09 4.716277e+29 4.716277e+38
1.258925e+09 7.461704e+29 9.393729e+38
1.584893e+09 1.178853e+30 1.868355e+39
1.995262e+09 1.851697e+30 3.694622e+39
2.511886e+09 2.848847e+30 7.155979e+39
3.162278e+09 4.191885e+30 1.325590e+40
3.981072e+09 5.797313e+30 2.307952e+40
5.011872e+09 7.516264e+30 3.767055e+40
6.309573e+09 9.209577e+30 5.810850e+40
7.943282e+09 1.079063e+31 8.571306e+40
1.000000e+10 1.222591e+31 1.222591e+41
1.258925e+10 1.351612e+31 1.701578e+41
1.584893e+10 1.467680e+31 2.326115e+41
1.995262e+10 1.572526e+31 3.137602e+41
2.511886e+10 1.667348e+31 4.188189e+41
3.162278e+10 1.752489e+31 5.541856e+41
3.981072e+10 1.827331e+31 7.274736e+41
5.011872e+10 1.890289e+31 9.473889e+41
6.309573e+10 1.938870e+31 1.223345e+42
7.943282e+10 1.969804e+31 1.564671e+42
1.000000e+11 1.979283e+31 1.979283e+42
1.258925e+11 1.963364e+31 2.471728e+42
1.584893e+11 1.918566e+31 3.040723e+42
1.995262e+11 1.842694e+31 3.676657e+42
2.511886e+11 1.735766e+31 4.360048e+42
3.162278e+11 1.600866e+31 5.062382e+42
3.981072e+11 1.444512e+31 5.750708e+42
5.011872e+11 1.276172e+31 6.396012e+42
6.309573e+11 1.106724e+31 6.982956e+42
7.943282e+11 9.460514e+30 7.514753e+42
1.000000e+12 8.011787e+30 8.011787e+42
1.258925e+12 6.751364e+30 8.499464e+42
1.584893e+12 5.677337e+30 8.997972e+42
1.995262e+12 4.770307e+30 9.518013e+42
2.511886e+12 4.006294e+30 1.006336e+43
3.162278e+12 3.362994e+30 1.063472e+43
3.981072e+12 2.821276e+30 1.123170e+43
5.011872e+12 2.365012e+30 1.185314e+43
6.309573e+12 1.980632e+30 1.249695e+43
7.943282e+12 1.656719e+30 1.315979e+43
1.000000e+13 1.383669e+30 1.383669e+43
1.258925e+13 1.153407e+30 1.452054e+43
1.584893e+13 9.591457e+29 1.520144e+43
1.995262e+13 7.951820e+29 1.586597e+43
2.511886e+13 6.567298e+29 1.649631e+43
3.162278e+13 5.397775e+29 1.706926e+43
3.981072e+13 4.409699e+29 1.755533e+43
5.011872e+13 3.575095e+29 1.791792e+43
6.309573e+13 2.870728e+29 1.811307e+43
7.943282e+13 2.277410e+29 1.809011e+43
1.000000e+14 1.779405e+29 1.779405e+43
1.258925e+14 1.363891e+29 1.717037e+43
1.584893e+14 1.020467e+29 1.617332e+43
1.995262e+14 7.406595e+28 1.477810e+43
2.511886e+14 5.173924e+28 1.299631e+43
3.162278e+14 3.444298e+28 1.089183e+43
3.981072e+14 2.157962e+28 8.591000e+42
5.011872e+14 1.252649e+28 6.278118e+42
6.309573e+14 6.604999e+27 4.167473e+42
7.943282e+14 3.085783e+27 2.451125e+42
1.000000e+15 1.237943e+27 1.237943e+42
1.258925e+15 4.099669e+26 5.161178e+41
1.584893e+15 1.066460e+26 1.690225e+41
1.995262e+15 2.047100e+25 4.084502e+40
2.511886e+15 2.680118e+24 6.732152e+39
3.162278e+15 2.167508e+23 6.854263e+38
3.981072e+15 9.558516e+21 3.805314e+37
5.011872e+15 1.964482e+20 9.845732e+35
6.309573e+15 1.544119e+18 9.742735e+33
7.943282e+15 3.619156e+15 2.874797e+31
1.000000e+16 1.849099e+12 1.849099e+28
1.258925e+16 1.388166e+08 1.747597e+24
1.584893e+16 9.319641e+02 1.477064e+19
1.995262e+16 2.994638e-04 5.975087e+12
2.511886e+16 2.096472e-12 5.266101e+04
3.162278e+16 1.187188e-22 3.754218e-06
3.981072e+16 1.561336e-35 6.215791e-19
5.011872e+16 9.893084e-52 4.958287e-35
6.309573e+16 4.150987e-72 2.619096e-55
7.943282e+16 9.430296e-98 7.490750e-81
1.000000e+17 4.947549e-130 4.947549e-113
1.258925e+17 1.132674e-170 1.425952e-153
1.584893e+17 7.691797e-222 1.219068e-204
1.995262e+17 0.000000e+00 0.000000e+00
2.511886e+17 0.000000e+00 0.000000e+00
3.162278e+17 0.000000e+00 0.000000e+00
3.981072e+17 0.000000e+00 0.000000e+00
5.011872e+17 0.000000e+00 0.000000e+00
6.309573e+17 0.000000e+00 0.000000e+00
7.943282e+17 0.000000e+00 0.000000e+00
1.000000e+18 0.000000e+00 0.000000e+00
1.258925e+18 0.000000e+00 0.000000e+00
1.584893e+18 0.000000e+00 0.000000e+00
1.995262e+18 0.000000e+00 0.000000e+00
2.511886e+18 0.000000e+00 0.000000e+00
3.162278e+18 0.000000e+00 0.000000e+00
3.981072e+18 0.000000e+00 0.000000e+00
5.011872e+18 0.000000e+00 0.000000e+00
6.309573e+18 0.000000e+00 0.000000e+00
7.943282e+18 0.000000e+00 0.000000e+00
1.000000e+19 0.000000e+00 0.000000e+00
1.258925e+19 0.000000e+00 0.000000e+00
1.584893e+19 0.000000e+00 0.000000e+00
1.995262e+19 0.000000e+00 0.000000e+00
2.511886e+19 0.000000e+00 0.000000e+00
3.162278e+19 0.000000e+00 0.000000e+00
3.981072e+19 0.000000e+00 0.000000e+00
5.011872e+19 0.000000e+00 0.000000e+00
6.309573e+19 0.000000e+00 0.000000e+00
7.943282e+19 0.000000e+00 0.000000e+00
1.000000e+20 0.000000e+00 0.000000e+00
1.258925e+20 0.000000e+00 0.000000e+00
1.584893e+20 0.000000e+00 0.000000e+00
1.995262e+20 0.000000e+00 0.000000e+00
2.511886e+20 0.000000e+00 0.000000e+00
3.162278e+20 0.000000e+00 0.000000e+00
3.981072e+20 0.000000e+00 0.000000e+00
5.011872e+20 0.000000e+00 0.000000e+00
6.309573e+20 0.000000e+00 0.000000e+00
7.943282e+20 0.000000e+00 0.000000e+00
1.000000e+21 0.000000e+00 0.000000e+00
1.258925e+21 0.000000e+00 0.000000e+00
1.584893e+21 0.000000e+00 0.000000e+00
1.995262e+21 0.000000e+00 0.000000e+00
2.511886e+21 0.000000e+00 0.000000e+00
3.162278e+21 0.000000e+00 0.000000e+00
3.981072e+21 0.000000e+00 0.000000e+00
5.011872e+21 0.000000e+00 0.000000e+00
6.309573e+21 0.000000e+00 0.000000e+00
7.943282e+21 0.000000e+00 0.000000e+00
1.000000e+22 0.000000e+00 0.000000e+00
1.258925e+22 0.000000e+00 0.000000e+00
1.584893e+22 0.000000e+00 0.000000e+00
1.995262e+22 0.000000e+00 0.000000e+00
2.511886e+22 0.000000e+00 0.000000e+00
3.162278e+22 0.000000e+00 0.000000e+00
3.981072e+22 0.000000e+00 0.000000e+00
5.011872e+22 0.000000e+00 0.000000e+00
6.309573e+22 0.000000e+00 0.000000e+00
7.943282e+22 0.000000e+00 0.000000e+00
1.000000e+23 0.000000e+00 0.000000e+00
1.258925e+23 0.000000e+00 0.000000e+00
1.584893e+23 0.000000e+00 0.000000e+00
1.995262e+23 0.000000e+00 0.000000e+00
2.511886e+23 0.000000e+00 0.000000e+00
3.162278e+23 0.000000e+00 0.000000e+00
3.981072e+23 0.000000e+00 0.000000e+00
5.011872e+23 0.000000e+00 0.000000e+00
6.309573e+23 0.000000e+00 0.000000e+00
7.943282e+23 0.000000e+00 0.000000e+00
1.000000e+24 0.000000e+00 0.000000e+00
1.258925e+24 0.000000e+00 0.000000e+00
1.584893e+24 0.000000e+00 0.000000e+00
1.995262e+24 0.000000e+00 0.000000e+00
2.511886e+24 0.000000e+00 0.000000e+00
3.162278e+24 0.000000e+00 0.000000e+00
3.981072e+24 0.000000e+00 0.000000e+00
5.011872e+24 0.000000e+00 0.000000e+00
6.309573e+24 0.000000e+00 0.000000e+00
7.943282e+24 0.000000e+00 0.000000e+00
1.000000e+25 0.000000e+00 0.000000e+00
1.258925e+25 0.000000e+00 0.000000e+00
1.584893e+25 0.000000e+00 0.000000e+00
1.995262e+25 0.000000e+00 0.000000e+00
2.511886e+25 0.000000e+00 0.000000e+00
3.162278e+25 0.000000e+00 0.000000e+00
3.981072e+25 0.000000e+00 0.000000e+00
5.011872e+25 0.000000e+00 0.000000e+00
6.309573e+25 0.000000e+00 0.000000e+00
7.943282e+25 0.000000e+00 0.000000e+00
1.000000e+26 0.000000e+00 0.000000e+00
1.258925e+26 0.000000e+00 0.000000e+00
1.584893e+26 0.000000e+00 0.000000e+00
1.995262e+26 0.000000e+00 0.000000e+00
2.511886e+26 0.000000e+00 0.000000e+00
3.162278e+26 0.000000e+00 0.000000e+00
3.981072e+26 0.000000e+00 0.000000e+00
5.011872e+26 0.000000e+00 0.000000e+00
6.309573e+26 0.000000e+00 0.000000e+00
7.943282e+26 0.000000e+00 0.000000e+00
1.000000e+27 0.000000e+00 0.000000e+00
1.258925e+27 0.000000e+00 0.000000e+00
1.584893e+27 0.000000e+00 0.000000e+00
1.995262e+27 0.000000e+00 0.000000e+00
2.511886e+27 0.000000e+00 0.000000e+00
3.162278e+27 0.000000e+00 0.000000e+00
3.981072e+27 0.000000e+00 0.000000e+00
5.011872e+27 0.000000e+00 0.000000e+00
6.309573e+27 0.000000e+00 0.000000e+00
7.943282e+27 0.000000e+00 0.000000e+00
