1.000000e+08 1.547459e+28 1.547459e+36
1.258925e+08 2.452091e+28 3.086999e+36
1.584893e+08 3.885364e+28 6.157887e+36
1.995262e+08 6.155993e+28 1.228282e+37
2.511886e+08 9.752730e+28 2.449775e+37
3.162278e+08 1.544903e+29 4.885414e+37
3.981072e+08 2.446806e+29 9.740908e+37
5.011872e+08 3.874155e+29 1.941677e+38
6.309573e+08 6.131263e+29 3.868565e+38
7.943282e+08 9.694385e+29 7.700524e+38
1.000000e+09 1.528147e+30 1.528147e+39
1.258925e+09 2.378394e+30 2.994221e+39
1.584893e+09 3.577366e+30 5.669743e+39
1.995262e+09 5.086580e+30 1.014906e+40
2.511886e+09 6.776043e+30 1.702065e+40
3.162278e+09 8.494401e+30 2.686166e+40
3.981072e+09 1.013040e+31 4.032984e+40
5.011872e+09 1.162953e+31 5.828571e+40
6.309573e+09 1.298045e+31 8.190110e+40
7.943282e+09 1.419437e+31 1.127499e+41
1.000000e+10 1.528901e+31 1.528901e+41
1.258925e+10 1.627920e+31 2.049430e+41
1.584893e+10 1.717226e+31 2.721620e+41
1.995262e+10 1.796618e+31 3.584723e+41
2.511886e+10 1.864920e+31 4.684467e+41
3.162278e+10 1.920018e+31 6.071630e+41
3.981072e+10 1.958952e+31 7.798727e+41
5.011872e+10 1.978106e+31 9.914015e+41
6.309573e+10 1.973534e+31 1.245216e+42
7.943282e+10 1.941469e+31 1.542164e+42
1.000000e+11 1.879055e+31 1.879055e+42
1.258925e+11 1.785245e+31 2.247490e+42
1.584893e+11 1.661727e+31 2.633660e+42
1.995262e+11 1.513550e+31 3.019930e+42
2.511886e+11 1.349048e+31 3.388654e+42
3.162278e+11 1.178723e+31 3.727451e+42
3.981072e+11 1.013243e+31 4.033794e+42
5.011872e+11 8.610110e+30 4.315277e+42
6.309573e+11 7.267684e+30 4.585599e+42
7.943282e+11 6.115540e+30 4.857746e+42
1.000000e+12 5.139874e+30 5.139874e+42
1.258925e+12 4.317506e+30 5.435418e+42
1.584893e+12 3.625036e+30 5.745295e+42
1.995262e+12 3.041951e+30 6.069490e+42
2.511886e+12 2.550889e+30 6.407542e+42
3.162278e+12 2.137236e+30 6.758534e+42
3.981072e+12 1.788700e+30 7.120942e+42
5.011872e+12 1.494937e+30 7.492433e+42
6.309573e+12 1.247250e+30 7.869618e+42
7.943282e+12 1.038328e+30 8.247729e+42
1.000000e+13 8.620234e+29 8.620234e+42
1.258925e+13 7.131781e+29 8.978380e+42
1.584893e+13 5.874640e+29 9.310677e+42
1.995262e+13 4.812582e+29 9.602363e+42
2.511886e+13 3.915352e+29 9.834920e+42
3.162278e+13 3.157774e+29 9.985759e+42
3.981072e+13 2.519010e+29 1.002836e+43
5.011872e+13 1.981911e+29 9.933085e+42
6.309573e+13 1.532470e+29 9.669231e+42
7.943282e+13 1.159309e+29 9.208717e+42
1.000000e+14 8.531902e+28 8.531902e+42
1.258925e+14 6.065062e+28 7.635460e+42
1.584893e+14 4.127323e+28 6.541367e+42
1.995262e+14 2.658505e+28 5.304415e+42
2.511886e+14 1.597950e+28 4.013868e+42
3.162278e+14 8.803721e+27 2.783981e+42
3.981072e+14 4.346642e+27 1.730429e+42
5.011872e+14 1.869378e+27 9.369084e+41
6.309573e+14 6.757325e+26 4.263584e+41
7.943282e+14 1.962668e+26 1.559003e+41
1.000000e+15 4.328268e+25 4.328268e+40
1.258925e+15 6.748509e+24 8.495870e+39
1.584893e+15 6.800496e+23 1.077806e+39
1.995262e+15 3.955763e+22 7.892785e+37
2.511886e+15 1.152089e+21 2.893917e+36
3.162278e+15 1.404488e+19 4.441382e+34
3.981072e+15 5.719982e+16 2.277166e+32
5.011872e+15 5.859045e+13 2.936479e+29
6.309573e+15 1.055853e+10 6.661981e+25
7.943282e+15 2.134641e+05 1.695605e+21
1.000000e+16 2.747878e-01 2.747878e+15
1.258925e+16 1.103909e-08 1.389739e+08
1.584893e+16 5.639588e-18 8.938144e-02
1.995262e+16 1.183062e-29 2.360520e-13
2.511886e+16 2.452904e-44 6.161417e-28
3.162278e+16 8.339585e-63 2.637208e-46
3.981072e+16 4.818516e-86 1.918286e-69
5.011872e+16 2.714775e-115 1.360611e-98
6.309573e+16 4.085077e-152 2.577509e-135
7.943282e+16 1.779872e-198 1.413802e-181
1.000000e+17 0.000000e+00 0.000000e+00
1.258925e+17 0.000000e+00 0.000000e+00
1.584893e+17 0.000000e+00 0.000000e+00
1.995262e+17 0.000000e+00 0.000000e+00
2.511886e+17 0.000000e+00 0.000000e+00
3.162278e+17 0.000000e+00 0.000000e+00
3.981072e+17 0.000000e+00 0.000000e+00
5.011872e+17 0.000000e+00 0.000000e+00
6.309573e+17 0.000000e+00 0.000000e+00
7.943282e+17 0.000000e+00 0.000000e+00
1.000000e+18 0.000000e+00 0.000000e+00
1.258925e+18 0.000000e+00 0.000000e+00
1.584893e+18 0.000000e+00 0.000000e+00
1.995262e+18 0.000000e+00 0.000000e+00
2.511886e+18 0.000000e+00 0.000000e+00
3.162278e+18 0.000000e+00 0.000000e+00
3.981072e+18 0.000000e+00 0.000000e+00
5.011872e+18 0.000000e+00 0.000000e+00
6.309573e+18 0.000000e+00 0.000000e+00
7.943282e+18 0.000000e+00 0.000000e+00
1.000000e+19 0.000000e+00 0.000000e+00
1.258925e+19 0.000000e+00 0.000000e+00
1.584893e+19 0.000000e+00 0.000000e+00
1.995262e+19 0.000000e+00 0.000000e+00
2.511886e+19 0.000000e+00 0.000000e+00
3.162278e+19 0.000000e+00 0.000000e+00
3.981072e+19 0.000000e+00 0.000000e+00
5.011872e+19 0.000000e+00 0.000000e+00
6.309573e+19 0.000000e+00 0.000000e+00
7.943282e+19 0.000000e+00 0.000000e+00
1.000000e+20 0.000000e+00 0.000000e+00
1.258925e+20 0.000000e+00 0.000000e+00
1.584893e+20 0.000000e+00 0.000000e+00
1.995262e+20 0.000000e+00 0.000000e+00
2.511886e+20 0.000000e+00 0.000000e+00
3.162278e+20 0.000000e+00 0.000000e+00
3.981072e+20 0.000000e+00 0.000000e+00
5.011872e+20 0.000000e+00 0.000000e+00
6.309573e+20 0.000000e+00 0.000000e+00
7.943282e+20 0.000000e+00 0.000000e+00
1.000000e+21 0.000000e+00 0.000000e+00
1.258925e+21 0.000000e+00 0.000000e+00
1.584893e+21 0.000000e+00 0.000000e+00
1.995262e+21 0.000000e+00 0.000000e+00
2.511886e+21 0.000000e+00 0.000000e+00
3.162278e+21 0.000000e+00 0.000000e+00
3.981072e+21 0.000000e+00 0.000000e+00
5.011872e+21 0.000000e+00 0.000000e+00
6.309573e+21 0.000000e+00 0.000000e+00
7.943282e+21 0.000000e+00 0.000000e+00
1.000000e+22 0.000000e+00 0.000000e+00
1.258925e+22 0.000000e+00 0.000000e+00
1.584893e+22 0.000000e+00 0.000000e+00
1.995262e+22 0.000000e+00 0.000000e+00
2.511886e+22 0.000000e+00 0.000000e+00
3.162278e+22 0.000000e+00 0.000000e+00
3.981072e+22 0.000000e+00 0.000000e+00
5.011872e+22 0.000000e+00 0.000000e+00
6.309573e+22 0.000000e+00 0.000000e+00
7.943282e+22 0.000000e+00 0.000000e+00
1.000000e+23 0.000000e+00 0.000000e+00
1.258925e+23 0.000000e+00 0.000000e+00
1.584893e+23 0.000000e+00 0.000000e+00
1.995262e+23 0.000000e+00 0.000000e+00
2.511886e+23 0.000000e+00 0.000000e+00
3.162278e+23 0.000000e+00 0.000000e+00
3.981072e+23 0.000000e+00 0.000000e+00
5.011872e+23 0.000000e+00 0.000000e+00
6.309573e+23 0.000000e+00 0.000000e+00
7.943282e+23 0.000000e+00 0.000000e+00
1.000000e+24 0.000000e+00 0.000000e+00
1.258925e+24 0.000000e+00 0.000000e+00
1.584893e+24 0.000000e+00 0.000000e+00
1.995262e+24 0.000000e+00 0.000000e+00
2.511886e+24 0.000000e+00 0.000000e+00
3.162278e+24 0.000000e+00 0.000000e+00
3.981072e+24 0.000000e+00 0.000000e+00
5.011872e+24 0.000000e+00 0.000000e+00
6.309573e+24 0.000000e+00 0.000000e+00
7.943282e+24 0.000000e+00 0.000000e+00
1.000000e+25 0.000000e+00 0.000000e+00
1.258925e+25 0.000000e+00 0.000000e+00
1.584893e+25 0.000000e+00 0.000000e+00
1.995262e+25 0.000000e+00 0.000000e+00
2.511886e+25 0.000000e+00 0.000000e+00
3.162278e+25 0.000000e+00 0.000000e+00
3.981072e+25 0.000000e+00 0.000000e+00
5.011872e+25 0.000000e+00 0.000000e+00
6.309573e+25 0.000000e+00 0.000000e+00
7.943282e+25 0.000000e+00 0.000000e+00
1.000000e+26 0.000000e+00 0.000000e+00
1.258925e+26 0.000000e+00 0.000000e+00
1.584893e+26 0.000000e+00 0.000000e+00
1.995262e+26 0.000000e+00 0.000000e+00
2.511886e+26 0.000000e+00 0.000000e+00
3.162278e+26 0.000000e+00 0.000000e+00
3.981072e+26 0.000000e+00 0.000000e+00
5.011872e+26 0.000000e+00 0.000000e+00
6.309573e+26 0.000000e+00 0.000000e+00
7.943282e+26 0.000000e+00 0.000000e+00
1.000000e+27 0.000000e+00 0.000000e+00
1.258925e+27 0.000000e+00 0.000000e+00
1.584893e+27 0.000000e+00 0.000000e+00
1.995262e+27 0.000000e+00 0.000000e+00
2.511886e+27 0.000000e+00 0.000000e+00
3.162278e+27 0.000000e+00 0.000000e+00
3.981072e+27 0.000000e+00 0.000000e+00
5.011872e+27 0.000000e+00 0.000000e+00
6.309573e+27 0.000000e+00 0.000000e+00
7.943282e+27 0.000000e+00 0.000000e+00
