1.362693e+16 2.943189e-30 4.010663e-14 1.613440e+01 -1.339678e+01
1.303445e+16 2.921032e-29 3.807406e-13 1.611509e+01 -1.241937e+01
1.249135e+16 2.967178e-29 3.706406e-13 1.609661e+01 -1.243105e+01
1.199170e+16 3.025923e-29 3.628595e-13 1.607888e+01 -1.244026e+01
1.153048e+16 3.151564e-29 3.633904e-13 1.606185e+01 -1.243963e+01
1.110342e+16 3.345152e-29 3.714263e-13 1.604546e+01 -1.243013e+01
1.070687e+16 3.370115e-29 3.608339e-13 1.602966e+01 -1.244269e+01
1.033767e+16 3.579867e-29 3.700748e-13 1.601442e+01 -1.243171e+01
9.993080e+15 3.532205e-29 3.529760e-13 1.599970e+01 -1.245225e+01
9.670723e+15 3.666376e-29 3.545651e-13 1.598546e+01 -1.245030e+01
9.368512e+15 3.731376e-29 3.495744e-13 1.597167e+01 -1.245646e+01
9.084618e+15 3.803311e-29 3.455163e-13 1.595831e+01 -1.246153e+01
8.817424e+15 3.785481e-29 3.337819e-13 1.594534e+01 -1.247654e+01
8.565497e+15 3.927235e-29 3.363872e-13 1.593275e+01 -1.247316e+01
8.327567e+15 4.788952e-29 3.988032e-13 1.592052e+01 -1.239924e+01
8.102497e+15 5.648776e-29 4.576919e-13 1.590862e+01 -1.233943e+01
7.889274e+15 5.428358e-29 4.282580e-13 1.589704e+01 -1.236829e+01
7.686985e+15 5.879061e-29 4.519225e-13 1.588576e+01 -1.234494e+01
7.494810e+15 7.252430e-29 5.435559e-13 1.587476e+01 -1.226476e+01
7.312010e+15 7.942697e-29 5.807708e-13 1.586404e+01 -1.223600e+01
7.137914e+15 7.761540e-29 5.540121e-13 1.585357e+01 -1.225648e+01
6.971916e+15 7.683204e-29 5.356665e-13 1.584335e+01 -1.227111e+01
6.813464e+15 8.486760e-29 5.782423e-13 1.583337e+01 -1.223789e+01
6.662053e+15 8.891059e-29 5.923271e-13 1.582361e+01 -1.222744e+01
6.517226e+15 8.506736e-29 5.544032e-13 1.581406e+01 -1.225617e+01
6.378562e+15 8.762241e-29 5.589049e-13 1.580472e+01 -1.225266e+01
6.245675e+15 9.439678e-29 5.895716e-13 1.579558e+01 -1.222946e+01
6.118212e+15 9.107075e-29 5.571902e-13 1.578662e+01 -1.225400e+01
5.995848e+15 1.014660e-28 6.083746e-13 1.577785e+01 -1.221583e+01
5.878282e+15 1.310475e-28 7.703343e-13 1.576925e+01 -1.211332e+01
5.765238e+15 1.482700e-28 8.548118e-13 1.576082e+01 -1.206813e+01
5.656460e+15 1.399566e-28 7.916589e-13 1.575254e+01 -1.210146e+01
5.551711e+15 1.287446e-28 7.147529e-13 1.574443e+01 -1.214584e+01
5.450771e+15 1.321123e-28 7.201137e-13 1.573646e+01 -1.214260e+01
5.353436e+15 1.602312e-28 8.577873e-13 1.572863e+01 -1.206662e+01
5.259516e+15 1.763375e-28 9.274500e-13 1.572095e+01 -1.203271e+01
5.168834e+15 1.779157e-28 9.196166e-13 1.571339e+01 -1.203639e+01
5.081227e+15 1.799268e-28 9.142488e-13 1.570597e+01 -1.203894e+01
4.996540e+15 1.652766e-28 8.258110e-13 1.569867e+01 -1.208312e+01
4.914630e+15 1.682309e-28 8.267923e-13 1.569149e+01 -1.208260e+01
4.835361e+15 1.946146e-28 9.410320e-13 1.568443e+01 -1.202640e+01
4.758610e+15 1.962733e-28 9.339878e-13 1.567748e+01 -1.202966e+01
4.684256e+15 2.076592e-28 9.727289e-13 1.567064e+01 -1.201201e+01
4.612191e+15 2.051922e-28 9.463858e-13 1.566391e+01 -1.202393e+01
4.542309e+15 2.033338e-28 9.236049e-13 1.565728e+01 -1.203451e+01
4.474513e+15 2.230340e-28 9.979684e-13 1.565075e+01 -1.200088e+01
4.408712e+15 2.168134e-28 9.558676e-13 1.564431e+01 -1.201960e+01
4.344817e+15 2.189665e-28 9.513694e-13 1.563797e+01 -1.202165e+01
4.282749e+15 2.174820e-28 9.314209e-13 1.563172e+01 -1.203085e+01
4.222428e+15 2.212738e-28 9.343126e-13 1.562556e+01 -1.202951e+01
4.163783e+15 2.489893e-28 1.036737e-12 1.561949e+01 -1.198433e+01
4.106745e+15 2.535326e-28 1.041194e-12 1.561350e+01 -1.198247e+01
4.051249e+15 2.537643e-28 1.028062e-12 1.560759e+01 -1.198798e+01
3.997232e+15 2.525437e-28 1.009476e-12 1.560176e+01 -1.199590e+01
3.944637e+15 2.456639e-28 9.690549e-13 1.559601e+01 -1.201365e+01
3.893408e+15 2.483725e-28 9.670153e-13 1.559033e+01 -1.201457e+01
3.843492e+15 2.540860e-28 9.765775e-13 1.558473e+01 -1.201029e+01
3.794841e+15 2.559897e-28 9.714402e-13 1.557919e+01 -1.201258e+01
3.747405e+15 2.667612e-28 9.996622e-13 1.557373e+01 -1.200015e+01
3.701141e+15 2.721726e-28 1.007349e-12 1.556834e+01 -1.199682e+01
3.656005e+15 2.777594e-28 1.015490e-12 1.556301e+01 -1.199332e+01
3.611957e+15 2.591353e-28 9.359854e-13 1.555774e+01 -1.202873e+01
3.568957e+15 2.589235e-28 9.240869e-13 1.555254e+01 -1.203429e+01
3.526969e+15 2.815375e-28 9.929743e-13 1.554740e+01 -1.200306e+01
3.485958e+15 2.865639e-28 9.989498e-13 1.554232e+01 -1.200046e+01
3.445890e+15 2.940605e-28 1.013300e-12 1.553730e+01 -1.199426e+01
3.406732e+15 2.977921e-28 1.014498e-12 1.553234e+01 -1.199375e+01
3.368454e+15 3.015535e-28 1.015769e-12 1.552743e+01 -1.199320e+01
3.331027e+15 3.022347e-28 1.006752e-12 1.552258e+01 -1.199708e+01
3.294422e+15 2.928781e-28 9.648640e-13 1.551778e+01 -1.201553e+01
3.258613e+15 1.542108e-27 5.025133e-12 1.551303e+01 -1.129885e+01
3.223574e+15 2.771780e-27 8.935040e-12 1.550834e+01 -1.104890e+01
3.189281e+15 4.360276e-27 1.390615e-11 1.550369e+01 -1.085679e+01
3.155709e+15 5.989572e-27 1.890135e-11 1.549910e+01 -1.072351e+01
3.122838e+15 7.295151e-27 2.278157e-11 1.549455e+01 -1.064242e+01
3.090643e+15 5.378509e-27 1.662305e-11 1.549005e+01 -1.077929e+01
3.059106e+15 5.074901e-27 1.552466e-11 1.548559e+01 -1.080898e+01
3.028206e+15 7.223881e-27 2.187540e-11 1.548119e+01 -1.066004e+01
2.997924e+15 7.878467e-27 2.361905e-11 1.547682e+01 -1.062674e+01
2.968242e+15 8.573959e-27 2.544958e-11 1.547250e+01 -1.059432e+01
2.939141e+15 6.548437e-27 1.924678e-11 1.546822e+01 -1.071564e+01
2.910606e+15 5.977958e-27 1.739948e-11 1.546398e+01 -1.075946e+01
2.882619e+15 9.114808e-27 2.627452e-11 1.545979e+01 -1.058047e+01
2.855166e+15 1.084756e-26 3.097158e-11 1.545563e+01 -1.050904e+01
2.828230e+15 9.955668e-27 2.815692e-11 1.545151e+01 -1.055041e+01
2.801798e+15 9.726937e-27 2.725291e-11 1.544744e+01 -1.056459e+01
2.775856e+15 9.726163e-27 2.699842e-11 1.544340e+01 -1.056866e+01
2.750389e+15 9.878046e-27 2.716847e-11 1.543939e+01 -1.056593e+01
2.725385e+15 1.048582e-26 2.857789e-11 1.543543e+01 -1.054397e+01
2.700832e+15 1.022952e-26 2.762821e-11 1.543150e+01 -1.055865e+01
2.676718e+15 9.660632e-27 2.585879e-11 1.542760e+01 -1.058739e+01
2.653030e+15 9.987127e-27 2.649615e-11 1.542374e+01 -1.057682e+01
2.629758e+15 1.045989e-26 2.750699e-11 1.541992e+01 -1.056056e+01
2.606890e+15 1.023748e-26 2.668798e-11 1.541612e+01 -1.057368e+01
2.584417e+15 1.045705e-26 2.702538e-11 1.541236e+01 -1.056823e+01
2.562328e+15 9.083308e-27 2.327442e-11 1.540863e+01 -1.063312e+01
2.540614e+15 8.856436e-27 2.250078e-11 1.540494e+01 -1.064780e+01
2.519264e+15 9.228237e-27 2.324836e-11 1.540127e+01 -1.063361e+01
2.498270e+15 7.674603e-27 1.917323e-11 1.539764e+01 -1.071730e+01
2.477623e+15 5.826275e-27 1.443531e-11 1.539404e+01 -1.084057e+01
2.457315e+15 5.153127e-27 1.266285e-11 1.539046e+01 -1.089747e+01
2.437337e+15 7.159002e-27 1.744890e-11 1.538692e+01 -1.075823e+01
2.417681e+15 1.157299e-26 2.797979e-11 1.538340e+01 -1.055316e+01
2.398339e+15 1.247028e-26 2.990797e-11 1.537991e+01 -1.052421e+01
2.379305e+15 1.112261e-26 2.646409e-11 1.537645e+01 -1.057734e+01
2.360570e+15 1.251741e-26 2.954822e-11 1.537302e+01 -1.052947e+01
2.342128e+15 1.270004e-26 2.974512e-11 1.536961e+01 -1.052658e+01
2.323972e+15 1.278488e-26 2.971170e-11 1.536623e+01 -1.052707e+01
2.306095e+15 1.080249e-26 2.491158e-11 1.536288e+01 -1.060360e+01
2.288492e+15 1.187894e-26 2.718485e-11 1.535955e+01 -1.056567e+01
2.271155e+15 1.262324e-26 2.866932e-11 1.535625e+01 -1.054258e+01
2.254078e+15 1.154998e-26 2.603456e-11 1.535297e+01 -1.058445e+01
2.237257e+15 1.143356e-26 2.557981e-11 1.534972e+01 -1.059210e+01
2.220684e+15 1.235430e-26 2.743501e-11 1.534649e+01 -1.056169e+01
2.204356e+15 1.153393e-26 2.542489e-11 1.534328e+01 -1.059474e+01
2.188266e+15 1.101981e-26 2.411427e-11 1.534010e+01 -1.061773e+01
2.172409e+15 1.073979e-26 2.333120e-11 1.533694e+01 -1.063206e+01
2.156780e+15 9.187661e-27 1.981576e-11 1.533381e+01 -1.070299e+01
2.141374e+15 1.041631e-26 2.230521e-11 1.533069e+01 -1.065159e+01
2.126187e+15 1.108443e-26 2.356757e-11 1.532760e+01 -1.062769e+01
2.111214e+15 1.065497e-26 2.249491e-11 1.532453e+01 -1.064792e+01
2.096450e+15 1.073886e-26 2.251349e-11 1.532148e+01 -1.064756e+01
2.081892e+15 1.113598e-26 2.318389e-11 1.531846e+01 -1.063481e+01
2.067534e+15 1.103400e-26 2.281318e-11 1.531545e+01 -1.064181e+01
2.053373e+15 1.098310e-26 2.255240e-11 1.531247e+01 -1.064681e+01
2.039404e+15 1.153684e-26 2.352828e-11 1.530950e+01 -1.062841e+01
2.025624e+15 1.179640e-26 2.389508e-11 1.530656e+01 -1.062169e+01
2.012030e+15 1.237792e-26 2.490473e-11 1.530363e+01 -1.060372e+01
1.998616e+15 1.159054e-26 2.316503e-11 1.530073e+01 -1.063517e+01
1.985380e+15 1.170575e-26 2.324037e-11 1.529784e+01 -1.063376e+01
1.972318e+15 1.175634e-26 2.318725e-11 1.529498e+01 -1.063475e+01
1.959427e+15 9.489961e-27 1.859489e-11 1.529213e+01 -1.073061e+01
1.946704e+15 7.702586e-27 1.499465e-11 1.528930e+01 -1.082406e+01
1.934145e+15 1.127621e-26 2.180981e-11 1.528649e+01 -1.066135e+01
1.921746e+15 1.217345e-26 2.339428e-11 1.528370e+01 -1.063089e+01
1.909506e+15 1.144561e-26 2.185546e-11 1.528092e+01 -1.066044e+01
1.897420e+15 1.154826e-26 2.191189e-11 1.527816e+01 -1.065932e+01
1.885487e+15 1.152703e-26 2.173406e-11 1.527542e+01 -1.066286e+01
1.873702e+15 1.097464e-26 2.056320e-11 1.527270e+01 -1.068691e+01
1.862065e+15 1.034224e-26 1.925792e-11 1.526999e+01 -1.071539e+01
1.850570e+15 1.048334e-26 1.940017e-11 1.526731e+01 -1.071219e+01
1.839217e+15 1.052960e-26 1.936622e-11 1.526463e+01 -1.071296e+01
1.828002e+15 1.072499e-26 1.960531e-11 1.526198e+01 -1.070763e+01
1.816924e+15 1.097036e-26 1.993230e-11 1.525934e+01 -1.070044e+01
1.805978e+15 1.032689e-26 1.865014e-11 1.525671e+01 -1.072932e+01
1.795164e+15 1.054915e-26 1.893746e-11 1.525410e+01 -1.072268e+01
1.784479e+15 1.144853e-26 2.042965e-11 1.525151e+01 -1.068974e+01
1.773920e+15 1.122589e-26 1.991383e-11 1.524893e+01 -1.070085e+01
1.763485e+15 1.102583e-26 1.944389e-11 1.524637e+01 -1.071122e+01
1.753172e+15 1.047806e-26 1.836984e-11 1.524382e+01 -1.073589e+01
1.742979e+15 1.025289e-26 1.787057e-11 1.524129e+01 -1.074786e+01
1.732904e+15 1.113601e-26 1.929763e-11 1.523877e+01 -1.071450e+01
1.722945e+15 1.142736e-26 1.968871e-11 1.523627e+01 -1.070578e+01
1.713099e+15 1.142352e-26 1.956962e-11 1.523378e+01 -1.070842e+01
1.703366e+15 1.160857e-26 1.977364e-11 1.523131e+01 -1.070391e+01
1.693742e+15 1.155838e-26 1.957692e-11 1.522885e+01 -1.070826e+01
1.684227e+15 1.161922e-26 1.956941e-11 1.522640e+01 -1.070842e+01
1.674818e+15 1.035043e-26 1.733508e-11 1.522397e+01 -1.076107e+01
1.665513e+15 1.148171e-26 1.912294e-11 1.522155e+01 -1.071845e+01
1.656312e+15 1.126234e-26 1.865395e-11 1.521914e+01 -1.072923e+01
1.647211e+15 1.166882e-26 1.922101e-11 1.521675e+01 -1.071622e+01
1.638210e+15 1.158673e-26 1.898150e-11 1.521437e+01 -1.072167e+01
1.629307e+15 1.116155e-26 1.818558e-11 1.521200e+01 -1.074027e+01
1.620499e+15 1.079280e-26 1.748972e-11 1.520965e+01 -1.075722e+01
1.611787e+15 1.074858e-26 1.732443e-11 1.520731e+01 -1.076134e+01
1.603168e+15 1.118222e-26 1.792697e-11 1.520498e+01 -1.074649e+01
1.594640e+15 1.103862e-26 1.760263e-11 1.520266e+01 -1.075442e+01
1.586203e+15 1.068198e-26 1.694379e-11 1.520036e+01 -1.077099e+01
1.577855e+15 1.066915e-26 1.683438e-11 1.519807e+01 -1.077380e+01
1.569594e+15 1.070526e-26 1.680291e-11 1.519579e+01 -1.077462e+01
1.561419e+15 1.048698e-26 1.637457e-11 1.519352e+01 -1.078583e+01
1.553328e+15 1.057481e-26 1.642615e-11 1.519126e+01 -1.078446e+01
1.545322e+15 1.125464e-26 1.739204e-11 1.518902e+01 -1.075965e+01
1.537397e+15 1.135325e-26 1.745445e-11 1.518679e+01 -1.075809e+01
1.529553e+15 1.117015e-26 1.708534e-11 1.518456e+01 -1.076738e+01
1.521789e+15 1.128442e-26 1.717251e-11 1.518235e+01 -1.076517e+01
1.514103e+15 1.169613e-26 1.770915e-11 1.518016e+01 -1.075180e+01
1.506494e+15 1.163927e-26 1.753450e-11 1.517797e+01 -1.075611e+01
1.498962e+15 1.148628e-26 1.721749e-11 1.517579e+01 -1.076403e+01
1.491504e+15 1.142258e-26 1.703683e-11 1.517362e+01 -1.076861e+01
1.484121e+15 1.188827e-26 1.764363e-11 1.517147e+01 -1.075341e+01
1.476810e+15 1.173744e-26 1.733396e-11 1.516932e+01 -1.076110e+01
1.469571e+15 1.180003e-26 1.734098e-11 1.516719e+01 -1.076093e+01
1.462402e+15 1.169570e-26 1.710381e-11 1.516507e+01 -1.076691e+01
1.455303e+15 1.089553e-26 1.585630e-11 1.516295e+01 -1.079980e+01
1.448272e+15 1.186013e-26 1.717670e-11 1.516085e+01 -1.076506e+01
1.441310e+15 1.232276e-26 1.776091e-11 1.515876e+01 -1.075053e+01
1.434413e+15 1.226343e-26 1.759083e-11 1.515667e+01 -1.075471e+01
1.427583e+15 1.149744e-26 1.641354e-11 1.515460e+01 -1.078480e+01
1.420817e+15 1.235923e-26 1.756020e-11 1.515254e+01 -1.075547e+01
1.414115e+15 1.224628e-26 1.731765e-11 1.515048e+01 -1.076151e+01
1.407476e+15 1.269505e-26 1.786798e-11 1.514844e+01 -1.074792e+01
1.400899e+15 1.182757e-26 1.656923e-11 1.514641e+01 -1.078070e+01
1.394383e+15 1.219684e-26 1.700707e-11 1.514438e+01 -1.076937e+01
1.387928e+15 1.228339e-26 1.704846e-11 1.514237e+01 -1.076831e+01
1.381532e+15 1.154164e-26 1.594514e-11 1.514036e+01 -1.079737e+01
1.375194e+15 1.153200e-26 1.585874e-11 1.513836e+01 -1.079973e+01
1.368915e+15 1.209619e-26 1.655865e-11 1.513638e+01 -1.078098e+01
1.362693e+15 1.295680e-26 1.765614e-11 1.513440e+01 -1.075310e+01
1.356527e+15 1.215882e-26 1.649376e-11 1.513243e+01 -1.078268e+01
1.350416e+15 1.142514e-26 1.542869e-11 1.513047e+01 -1.081167e+01
1.344361e+15 1.159202e-26 1.558386e-11 1.512852e+01 -1.080733e+01
1.338359e+15 1.171960e-26 1.568503e-11 1.512657e+01 -1.080451e+01
1.332411e+15 1.184216e-26 1.577863e-11 1.512464e+01 -1.080193e+01
1.326515e+15 1.205476e-26 1.599082e-11 1.512271e+01 -1.079613e+01
1.320671e+15 1.155539e-26 1.526088e-11 1.512079e+01 -1.081642e+01
1.314879e+15 1.185727e-26 1.559088e-11 1.511889e+01 -1.080713e+01
1.309137e+15 1.216311e-26 1.592318e-11 1.511699e+01 -1.079797e+01
1.303445e+15 1.173959e-26 1.530191e-11 1.511509e+01 -1.081525e+01
1.297803e+15 1.244487e-26 1.615098e-11 1.511321e+01 -1.079180e+01
1.292209e+15 1.227069e-26 1.585630e-11 1.511133e+01 -1.079980e+01
1.286663e+15 1.219330e-26 1.568866e-11 1.510946e+01 -1.080441e+01
1.281164e+15 1.193460e-26 1.529018e-11 1.510760e+01 -1.081559e+01
1.275712e+15 1.178592e-26 1.503545e-11 1.510575e+01 -1.082288e+01
1.270307e+15 1.247038e-26 1.584121e-11 1.510391e+01 -1.080021e+01
1.264947e+15 1.241925e-26 1.570969e-11 1.510207e+01 -1.080383e+01
1.259632e+15 1.213495e-26 1.528557e-11 1.510024e+01 -1.081572e+01
1.254362e+15 1.137874e-26 1.427306e-11 1.509842e+01 -1.084548e+01
1.249135e+15 1.176269e-26 1.469319e-11 1.509661e+01 -1.083288e+01
1.243952e+15 1.141436e-26 1.419891e-11 1.509480e+01 -1.084774e+01
1.238812e+15 1.223245e-26 1.515370e-11 1.509301e+01 -1.081948e+01
1.233714e+15 1.344812e-26 1.659113e-11 1.509121e+01 -1.078012e+01
1.228657e+15 1.294870e-26 1.590952e-11 1.508943e+01 -1.079834e+01
1.223642e+15 1.300611e-26 1.591483e-11 1.508765e+01 -1.079820e+01
1.218668e+15 1.350728e-26 1.646090e-11 1.508589e+01 -1.078355e+01
1.213734e+15 1.276446e-26 1.549267e-11 1.508412e+01 -1.080987e+01
1.208840e+15 1.256711e-26 1.519162e-11 1.508237e+01 -1.081840e+01
1.203986e+15 1.213418e-26 1.460937e-11 1.508062e+01 -1.083537e+01
1.199170e+15 1.307641e-26 1.568084e-11 1.507888e+01 -1.080463e+01
1.194392e+15 1.302711e-26 1.555948e-11 1.507715e+01 -1.080800e+01
1.189652e+15 1.228037e-26 1.460937e-11 1.507542e+01 -1.083537e+01
1.184950e+15 1.266138e-26 1.500311e-11 1.507370e+01 -1.082382e+01
1.180285e+15 1.283683e-26 1.515111e-11 1.507199e+01 -1.081956e+01
1.175656e+15 1.322595e-26 1.554918e-11 1.507028e+01 -1.080829e+01
1.171064e+15 1.374215e-26 1.609294e-11 1.506858e+01 -1.079336e+01
1.166507e+15 1.521161e-26 1.774446e-11 1.506689e+01 -1.075094e+01
1.161986e+15 1.363203e-26 1.584023e-11 1.506520e+01 -1.080024e+01
1.157500e+15 1.433963e-26 1.659812e-11 1.506352e+01 -1.077994e+01
1.153048e+15 1.408045e-26 1.623543e-11 1.506185e+01 -1.078954e+01
1.148630e+15 1.398264e-26 1.606088e-11 1.506018e+01 -1.079423e+01
1.144246e+15 1.497762e-26 1.713807e-11 1.505852e+01 -1.076604e+01
1.139895e+15 1.505994e-26 1.716675e-11 1.505686e+01 -1.076531e+01
1.135577e+15 1.911246e-26 2.170368e-11 1.505522e+01 -1.066347e+01
1.131292e+15 1.965839e-26 2.223938e-11 1.505357e+01 -1.065288e+01
1.127039e+15 2.012025e-26 2.267631e-11 1.505194e+01 -1.064443e+01
1.122818e+15 1.895137e-26 2.127893e-11 1.505031e+01 -1.067205e+01
1.118628e+15 1.949521e-26 2.180789e-11 1.504869e+01 -1.066139e+01
1.114470e+15 1.921106e-26 2.141014e-11 1.504707e+01 -1.066938e+01
1.110342e+15 1.941360e-26 2.155574e-11 1.504546e+01 -1.066644e+01
1.106245e+15 1.999400e-26 2.211826e-11 1.504385e+01 -1.065525e+01
1.102178e+15 1.791821e-26 1.974906e-11 1.504225e+01 -1.070445e+01
1.098141e+15 1.882292e-26 2.067021e-11 1.504066e+01 -1.068466e+01
1.094133e+15 1.722938e-26 1.885123e-11 1.503907e+01 -1.072466e+01
1.090154e+15 1.641272e-26 1.789240e-11 1.503749e+01 -1.074733e+01
1.086204e+15 1.856445e-26 2.016479e-11 1.503591e+01 -1.069541e+01
1.082283e+15 1.992379e-26 2.156318e-11 1.503434e+01 -1.066629e+01
1.078390e+15 1.874445e-26 2.021382e-11 1.503278e+01 -1.069435e+01
1.074525e+15 1.633144e-26 1.754854e-11 1.503122e+01 -1.075576e+01
1.070687e+15 1.375445e-26 1.472672e-11 1.502966e+01 -1.083189e+01
1.066877e+15 1.657562e-26 1.768414e-11 1.502811e+01 -1.075242e+01
1.063094e+15 2.175197e-26 2.312438e-11 1.502657e+01 -1.063593e+01
1.059337e+15 2.171059e-26 2.299883e-11 1.502503e+01 -1.063829e+01
1.055607e+15 2.165758e-26 2.286190e-11 1.502350e+01 -1.064089e+01
1.051903e+15 1.812011e-26 1.906060e-11 1.502198e+01 -1.071986e+01
1.048225e+15 2.090600e-26 2.191420e-11 1.502045e+01 -1.065927e+01
1.044573e+15 2.361445e-26 2.466701e-11 1.501894e+01 -1.060788e+01
1.040946e+15 2.296765e-26 2.390808e-11 1.501743e+01 -1.062146e+01
1.037344e+15 2.507335e-26 2.600969e-11 1.501592e+01 -1.058486e+01
1.033767e+15 2.931298e-26 3.030279e-11 1.501442e+01 -1.051852e+01
1.030214e+15 3.089656e-26 3.183008e-11 1.501293e+01 -1.049716e+01
1.026686e+15 2.966902e-26 3.046078e-11 1.501144e+01 -1.051626e+01
1.023182e+15 2.897251e-26 2.964415e-11 1.500995e+01 -1.052806e+01
1.019702e+15 2.915047e-26 2.972479e-11 1.500847e+01 -1.052688e+01
1.016245e+15 2.917677e-26 2.965076e-11 1.500700e+01 -1.052796e+01
1.012812e+15 3.188576e-26 3.229429e-11 1.500553e+01 -1.049087e+01
1.009402e+15 2.871056e-26 2.898050e-11 1.500406e+01 -1.053789e+01
1.006015e+15 2.995942e-26 3.013962e-11 1.500260e+01 -1.052086e+01
1.002650e+15 2.954636e-26 2.962467e-11 1.500115e+01 -1.052835e+01
9.993080e+14 2.844426e-26 2.842458e-11 1.499970e+01 -1.054631e+01
9.959880e+14 2.942579e-26 2.930773e-11 1.499825e+01 -1.053302e+01
9.926901e+14 2.861229e-26 2.840313e-11 1.499681e+01 -1.054663e+01
9.894139e+14 3.311224e-26 3.276171e-11 1.499538e+01 -1.048463e+01
9.861592e+14 3.363261e-26 3.316711e-11 1.499395e+01 -1.047929e+01
9.829259e+14 3.469951e-26 3.410705e-11 1.499252e+01 -1.046716e+01
9.797137e+14 3.278945e-26 3.212428e-11 1.499110e+01 -1.049317e+01
9.765225e+14 3.447535e-26 3.366596e-11 1.498968e+01 -1.047281e+01
9.733519e+14 3.611485e-26 3.515246e-11 1.498827e+01 -1.045404e+01
9.702019e+14 3.469243e-26 3.365866e-11 1.498686e+01 -1.047290e+01
9.670723e+14 3.369708e-26 3.258751e-11 1.498546e+01 -1.048695e+01
9.639627e+14 3.997668e-26 3.853603e-11 1.498406e+01 -1.041413e+01
9.608731e+14 3.826103e-26 3.676399e-11 1.498267e+01 -1.043458e+01
9.578032e+14 3.941970e-26 3.775632e-11 1.498128e+01 -1.042301e+01
9.547529e+14 4.030371e-26 3.848008e-11 1.497989e+01 -1.041476e+01
9.517219e+14 4.007535e-26 3.814059e-11 1.497851e+01 -1.041861e+01
9.487101e+14 3.764307e-26 3.571236e-11 1.497713e+01 -1.044718e+01
9.457174e+14 4.273982e-26 4.041979e-11 1.497576e+01 -1.039341e+01
9.427434e+14 4.211459e-26 3.970326e-11 1.497439e+01 -1.040117e+01
9.397881e+14 4.008011e-26 3.766681e-11 1.497303e+01 -1.042404e+01
9.368512e+14 4.148890e-26 3.886892e-11 1.497167e+01 -1.041040e+01
9.339327e+14 4.308101e-26 4.023476e-11 1.497032e+01 -1.039540e+01
9.310323e+14 4.133273e-26 3.848211e-11 1.496896e+01 -1.041474e+01
9.281498e+14 3.912266e-26 3.631169e-11 1.496762e+01 -1.043995e+01
9.252852e+14 3.996450e-26 3.697856e-11 1.496628e+01 -1.043205e+01
9.224382e+14 4.585941e-26 4.230247e-11 1.496494e+01 -1.037363e+01
9.196086e+14 4.905147e-26 4.510815e-11 1.496360e+01 -1.034574e+01
9.167963e+14 5.122134e-26 4.695954e-11 1.496227e+01 -1.032828e+01
9.140012e+14 4.960504e-26 4.533907e-11 1.496095e+01 -1.034353e+01
9.112231e+14 5.323685e-26 4.851065e-11 1.495962e+01 -1.031416e+01
9.084618e+14 5.562882e-26 5.053666e-11 1.495831e+01 -1.029639e+01
9.057172e+14 5.158871e-26 4.672478e-11 1.495699e+01 -1.033045e+01
9.029892e+14 5.163124e-26 4.662245e-11 1.495568e+01 -1.033140e+01
9.002775e+14 5.111600e-26 4.601858e-11 1.495438e+01 -1.033707e+01
8.975820e+14 5.271002e-26 4.731157e-11 1.495307e+01 -1.032503e+01
8.949027e+14 5.429426e-26 4.858808e-11 1.495178e+01 -1.031347e+01
8.922393e+14 5.091011e-26 4.542400e-11 1.495048e+01 -1.034271e+01
8.895917e+14 4.885865e-26 4.346425e-11 1.494919e+01 -1.036187e+01
8.869598e+14 5.244960e-26 4.652068e-11 1.494790e+01 -1.033235e+01
8.843434e+14 5.459451e-26 4.828029e-11 1.494662e+01 -1.031623e+01
8.817424e+14 5.696401e-26 5.022758e-11 1.494534e+01 -1.029906e+01
8.791566e+14 5.632427e-26 4.951785e-11 1.494407e+01 -1.030524e+01
8.765860e+14 5.647797e-26 4.950780e-11 1.494279e+01 -1.030533e+01
8.740303e+14 5.793257e-26 5.063483e-11 1.494153e+01 -1.029555e+01
8.714895e+14 5.126789e-26 4.467943e-11 1.494026e+01 -1.034989e+01
8.689635e+14 5.305001e-26 4.609852e-11 1.493900e+01 -1.033631e+01
8.664520e+14 5.736054e-26 4.970016e-11 1.493774e+01 -1.030364e+01
8.639550e+14 5.474694e-26 4.729889e-11 1.493649e+01 -1.032515e+01
8.614724e+14 5.458327e-26 4.702198e-11 1.493524e+01 -1.032770e+01
8.590040e+14 5.519539e-26 4.741306e-11 1.493400e+01 -1.032410e+01
8.565497e+14 6.113471e-26 5.236492e-11 1.493275e+01 -1.028096e+01
8.541094e+14 6.250356e-26 5.338488e-11 1.493151e+01 -1.027258e+01
8.516830e+14 5.956925e-26 5.073412e-11 1.493028e+01 -1.029470e+01
8.492703e+14 6.162110e-26 5.233297e-11 1.492905e+01 -1.028122e+01
8.468712e+14 6.913860e-26 5.855149e-11 1.492782e+01 -1.023246e+01
8.444856e+14 6.822314e-26 5.761346e-11 1.492659e+01 -1.023948e+01
8.421135e+14 6.254006e-26 5.266583e-11 1.492537e+01 -1.027847e+01
8.397546e+14 5.583958e-26 4.689154e-11 1.492415e+01 -1.032891e+01
8.374089e+14 4.974774e-26 4.165921e-11 1.492294e+01 -1.038029e+01
8.350763e+14 5.631684e-26 4.702886e-11 1.492173e+01 -1.032764e+01
8.327567e+14 6.511586e-26 5.422567e-11 1.492052e+01 -1.026580e+01
8.304499e+14 6.232035e-26 5.175393e-11 1.491931e+01 -1.028606e+01
8.281558e+14 6.545974e-26 5.421086e-11 1.491811e+01 -1.026591e+01
8.258744e+14 6.869239e-26 5.673129e-11 1.491691e+01 -1.024618e+01
8.236055e+14 7.004378e-26 5.768845e-11 1.491572e+01 -1.023891e+01
8.213490e+14 7.621808e-26 6.260165e-11 1.491453e+01 -1.020341e+01
8.191049e+14 8.670153e-26 7.101765e-11 1.491334e+01 -1.014863e+01
8.168730e+14 8.422616e-26 6.880207e-11 1.491215e+01 -1.016240e+01
8.146533e+14 7.842269e-26 6.388730e-11 1.491097e+01 -1.019459e+01
8.124455e+14 8.100670e-26 6.581353e-11 1.490979e+01 -1.018168e+01
8.102497e+14 8.385450e-26 6.794309e-11 1.490862e+01 -1.016785e+01
8.080658e+14 7.970653e-26 6.440812e-11 1.490745e+01 -1.019106e+01
8.058935e+14 7.544563e-26 6.080114e-11 1.490628e+01 -1.021609e+01
8.037330e+14 6.607858e-26 5.310954e-11 1.490511e+01 -1.027483e+01
8.015840e+14 6.307666e-26 5.056124e-11 1.490395e+01 -1.029618e+01
7.994464e+14 6.882046e-26 5.501827e-11 1.490279e+01 -1.025949e+01
7.973202e+14 7.554518e-26 6.023370e-11 1.490163e+01 -1.022016e+01
7.952053e+14 8.574937e-26 6.818836e-11 1.490048e+01 -1.016629e+01
7.931016e+14 9.670793e-26 7.669921e-11 1.489933e+01 -1.011521e+01
7.910090e+14 8.656119e-26 6.847068e-11 1.489818e+01 -1.016450e+01
7.889274e+14 8.399068e-26 6.626255e-11 1.489704e+01 -1.017873e+01
7.868567e+14 8.357089e-26 6.575831e-11 1.489590e+01 -1.018205e+01
7.847969e+14 7.194071e-26 5.645884e-11 1.489476e+01 -1.024827e+01
7.827478e+14 5.963831e-26 4.668175e-11 1.489362e+01 -1.033085e+01
7.807094e+14 6.563596e-26 5.124261e-11 1.489249e+01 -1.029037e+01
7.786816e+14 7.725379e-26 6.015610e-11 1.489136e+01 -1.022072e+01
7.766642e+14 7.831520e-26 6.082461e-11 1.489023e+01 -1.021592e+01
7.746574e+14 7.886108e-26 6.109031e-11 1.488911e+01 -1.021403e+01
7.726608e+14 7.805907e-26 6.031319e-11 1.488799e+01 -1.021959e+01
7.706746e+14 8.570704e-26 6.605223e-11 1.488687e+01 -1.018011e+01
7.686985e+14 9.527338e-26 7.323650e-11 1.488576e+01 -1.013527e+01
7.667325e+14 1.047209e-25 8.029288e-11 1.488464e+01 -1.009532e+01
7.647765e+14 9.718390e-26 7.432396e-11 1.488353e+01 -1.012887e+01
7.628305e+14 7.128562e-26 5.437885e-11 1.488243e+01 -1.026457e+01
7.608944e+14 7.564542e-26 5.755818e-11 1.488132e+01 -1.023989e+01
7.589681e+14 1.039481e-25 7.889331e-11 1.488022e+01 -1.010296e+01
7.570515e+14 9.029908e-26 6.836105e-11 1.487913e+01 -1.016519e+01
7.551446e+14 7.871125e-26 5.943838e-11 1.487803e+01 -1.022593e+01
7.532472e+14 1.178966e-25 8.880531e-11 1.487694e+01 -1.005156e+01
7.513594e+14 1.472545e-25 1.106411e-10 1.487585e+01 -9.956084e+00
7.494810e+14 1.585246e-25 1.188112e-10 1.487476e+01 -9.925143e+00
7.476120e+14 1.664739e-25 1.244579e-10 1.487368e+01 -9.904977e+00
7.457522e+14 1.712210e-25 1.276885e-10 1.487259e+01 -9.893848e+00
7.439017e+14 1.667386e-25 1.240371e-10 1.487152e+01 -9.906448e+00
7.420604e+14 1.617680e-25 1.200416e-10 1.487044e+01 -9.920668e+00
7.402281e+14 1.651303e-25 1.222341e-10 1.486937e+01 -9.912808e+00
7.384049e+14 1.587650e-25 1.172329e-10 1.486829e+01 -9.930951e+00
7.365907e+14 1.598568e-25 1.177491e-10 1.486723e+01 -9.929043e+00
7.347853e+14 1.698739e-25 1.248209e-10 1.486616e+01 -9.903713e+00
7.329888e+14 1.788923e-25 1.311260e-10 1.486510e+01 -9.882311e+00
7.312010e+14 1.646308e-25 1.203782e-10 1.486404e+01 -9.919452e+00
7.294219e+14 1.699018e-25 1.239301e-10 1.486298e+01 -9.906823e+00
7.276515e+14 1.777099e-25 1.293108e-10 1.486192e+01 -9.888365e+00
7.258896e+14 1.755136e-25 1.274035e-10 1.486087e+01 -9.894819e+00
7.241362e+14 1.677589e-25 1.214803e-10 1.485982e+01 -9.915494e+00
7.223913e+14 1.675873e-25 1.210636e-10 1.485877e+01 -9.916986e+00
7.206548e+14 1.752906e-25 1.263240e-10 1.485773e+01 -9.898514e+00
7.189266e+14 1.698547e-25 1.221131e-10 1.485668e+01 -9.913238e+00
7.172067e+14 1.691437e-25 1.213110e-10 1.485564e+01 -9.916100e+00
7.154950e+14 1.757828e-25 1.257717e-10 1.485461e+01 -9.900417e+00
7.137914e+14 1.737870e-25 1.240477e-10 1.485357e+01 -9.906411e+00
7.120960e+14 1.857032e-25 1.322385e-10 1.485254e+01 -9.878642e+00
7.104085e+14 1.754668e-25 1.246531e-10 1.485151e+01 -9.904297e+00
7.087291e+14 1.718596e-25 1.218019e-10 1.485048e+01 -9.914346e+00
7.070575e+14 1.914797e-25 1.353872e-10 1.484945e+01 -9.868422e+00
7.053939e+14 1.895223e-25 1.336879e-10 1.484843e+01 -9.873908e+00
7.037380e+14 1.906266e-25 1.341512e-10 1.484741e+01 -9.872405e+00
7.020899e+14 1.863613e-25 1.308424e-10 1.484639e+01 -9.883252e+00
7.004495e+14 1.864670e-25 1.306107e-10 1.484538e+01 -9.884021e+00
6.988168e+14 1.772842e-25 1.238891e-10 1.484436e+01 -9.906967e+00
6.971916e+14 1.613968e-25 1.125245e-10 1.484335e+01 -9.948753e+00
6.955740e+14 1.772531e-25 1.232926e-10 1.484234e+01 -9.909063e+00
6.939639e+14 2.069914e-25 1.436446e-10 1.484134e+01 -9.842711e+00
6.923612e+14 2.085842e-25 1.444156e-10 1.484033e+01 -9.840386e+00
6.907659e+14 2.173164e-25 1.501147e-10 1.483933e+01 -9.823577e+00
6.891779e+14 2.266073e-25 1.561728e-10 1.483833e+01 -9.806395e+00
6.875972e+14 2.416017e-25 1.661247e-10 1.483733e+01 -9.779566e+00
6.860238e+14 2.347025e-25 1.610115e-10 1.483634e+01 -9.793143e+00
6.844575e+14 2.113508e-25 1.446607e-10 1.483535e+01 -9.839650e+00
6.828984e+14 2.151233e-25 1.469074e-10 1.483436e+01 -9.832956e+00
6.813464e+14 2.239079e-25 1.525588e-10 1.483337e+01 -9.816563e+00
6.798014e+14 2.333548e-25 1.586349e-10 1.483238e+01 -9.799601e+00
6.782633e+14 2.514833e-25 1.705719e-10 1.483140e+01 -9.768092e+00
6.767323e+14 2.448495e-25 1.656976e-10 1.483042e+01 -9.780684e+00
6.752081e+14 2.507789e-25 1.693279e-10 1.482944e+01 -9.771271e+00
6.736908e+14 2.542166e-25 1.712634e-10 1.482846e+01 -9.766335e+00
6.721803e+14 2.400666e-25 1.613681e-10 1.482749e+01 -9.792182e+00
6.706765e+14 2.658175e-25 1.782775e-10 1.482651e+01 -9.748903e+00
6.691795e+14 2.822056e-25 1.888462e-10 1.482554e+01 -9.723892e+00
6.676891e+14 2.846411e-25 1.900518e-10 1.482457e+01 -9.721128e+00
6.662053e+14 2.901566e-25 1.933039e-10 1.482361e+01 -9.713759e+00
6.647282e+14 2.992670e-25 1.989312e-10 1.482264e+01 -9.701297e+00
6.632575e+14 2.789374e-25 1.850074e-10 1.482168e+01 -9.732811e+00
6.617934e+14 2.641563e-25 1.748169e-10 1.482072e+01 -9.757417e+00
6.603357e+14 2.828521e-25 1.867773e-10 1.481976e+01 -9.728676e+00
6.588844e+14 2.889229e-25 1.903668e-10 1.481881e+01 -9.720409e+00
6.574395e+14 3.018214e-25 1.984293e-10 1.481786e+01 -9.702394e+00
6.560009e+14 2.985240e-25 1.958320e-10 1.481690e+01 -9.708116e+00
6.545686e+14 3.000763e-25 1.964205e-10 1.481596e+01 -9.706813e+00
6.531425e+14 2.923072e-25 1.909182e-10 1.481501e+01 -9.719153e+00
6.517226e+14 2.999912e-25 1.955111e-10 1.481406e+01 -9.708829e+00
6.503089e+14 3.171417e-25 2.062401e-10 1.481312e+01 -9.685627e+00
6.489013e+14 3.252326e-25 2.110438e-10 1.481218e+01 -9.675627e+00
6.474998e+14 3.171524e-25 2.053561e-10 1.481124e+01 -9.687492e+00
6.461043e+14 3.034755e-25 1.960768e-10 1.481030e+01 -9.707574e+00
6.447148e+14 3.032737e-25 1.955250e-10 1.480937e+01 -9.708798e+00
6.433313e+14 3.106508e-25 1.998514e-10 1.480843e+01 -9.699293e+00
6.419537e+14 3.036016e-25 1.948982e-10 1.480750e+01 -9.710192e+00
6.405821e+14 3.148540e-25 2.016898e-10 1.480657e+01 -9.695316e+00
6.392162e+14 3.156885e-25 2.017932e-10 1.480565e+01 -9.695093e+00
6.378562e+14 3.103454e-25 1.979558e-10 1.480472e+01 -9.703432e+00
6.365019e+14 3.114090e-25 1.982124e-10 1.480380e+01 -9.702869e+00
6.351534e+14 3.285640e-25 2.086886e-10 1.480288e+01 -9.680501e+00
6.338106e+14 3.270908e-25 2.073136e-10 1.480196e+01 -9.683372e+00
6.324734e+14 3.394681e-25 2.147046e-10 1.480104e+01 -9.668159e+00
6.311419e+14 3.453702e-25 2.179776e-10 1.480013e+01 -9.661588e+00
6.298160e+14 3.325728e-25 2.094597e-10 1.479921e+01 -9.678900e+00
6.284956e+14 3.331765e-25 2.094000e-10 1.479830e+01 -9.679023e+00
6.271808e+14 3.454879e-25 2.166834e-10 1.479739e+01 -9.664174e+00
6.258714e+14 3.490732e-25 2.184750e-10 1.479649e+01 -9.660598e+00
6.245675e+14 3.572423e-25 2.231219e-10 1.479558e+01 -9.651458e+00
6.232690e+14 3.517248e-25 2.192192e-10 1.479468e+01 -9.659121e+00
6.219759e+14 3.575191e-25 2.223683e-10 1.479377e+01 -9.652927e+00
6.206882e+14 3.584606e-25 2.224922e-10 1.479287e+01 -9.652685e+00
6.194058e+14 3.523054e-25 2.182200e-10 1.479198e+01 -9.661105e+00
6.181287e+14 3.381434e-25 2.090162e-10 1.479108e+01 -9.679820e+00
6.168568e+14 3.169767e-25 1.955292e-10 1.479018e+01 -9.708788e+00
6.155901e+14 3.329257e-25 2.049458e-10 1.478929e+01 -9.688361e+00
6.143287e+14 3.406751e-25 2.092865e-10 1.478840e+01 -9.679259e+00
6.130724e+14 3.470868e-25 2.127893e-10 1.478751e+01 -9.672050e+00
6.118212e+14 3.666884e-25 2.243478e-10 1.478662e+01 -9.649078e+00
6.105752e+14 3.572337e-25 2.181180e-10 1.478574e+01 -9.661308e+00
6.093341e+14 3.519226e-25 2.144384e-10 1.478486e+01 -9.668697e+00
6.080982e+14 3.629813e-25 2.207282e-10 1.478397e+01 -9.656142e+00
6.068672e+14 3.726996e-25 2.261792e-10 1.478309e+01 -9.645547e+00
6.056412e+14 3.767790e-25 2.281929e-10 1.478222e+01 -9.641698e+00
6.044202e+14 3.576682e-25 2.161818e-10 1.478134e+01 -9.665181e+00
6.032040e+14 3.628526e-25 2.188741e-10 1.478046e+01 -9.659806e+00
6.019928e+14 3.637364e-25 2.189667e-10 1.477959e+01 -9.659622e+00
6.007864e+14 3.518554e-25 2.113899e-10 1.477872e+01 -9.674916e+00
5.995848e+14 3.503547e-25 2.100674e-10 1.477785e+01 -9.677641e+00
5.983880e+14 3.295351e-25 1.971899e-10 1.477698e+01 -9.705115e+00
5.971960e+14 3.431818e-25 2.049468e-10 1.477612e+01 -9.688359e+00
5.960087e+14 3.616453e-25 2.155438e-10 1.477525e+01 -9.666464e+00
5.948262e+14 3.545033e-25 2.108678e-10 1.477439e+01 -9.675990e+00
5.936483e+14 3.615561e-25 2.146372e-10 1.477353e+01 -9.668295e+00
5.924751e+14 3.856576e-25 2.284925e-10 1.477267e+01 -9.641128e+00
5.913065e+14 3.656233e-25 2.161955e-10 1.477181e+01 -9.665153e+00
5.901425e+14 3.547413e-25 2.093479e-10 1.477096e+01 -9.679131e+00
5.889831e+14 3.600629e-25 2.120710e-10 1.477010e+01 -9.673519e+00
5.878282e+14 3.578431e-25 2.103502e-10 1.476925e+01 -9.677057e+00
5.866779e+14 3.698944e-25 2.170088e-10 1.476840e+01 -9.663523e+00
5.855320e+14 3.682897e-25 2.156454e-10 1.476755e+01 -9.666260e+00
5.843906e+14 3.589996e-25 2.097960e-10 1.476670e+01 -9.678203e+00
5.832537e+14 3.610161e-25 2.105640e-10 1.476586e+01 -9.676616e+00
5.821212e+14 3.528441e-25 2.053980e-10 1.476501e+01 -9.687404e+00
5.809930e+14 3.452208e-25 2.005709e-10 1.476417e+01 -9.697732e+00
5.798692e+14 3.232070e-25 1.874178e-10 1.476333e+01 -9.727189e+00
5.787498e+14 3.203950e-25 1.854285e-10 1.476249e+01 -9.731823e+00
5.776347e+14 3.464225e-25 2.001057e-10 1.476165e+01 -9.698741e+00
5.765238e+14 3.609887e-25 2.081186e-10 1.476082e+01 -9.681689e+00
5.754173e+14 3.652244e-25 2.101564e-10 1.475998e+01 -9.677457e+00
5.743149e+14 3.844036e-25 2.207688e-10 1.475915e+01 -9.656062e+00
5.732168e+14 3.868338e-25 2.217396e-10 1.475832e+01 -9.654157e+00
5.721229e+14 4.087858e-25 2.338757e-10 1.475749e+01 -9.631015e+00
5.710331e+14 3.965408e-25 2.264380e-10 1.475666e+01 -9.645051e+00
5.699475e+14 3.916067e-25 2.231953e-10 1.475583e+01 -9.651315e+00
5.688660e+14 3.626847e-25 2.063190e-10 1.475501e+01 -9.685461e+00
5.677886e+14 4.150506e-25 2.356610e-10 1.475419e+01 -9.627712e+00
5.667153e+14 4.264042e-25 2.416498e-10 1.475336e+01 -9.616814e+00
5.656460e+14 4.384892e-25 2.480297e-10 1.475254e+01 -9.605496e+00
5.645808e+14 4.516417e-25 2.549883e-10 1.475173e+01 -9.593480e+00
5.635195e+14 4.240007e-25 2.389327e-10 1.475091e+01 -9.621724e+00
5.624623e+14 4.067323e-25 2.287716e-10 1.475009e+01 -9.640598e+00
5.614090e+14 4.261981e-25 2.392714e-10 1.474928e+01 -9.621109e+00
5.603596e+14 4.394660e-25 2.462590e-10 1.474847e+01 -9.608608e+00
5.593142e+14 4.591832e-25 2.568277e-10 1.474766e+01 -9.590358e+00
5.582726e+14 4.310003e-25 2.406157e-10 1.474685e+01 -9.618676e+00
5.572349e+14 4.474431e-25 2.493309e-10 1.474604e+01 -9.603224e+00
5.562011e+14 4.392933e-25 2.443354e-10 1.474523e+01 -9.612014e+00
5.551711e+14 4.202034e-25 2.332848e-10 1.474443e+01 -9.632114e+00
5.541449e+14 4.289212e-25 2.376845e-10 1.474362e+01 -9.623999e+00
5.531225e+14 4.493302e-25 2.485347e-10 1.474282e+01 -9.604613e+00
5.521039e+14 4.461811e-25 2.463383e-10 1.474202e+01 -9.608468e+00
5.510890e+14 4.581684e-25 2.524915e-10 1.474122e+01 -9.597753e+00
5.500778e+14 4.498199e-25 2.474360e-10 1.474042e+01 -9.606537e+00
5.490703e+14 4.486939e-25 2.463645e-10 1.473963e+01 -9.608422e+00
5.480665e+14 4.468533e-25 2.449054e-10 1.473883e+01 -9.611002e+00
5.470664e+14 4.411421e-25 2.413341e-10 1.473804e+01 -9.617381e+00
5.460699e+14 4.575004e-25 2.498272e-10 1.473725e+01 -9.602360e+00
5.450771e+14 4.605781e-25 2.510506e-10 1.473646e+01 -9.600239e+00
5.440878e+14 4.491685e-25 2.443871e-10 1.473567e+01 -9.611922e+00
5.431022e+14 4.710331e-25 2.558191e-10 1.473488e+01 -9.592067e+00
5.421201e+14 4.702475e-25 2.549306e-10 1.473410e+01 -9.593578e+00
5.411415e+14 4.819608e-25 2.608090e-10 1.473331e+01 -9.583677e+00
5.401665e+14 4.829847e-25 2.608921e-10 1.473253e+01 -9.583539e+00
5.391950e+14 4.822059e-25 2.600030e-10 1.473175e+01 -9.585022e+00
5.382269e+14 4.702080e-25 2.530786e-10 1.473097e+01 -9.596745e+00
5.372624e+14 4.758878e-25 2.556766e-10 1.473019e+01 -9.592309e+00
5.363013e+14 4.590300e-25 2.461783e-10 1.472941e+01 -9.608750e+00
5.353436e+14 4.632310e-25 2.479878e-10 1.472863e+01 -9.605570e+00
5.343893e+14 4.788188e-25 2.558757e-10 1.472786e+01 -9.591971e+00
5.334384e+14 4.845747e-25 2.584908e-10 1.472708e+01 -9.587555e+00
5.324909e+14 4.800235e-25 2.556082e-10 1.472631e+01 -9.592425e+00
5.315468e+14 4.861770e-25 2.584258e-10 1.472554e+01 -9.587664e+00
5.306060e+14 4.998026e-25 2.651983e-10 1.472477e+01 -9.576429e+00
5.296686e+14 4.918703e-25 2.605282e-10 1.472400e+01 -9.584145e+00
5.287344e+14 4.913628e-25 2.598004e-10 1.472324e+01 -9.585360e+00
5.278035e+14 5.058760e-25 2.670031e-10 1.472247e+01 -9.573484e+00
5.268759e+14 5.136934e-25 2.706527e-10 1.472171e+01 -9.567588e+00
5.259516e+14 5.083093e-25 2.673461e-10 1.472095e+01 -9.572926e+00
5.250305e+14 4.983201e-25 2.616332e-10 1.472018e+01 -9.582307e+00
5.241126e+14 5.149318e-25 2.698823e-10 1.471942e+01 -9.568826e+00
5.231979e+14 5.312682e-25 2.779584e-10 1.471867e+01 -9.556020e+00
5.222864e+14 5.327403e-25 2.782430e-10 1.471791e+01 -9.555576e+00
5.213781e+14 5.330576e-25 2.779245e-10 1.471715e+01 -9.556073e+00
5.204729e+14 5.267968e-25 2.741835e-10 1.471640e+01 -9.561959e+00
5.195709e+14 5.259127e-25 2.732489e-10 1.471564e+01 -9.563442e+00
5.186720e+14 5.203426e-25 2.698871e-10 1.471489e+01 -9.568818e+00
5.177762e+14 5.295649e-25 2.741961e-10 1.471414e+01 -9.561939e+00
5.168834e+14 5.411928e-25 2.797336e-10 1.471339e+01 -9.553255e+00
5.159938e+14 5.371620e-25 2.771723e-10 1.471264e+01 -9.557250e+00
5.151072e+14 5.500613e-25 2.833405e-10 1.471190e+01 -9.547691e+00
5.142237e+14 5.539329e-25 2.848454e-10 1.471115e+01 -9.545391e+00
5.133432e+14 5.486833e-25 2.816628e-10 1.471041e+01 -9.550271e+00
5.124656e+14 5.517599e-25 2.827580e-10 1.470966e+01 -9.548585e+00
5.115911e+14 5.336462e-25 2.730086e-10 1.470892e+01 -9.563824e+00
5.107196e+14 5.238284e-25 2.675294e-10 1.470818e+01 -9.572628e+00
5.098510e+14 5.091011e-25 2.595657e-10 1.470744e+01 -9.585753e+00
5.089854e+14 5.148757e-25 2.620642e-10 1.470671e+01 -9.581592e+00
5.081227e+14 5.077041e-25 2.579760e-10 1.470597e+01 -9.588421e+00
5.072629e+14 5.175644e-25 2.625413e-10 1.470523e+01 -9.580802e+00
5.064061e+14 5.376895e-25 2.722892e-10 1.470450e+01 -9.564970e+00
5.055521e+14 5.358207e-25 2.708853e-10 1.470377e+01 -9.567215e+00
5.047010e+14 5.499603e-25 2.775655e-10 1.470303e+01 -9.556634e+00
5.038528e+14 5.448025e-25 2.745002e-10 1.470230e+01 -9.561457e+00
5.030074e+14 5.524286e-25 2.778756e-10 1.470157e+01 -9.556150e+00
5.021648e+14 5.526231e-25 2.775079e-10 1.470085e+01 -9.556725e+00
5.013251e+14 5.607248e-25 2.811054e-10 1.470012e+01 -9.551131e+00
5.004881e+14 5.605118e-25 2.805295e-10 1.469939e+01 -9.552021e+00
4.996540e+14 5.569330e-25 2.782738e-10 1.469867e+01 -9.555528e+00
4.988226e+14 5.562663e-25 2.774782e-10 1.469795e+01 -9.556771e+00
4.979940e+14 5.695178e-25 2.836164e-10 1.469722e+01 -9.547269e+00
4.971682e+14 5.718350e-25 2.842982e-10 1.469650e+01 -9.546226e+00
4.963450e+14 5.762831e-25 2.860353e-10 1.469578e+01 -9.543580e+00
4.955246e+14 5.833097e-25 2.890443e-10 1.469507e+01 -9.539036e+00
4.947069e+14 5.826727e-25 2.882522e-10 1.469435e+01 -9.540227e+00
4.938919e+14 5.914648e-25 2.921197e-10 1.469363e+01 -9.534439e+00
4.930796e+14 5.925540e-25 2.921763e-10 1.469292e+01 -9.534355e+00
4.922700e+14 5.880240e-25 2.894665e-10 1.469220e+01 -9.538402e+00
4.914630e+14 5.873559e-25 2.886636e-10 1.469149e+01 -9.539608e+00
4.906586e+14 5.923275e-25 2.906306e-10 1.469078e+01 -9.536659e+00
4.898569e+14 5.881594e-25 2.881139e-10 1.469007e+01 -9.540436e+00
4.890577e+14 5.883321e-25 2.877284e-10 1.468936e+01 -9.541017e+00
4.882612e+14 5.854223e-25 2.858390e-10 1.468865e+01 -9.543879e+00
4.874673e+14 5.833653e-25 2.843715e-10 1.468795e+01 -9.546114e+00
4.866760e+14 5.666981e-25 2.757984e-10 1.468724e+01 -9.559408e+00
4.858872e+14 5.632178e-25 2.736603e-10 1.468654e+01 -9.562788e+00
4.851010e+14 5.646000e-25 2.738880e-10 1.468583e+01 -9.562427e+00
4.843173e+14 5.659824e-25 2.741150e-10 1.468513e+01 -9.562067e+00
4.835361e+14 5.781120e-25 2.795380e-10 1.468443e+01 -9.553559e+00
4.827575e+14 5.741381e-25 2.771695e-10 1.468373e+01 -9.557255e+00
4.819814e+14 5.611158e-25 2.704473e-10 1.468303e+01 -9.567917e+00
4.812077e+14 5.597564e-25 2.693591e-10 1.468233e+01 -9.569668e+00
4.804365e+14 5.606476e-25 2.693556e-10 1.468164e+01 -9.569674e+00
4.796678e+14 5.638112e-25 2.704421e-10 1.468094e+01 -9.567926e+00
4.789016e+14 5.601387e-25 2.682513e-10 1.468025e+01 -9.571458e+00
4.781378e+14 5.752108e-25 2.750300e-10 1.467955e+01 -9.560620e+00
4.773764e+14 5.830197e-25 2.783199e-10 1.467886e+01 -9.555456e+00
4.766175e+14 5.885651e-25 2.805204e-10 1.467817e+01 -9.552035e+00
4.758610e+14 5.964488e-25 2.838267e-10 1.467748e+01 -9.546947e+00
4.751068e+14 6.015906e-25 2.858198e-10 1.467679e+01 -9.543908e+00
4.743551e+14 6.007071e-25 2.849484e-10 1.467610e+01 -9.545234e+00
4.736057e+14 6.040099e-25 2.860625e-10 1.467542e+01 -9.543539e+00
4.728587e+14 6.073245e-25 2.871787e-10 1.467473e+01 -9.541848e+00
4.721140e+14 6.134695e-25 2.896275e-10 1.467405e+01 -9.538160e+00
4.713717e+14 6.205865e-25 2.925269e-10 1.467336e+01 -9.533834e+00
4.706317e+14 6.249031e-25 2.940992e-10 1.467268e+01 -9.531506e+00
4.698940e+14 6.354019e-25 2.985716e-10 1.467200e+01 -9.524952e+00
4.691587e+14 6.274063e-25 2.943531e-10 1.467132e+01 -9.531131e+00
4.684256e+14 6.331888e-25 2.966018e-10 1.467064e+01 -9.527826e+00
4.676949e+14 6.366050e-25 2.977369e-10 1.466996e+01 -9.526167e+00
4.669664e+14 6.342715e-25 2.961835e-10 1.466929e+01 -9.528439e+00
4.662401e+14 6.396205e-25 2.982167e-10 1.466861e+01 -9.525468e+00
4.655161e+14 6.488586e-25 3.020542e-10 1.466793e+01 -9.519915e+00
4.647944e+14 6.479674e-25 3.011716e-10 1.466726e+01 -9.521186e+00
4.640749e+14 6.499782e-25 3.016386e-10 1.466659e+01 -9.520513e+00
4.633577e+14 6.534550e-25 3.027834e-10 1.466592e+01 -9.518868e+00
4.626426e+14 6.549874e-25 3.030251e-10 1.466525e+01 -9.518521e+00
4.619297e+14 6.462157e-25 2.985063e-10 1.466458e+01 -9.525047e+00
4.612191e+14 6.501774e-25 2.998742e-10 1.466391e+01 -9.523061e+00
4.605106e+14 6.674842e-25 3.073836e-10 1.466324e+01 -9.512319e+00
4.598043e+14 6.710221e-25 3.085388e-10 1.466257e+01 -9.510690e+00
4.591002e+14 6.785462e-25 3.115206e-10 1.466191e+01 -9.506513e+00
4.583982e+14 6.776364e-25 3.106273e-10 1.466124e+01 -9.507760e+00
4.576983e+14 6.657163e-25 3.046972e-10 1.466058e+01 -9.516132e+00
4.570006e+14 6.426848e-25 2.937074e-10 1.465992e+01 -9.532085e+00
4.563050e+14 6.541998e-25 2.985146e-10 1.465926e+01 -9.525034e+00
4.556116e+14 6.632540e-25 3.021862e-10 1.465859e+01 -9.519725e+00
4.549202e+14 6.612242e-25 3.008042e-10 1.465794e+01 -9.521716e+00
4.542309e+14 6.733814e-25 3.058707e-10 1.465728e+01 -9.514462e+00
4.535437e+14 6.784774e-25 3.077192e-10 1.465662e+01 -9.511845e+00
4.528586e+14 6.718529e-25 3.042544e-10 1.465596e+01 -9.516763e+00
4.521756e+14 6.610825e-25 2.989253e-10 1.465531e+01 -9.524437e+00
4.514946e+14 6.764322e-25 3.054055e-10 1.465465e+01 -9.515123e+00
4.508156e+14 6.666224e-25 3.005238e-10 1.465400e+01 -9.522121e+00
4.501387e+14 6.655285e-25 2.995802e-10 1.465335e+01 -9.523487e+00
4.494639e+14 6.639007e-25 2.983994e-10 1.465269e+01 -9.525202e+00
4.487910e+14 6.596550e-25 2.960473e-10 1.465204e+01 -9.528639e+00
4.481202e+14 6.694522e-25 2.999951e-10 1.465139e+01 -9.522886e+00
4.474513e+14 6.641339e-25 2.971676e-10 1.465075e+01 -9.526999e+00
4.467845e+14 6.655934e-25 2.973768e-10 1.465010e+01 -9.526693e+00
4.461196e+14 6.623181e-25 2.954731e-10 1.464945e+01 -9.529482e+00
4.454568e+14 6.695671e-25 2.982632e-10 1.464881e+01 -9.525400e+00
4.447958e+14 6.704999e-25 2.982356e-10 1.464816e+01 -9.525441e+00
4.441369e+14 6.730218e-25 2.989138e-10 1.464752e+01 -9.524454e+00
4.434799e+14 6.739527e-25 2.988845e-10 1.464687e+01 -9.524497e+00
4.428248e+14 6.876945e-25 3.045282e-10 1.464623e+01 -9.516373e+00
4.421717e+14 6.859791e-25 3.033205e-10 1.464559e+01 -9.518098e+00
4.415205e+14 6.804849e-25 3.004480e-10 1.464495e+01 -9.522231e+00
4.408712e+14 6.835681e-25 3.013655e-10 1.464431e+01 -9.520907e+00
4.402238e+14 6.909826e-25 3.041870e-10 1.464367e+01 -9.516859e+00
4.395783e+14 7.005992e-25 3.079682e-10 1.464304e+01 -9.511494e+00
4.389347e+14 6.977643e-25 3.062730e-10 1.464240e+01 -9.513891e+00
4.382930e+14 7.117996e-25 3.119768e-10 1.464176e+01 -9.505878e+00
4.376531e+14 7.034966e-25 3.078875e-10 1.464113e+01 -9.511608e+00
4.370152e+14 6.869129e-25 3.001913e-10 1.464050e+01 -9.522602e+00
4.363790e+14 6.966144e-25 3.039879e-10 1.463986e+01 -9.517144e+00
4.357448e+14 7.002981e-25 3.051512e-10 1.463923e+01 -9.515485e+00
4.351123e+14 7.012293e-25 3.051135e-10 1.463860e+01 -9.515539e+00
4.344817e+14 7.176865e-25 3.118217e-10 1.463797e+01 -9.506094e+00
4.338530e+14 7.080874e-25 3.072058e-10 1.463734e+01 -9.512571e+00
4.332260e+14 7.112540e-25 3.081337e-10 1.463671e+01 -9.511261e+00
4.326009e+14 7.183463e-25 3.107572e-10 1.463609e+01 -9.507579e+00
4.319775e+14 7.232263e-25 3.124175e-10 1.463546e+01 -9.505265e+00
4.313560e+14 7.224985e-25 3.116541e-10 1.463484e+01 -9.506327e+00
4.307362e+14 7.302223e-25 3.145332e-10 1.463421e+01 -9.502334e+00
4.301182e+14 7.277947e-25 3.130377e-10 1.463359e+01 -9.504403e+00
4.295020e+14 7.162630e-25 3.076364e-10 1.463297e+01 -9.511962e+00
4.288876e+14 7.166093e-25 3.073448e-10 1.463234e+01 -9.512374e+00
4.282749e+14 7.329316e-25 3.138962e-10 1.463172e+01 -9.503214e+00
4.276639e+14 7.338823e-25 3.138550e-10 1.463110e+01 -9.503271e+00
4.270547e+14 7.285145e-25 3.111155e-10 1.463048e+01 -9.507078e+00
4.264472e+14 7.513175e-25 3.203973e-10 1.462987e+01 -9.494311e+00
4.258415e+14 7.540338e-25 3.210989e-10 1.462925e+01 -9.493361e+00
4.252374e+14 7.619675e-25 3.240171e-10 1.462863e+01 -9.489432e+00
4.246351e+14 7.304532e-25 3.101761e-10 1.462802e+01 -9.508392e+00
4.240345e+14 7.290302e-25 3.091339e-10 1.462740e+01 -9.509853e+00
4.234356e+14 7.445246e-25 3.152582e-10 1.462679e+01 -9.501334e+00
4.228384e+14 7.220344e-25 3.053038e-10 1.462617e+01 -9.515268e+00
4.222428e+14 7.205491e-25 3.042467e-10 1.462556e+01 -9.516774e+00
4.216489e+14 7.290582e-25 3.074066e-10 1.462495e+01 -9.512287e+00
4.210567e+14 7.281576e-25 3.065957e-10 1.462434e+01 -9.513434e+00
4.204662e+14 7.035547e-25 2.958210e-10 1.462373e+01 -9.528971e+00
4.198773e+14 6.900887e-25 2.897526e-10 1.462312e+01 -9.537973e+00
4.192901e+14 7.045295e-25 2.954022e-10 1.462251e+01 -9.529586e+00
4.187045e+14 7.351677e-25 3.078180e-10 1.462191e+01 -9.511706e+00
4.181205e+14 7.264428e-25 3.037406e-10 1.462130e+01 -9.517497e+00
4.175382e+14 7.248673e-25 3.026598e-10 1.462070e+01 -9.519045e+00
4.169574e+14 7.148433e-25 2.980592e-10 1.462009e+01 -9.525697e+00
4.163783e+14 7.101902e-25 2.957078e-10 1.461949e+01 -9.529137e+00
4.158008e+14 7.097420e-25 2.951113e-10 1.461889e+01 -9.530014e+00
4.152249e+14 7.341808e-25 3.048502e-10 1.461828e+01 -9.515914e+00
4.146506e+14 7.374339e-25 3.057774e-10 1.461768e+01 -9.514595e+00
4.140779e+14 7.443603e-25 3.082231e-10 1.461708e+01 -9.511135e+00
4.135068e+14 7.255990e-25 3.000401e-10 1.461648e+01 -9.522821e+00
4.129372e+14 7.355842e-25 3.037501e-10 1.461588e+01 -9.517484e+00
4.123692e+14 7.499261e-25 3.092464e-10 1.461529e+01 -9.509695e+00
4.118027e+14 7.408774e-25 3.050953e-10 1.461469e+01 -9.515564e+00
4.112379e+14 7.540579e-25 3.100972e-10 1.461409e+01 -9.508502e+00
4.106745e+14 7.555073e-25 3.102676e-10 1.461350e+01 -9.508264e+00
4.101127e+14 7.743860e-25 3.175855e-10 1.461290e+01 -9.498139e+00
4.095525e+14 7.702641e-25 3.154636e-10 1.461231e+01 -9.501051e+00
4.089937e+14 7.836364e-25 3.205024e-10 1.461172e+01 -9.494169e+00
4.084365e+14 7.832656e-25 3.199143e-10 1.461112e+01 -9.494966e+00
4.078808e+14 7.715561e-25 3.147029e-10 1.461053e+01 -9.502099e+00
4.073266e+14 7.761811e-25 3.161592e-10 1.460994e+01 -9.500094e+00
4.067739e+14 7.846193e-25 3.191627e-10 1.460935e+01 -9.495988e+00
4.062228e+14 8.032464e-25 3.262970e-10 1.460876e+01 -9.486387e+00
4.056731e+14 7.996989e-25 3.244163e-10 1.460818e+01 -9.488897e+00
4.051249e+14 8.076059e-25 3.271812e-10 1.460759e+01 -9.485212e+00
4.045781e+14 8.149073e-25 3.296937e-10 1.460700e+01 -9.481889e+00
4.040329e+14 8.434045e-25 3.407631e-10 1.460642e+01 -9.467547e+00
4.034891e+14 8.315311e-25 3.355137e-10 1.460583e+01 -9.474290e+00
4.029468e+14 8.228087e-25 3.315481e-10 1.460525e+01 -9.479453e+00
4.024059e+14 8.314877e-25 3.345956e-10 1.460466e+01 -9.475480e+00
4.018665e+14 8.181621e-25 3.287919e-10 1.460408e+01 -9.483079e+00
4.013285e+14 8.444087e-25 3.388853e-10 1.460350e+01 -9.469947e+00
4.007920e+14 8.577514e-25 3.437799e-10 1.460292e+01 -9.463720e+00
4.002569e+14 8.450152e-25 3.382231e-10 1.460234e+01 -9.470797e+00
3.997232e+14 8.453072e-25 3.378889e-10 1.460176e+01 -9.471226e+00
3.991909e+14 8.705588e-25 3.475192e-10 1.460118e+01 -9.459021e+00
3.986601e+14 8.709024e-25 3.471940e-10 1.460060e+01 -9.459428e+00
3.981307e+14 8.553858e-25 3.405553e-10 1.460003e+01 -9.467812e+00
3.976027e+14 8.801770e-25 3.499607e-10 1.459945e+01 -9.455981e+00
3.970760e+14 8.864975e-25 3.520069e-10 1.459887e+01 -9.453449e+00
3.965508e+14 8.928422e-25 3.540573e-10 1.459830e+01 -9.450926e+00
3.960269e+14 8.811869e-25 3.489738e-10 1.459772e+01 -9.457207e+00
3.955045e+14 8.480420e-25 3.354044e-10 1.459715e+01 -9.474431e+00
3.949834e+14 8.113574e-25 3.204727e-10 1.459658e+01 -9.494209e+00
3.944637e+14 7.677418e-25 3.028462e-10 1.459601e+01 -9.518778e+00
3.939453e+14 7.953998e-25 3.133440e-10 1.459544e+01 -9.503979e+00
3.934283e+14 8.455169e-25 3.326503e-10 1.459487e+01 -9.478012e+00
3.929127e+14 8.199318e-25 3.221616e-10 1.459430e+01 -9.491926e+00
3.923984e+14 8.248023e-25 3.236511e-10 1.459373e+01 -9.489923e+00
3.918855e+14 8.405979e-25 3.294181e-10 1.459316e+01 -9.482253e+00
3.913739e+14 8.168227e-25 3.196831e-10 1.459259e+01 -9.495280e+00
3.908636e+14 8.189568e-25 3.201004e-10 1.459203e+01 -9.494714e+00
3.903547e+14 8.059773e-25 3.146170e-10 1.459146e+01 -9.502218e+00
3.898471e+14 8.066997e-25 3.144895e-10 1.459089e+01 -9.502394e+00
3.893408e+14 8.157061e-25 3.175876e-10 1.459033e+01 -9.498136e+00
3.888358e+14 8.247510e-25 3.206927e-10 1.458977e+01 -9.493911e+00
3.883321e+14 8.352232e-25 3.243440e-10 1.458920e+01 -9.488994e+00
3.878298e+14 8.471336e-25 3.285436e-10 1.458864e+01 -9.483407e+00
3.873287e+14 8.611909e-25 3.335639e-10 1.458808e+01 -9.476821e+00
3.868289e+14 8.431266e-25 3.261457e-10 1.458752e+01 -9.486588e+00
3.863304e+14 8.565278e-25 3.309027e-10 1.458696e+01 -9.480300e+00
3.858332e+14 8.685830e-25 3.351282e-10 1.458640e+01 -9.474789e+00
3.853373e+14 8.468462e-25 3.263214e-10 1.458584e+01 -9.486354e+00
3.848426e+14 8.730602e-25 3.359908e-10 1.458528e+01 -9.473673e+00
3.843492e+14 8.753032e-25 3.364221e-10 1.458473e+01 -9.473115e+00
3.838571e+14 8.782595e-25 3.371262e-10 1.458417e+01 -9.472208e+00
3.833662e+14 8.655499e-25 3.318226e-10 1.458361e+01 -9.479094e+00
3.828766e+14 8.541950e-25 3.270513e-10 1.458306e+01 -9.485384e+00
3.823883e+14 8.470698e-25 3.239096e-10 1.458250e+01 -9.489576e+00
3.819011e+14 8.535393e-25 3.259676e-10 1.458195e+01 -9.486826e+00
3.814153e+14 8.485183e-25 3.236379e-10 1.458140e+01 -9.489941e+00
3.809306e+14 8.780968e-25 3.344940e-10 1.458085e+01 -9.475612e+00
3.804472e+14 8.557354e-25 3.255622e-10 1.458029e+01 -9.487366e+00
3.799650e+14 8.666111e-25 3.292819e-10 1.457974e+01 -9.482432e+00
3.794841e+14 8.280952e-25 3.142489e-10 1.457919e+01 -9.502726e+00
3.790043e+14 8.360240e-25 3.168567e-10 1.457864e+01 -9.499137e+00
3.785258e+14 8.374084e-25 3.169807e-10 1.457810e+01 -9.498967e+00
3.780484e+14 8.636992e-25 3.265201e-10 1.457755e+01 -9.486090e+00
3.775723e+14 8.306268e-25 3.136217e-10 1.457700e+01 -9.503594e+00
3.770974e+14 8.430282e-25 3.179037e-10 1.457645e+01 -9.497704e+00
3.766236e+14 8.672940e-25 3.266434e-10 1.457591e+01 -9.485926e+00
3.761511e+14 8.842741e-25 3.326206e-10 1.457536e+01 -9.478051e+00
3.756797e+14 8.723996e-25 3.277428e-10 1.457482e+01 -9.484467e+00
3.752095e+14 8.641757e-25 3.242469e-10 1.457427e+01 -9.489124e+00
3.747405e+14 8.819969e-25 3.305200e-10 1.457373e+01 -9.480802e+00
3.742727e+14 8.939198e-25 3.345697e-10 1.457319e+01 -9.475513e+00
3.738060e+14 8.901589e-25 3.327467e-10 1.457265e+01 -9.477886e+00
3.733405e+14 8.863708e-25 3.309181e-10 1.457211e+01 -9.480279e+00
3.728761e+14 8.915920e-25 3.324533e-10 1.457156e+01 -9.478269e+00
3.724129e+14 8.681443e-25 3.233082e-10 1.457102e+01 -9.490383e+00
3.719509e+14 9.088986e-25 3.380656e-10 1.457049e+01 -9.470999e+00
3.714900e+14 9.012927e-25 3.348212e-10 1.456995e+01 -9.475187e+00
3.710302e+14 9.012461e-25 3.343895e-10 1.456941e+01 -9.475747e+00
3.705716e+14 9.080529e-25 3.364986e-10 1.456887e+01 -9.473017e+00
3.701141e+14 8.919556e-25 3.301253e-10 1.456834e+01 -9.481321e+00
3.696577e+14 9.071848e-25 3.353478e-10 1.456780e+01 -9.474504e+00
3.692025e+14 9.140319e-25 3.374628e-10 1.456726e+01 -9.471774e+00
3.687483e+14 9.216745e-25 3.398659e-10 1.456673e+01 -9.468692e+00
3.682953e+14 9.447841e-25 3.479596e-10 1.456620e+01 -9.458471e+00
3.678434e+14 9.246672e-25 3.401328e-10 1.456566e+01 -9.468352e+00
3.673926e+14 9.385729e-25 3.448248e-10 1.456513e+01 -9.462402e+00
3.669430e+14 9.261007e-25 3.398261e-10 1.456460e+01 -9.468743e+00
3.664944e+14 9.307076e-25 3.410991e-10 1.456407e+01 -9.467119e+00
3.660469e+14 9.704915e-25 3.552454e-10 1.456354e+01 -9.449472e+00
3.656005e+14 9.595467e-25 3.508108e-10 1.456301e+01 -9.454927e+00
3.651552e+14 9.399025e-25 3.432103e-10 1.456248e+01 -9.464440e+00
3.647109e+14 9.492777e-25 3.462120e-10 1.456195e+01 -9.460658e+00
3.642678e+14 9.405422e-25 3.426092e-10 1.456142e+01 -9.465201e+00
3.638257e+14 9.570665e-25 3.482054e-10 1.456089e+01 -9.458164e+00
3.633847e+14 9.625625e-25 3.497805e-10 1.456037e+01 -9.456204e+00
3.629448e+14 9.641026e-25 3.499160e-10 1.455984e+01 -9.456036e+00
3.625059e+14 9.752024e-25 3.535167e-10 1.455932e+01 -9.451590e+00
3.620681e+14 9.959315e-25 3.605950e-10 1.455879e+01 -9.442980e+00
3.616314e+14 9.350918e-25 3.381585e-10 1.455827e+01 -9.470880e+00
3.611957e+14 9.397567e-25 3.394360e-10 1.455774e+01 -9.469242e+00
3.607610e+14 9.194976e-25 3.317189e-10 1.455722e+01 -9.479230e+00
3.603274e+14 9.200992e-25 3.315369e-10 1.455670e+01 -9.479468e+00
3.598948e+14 9.691958e-25 3.488086e-10 1.455618e+01 -9.457413e+00
3.594633e+14 9.172355e-25 3.297125e-10 1.455565e+01 -9.481865e+00
3.590328e+14 9.503009e-25 3.411892e-10 1.455513e+01 -9.467005e+00
3.586033e+14 9.403659e-25 3.372184e-10 1.455461e+01 -9.472089e+00
3.581749e+14 9.793423e-25 3.507758e-10 1.455410e+01 -9.454970e+00
3.577475e+14 9.309635e-25 3.330498e-10 1.455358e+01 -9.477491e+00
3.573211e+14 9.167862e-25 3.275870e-10 1.455306e+01 -9.484673e+00
3.568957e+14 9.526741e-25 3.400053e-10 1.455254e+01 -9.468514e+00
3.564713e+14 9.631831e-25 3.433472e-10 1.455202e+01 -9.464267e+00
3.560480e+14 9.481311e-25 3.375802e-10 1.455151e+01 -9.471623e+00
3.556256e+14 9.619746e-25 3.421028e-10 1.455099e+01 -9.465843e+00
3.552043e+14 9.576196e-25 3.401506e-10 1.455048e+01 -9.468329e+00
3.547839e+14 9.499087e-25 3.370123e-10 1.454996e+01 -9.472354e+00
3.543645e+14 9.329818e-25 3.306157e-10 1.454945e+01 -9.480677e+00
3.539462e+14 9.276671e-25 3.283442e-10 1.454894e+01 -9.483671e+00
3.535288e+14 9.600164e-25 3.393934e-10 1.454842e+01 -9.469297e+00
3.531124e+14 9.362516e-25 3.306020e-10 1.454791e+01 -9.480694e+00
3.526969e+14 8.871168e-25 3.128834e-10 1.454740e+01 -9.504618e+00
3.522825e+14 9.136712e-25 3.218704e-10 1.454689e+01 -9.492319e+00
3.518690e+14 9.285042e-25 3.267119e-10 1.454638e+01 -9.485835e+00
3.514565e+14 9.383136e-25 3.297764e-10 1.454587e+01 -9.481780e+00
3.510450e+14 8.742456e-25 3.068995e-10 1.454536e+01 -9.513004e+00
3.506344e+14 9.512348e-25 3.335356e-10 1.454485e+01 -9.476858e+00
3.502248e+14 9.509005e-25 3.330289e-10 1.454435e+01 -9.477518e+00
3.498161e+14 9.822134e-25 3.435941e-10 1.454384e+01 -9.463954e+00
3.494084e+14 9.759311e-25 3.409985e-10 1.454333e+01 -9.467247e+00
3.490016e+14 9.945395e-25 3.470959e-10 1.454283e+01 -9.459551e+00
3.485958e+14 9.718704e-25 3.387899e-10 1.454232e+01 -9.470069e+00
3.481909e+14 9.732683e-25 3.388832e-10 1.454182e+01 -9.469950e+00
3.477870e+14 1.000633e-24 3.480071e-10 1.454131e+01 -9.458412e+00
3.473840e+14 9.751923e-25 3.387662e-10 1.454081e+01 -9.470100e+00
3.469819e+14 9.861498e-25 3.421762e-10 1.454031e+01 -9.465750e+00
3.465808e+14 9.788459e-25 3.392492e-10 1.453980e+01 -9.469481e+00
3.461806e+14 9.208285e-25 3.187729e-10 1.453930e+01 -9.496519e+00
3.457813e+14 9.737452e-25 3.367029e-10 1.453880e+01 -9.472753e+00
3.453829e+14 9.953019e-25 3.437603e-10 1.453830e+01 -9.463744e+00
3.449855e+14 9.756037e-25 3.365691e-10 1.453780e+01 -9.472926e+00
3.445890e+14 1.030755e-24 3.551867e-10 1.453730e+01 -9.449543e+00
3.441933e+14 1.041080e-24 3.583327e-10 1.453680e+01 -9.445714e+00
3.437986e+14 1.050558e-24 3.611804e-10 1.453630e+01 -9.442276e+00
3.434048e+14 1.060959e-24 3.643385e-10 1.453581e+01 -9.438495e+00
3.430119e+14 1.060722e-24 3.638402e-10 1.453531e+01 -9.439089e+00
3.426199e+14 1.047096e-24 3.587559e-10 1.453481e+01 -9.445201e+00
3.422288e+14 1.039657e-24 3.558007e-10 1.453432e+01 -9.448793e+00
3.418385e+14 1.044720e-24 3.571257e-10 1.453382e+01 -9.447179e+00
3.414492e+14 1.046206e-24 3.572263e-10 1.453333e+01 -9.447057e+00
3.338445e+14 1.069048e-24 3.568959e-10 1.452354e+01 -9.447458e+00
3.265712e+14 1.119161e-24 3.654858e-10 1.451398e+01 -9.437130e+00
3.196081e+14 1.130534e-24 3.613277e-10 1.450462e+01 -9.442099e+00
3.129357e+14 1.178189e-24 3.686974e-10 1.449546e+01 -9.433330e+00
3.065362e+14 1.207840e-24 3.702466e-10 1.448648e+01 -9.431509e+00
3.003932e+14 1.234540e-24 3.708473e-10 1.447769e+01 -9.430805e+00
2.944916e+14 1.274858e-24 3.754349e-10 1.446907e+01 -9.425465e+00
2.888173e+14 1.300340e-24 3.755606e-10 1.446062e+01 -9.425320e+00
2.833577e+14 1.326156e-24 3.757765e-10 1.445233e+01 -9.425070e+00
2.781006e+14 1.357816e-24 3.776093e-10 1.444420e+01 -9.422957e+00
2.730350e+14 1.360493e-24 3.714622e-10 1.443622e+01 -9.430085e+00
2.681506e+14 1.373959e-24 3.684281e-10 1.442838e+01 -9.433647e+00
2.634380e+14 1.393987e-24 3.672292e-10 1.442068e+01 -9.435063e+00
2.588881e+14 1.410298e-24 3.651094e-10 1.441311e+01 -9.437577e+00
2.544927e+14 1.426779e-24 3.631050e-10 1.440568e+01 -9.439968e+00
2.502441e+14 1.438354e-24 3.599397e-10 1.439836e+01 -9.443770e+00
2.461350e+14 1.468289e-24 3.613972e-10 1.439117e+01 -9.442015e+00
2.421586e+14 1.478517e-24 3.580357e-10 1.438410e+01 -9.446074e+00
2.383087e+14 1.477266e-24 3.520455e-10 1.437714e+01 -9.453401e+00
2.345793e+14 1.491505e-24 3.498763e-10 1.437029e+01 -9.456086e+00
2.309649e+14 1.520889e-24 3.512718e-10 1.436355e+01 -9.454357e+00
2.274601e+14 1.556381e-24 3.540146e-10 1.435691e+01 -9.450979e+00
2.240601e+14 1.570397e-24 3.518634e-10 1.435036e+01 -9.453626e+00
2.207602e+14 1.563128e-24 3.450765e-10 1.434392e+01 -9.462085e+00
2.175562e+14 1.592476e-24 3.464530e-10 1.433757e+01 -9.460356e+00
2.144438e+14 1.585761e-24 3.400566e-10 1.433131e+01 -9.468449e+00
2.114192e+14 1.569385e-24 3.317982e-10 1.432514e+01 -9.479126e+00
2.084787e+14 1.602405e-24 3.340674e-10 1.431906e+01 -9.476166e+00
2.056189e+14 1.618562e-24 3.328071e-10 1.431306e+01 -9.477807e+00
2.028365e+14 1.668870e-24 3.385079e-10 1.430715e+01 -9.470431e+00
2.001284e+14 1.693429e-24 3.389032e-10 1.430131e+01 -9.469924e+00
1.974917e+14 1.770088e-24 3.495777e-10 1.429555e+01 -9.456456e+00
1.949235e+14 1.774051e-24 3.458042e-10 1.428986e+01 -9.461170e+00
1.924213e+14 1.800696e-24 3.464922e-10 1.428425e+01 -9.460307e+00
1.899825e+14 1.847513e-24 3.509952e-10 1.427871e+01 -9.454699e+00
1.876048e+14 1.910706e-24 3.584575e-10 1.427324e+01 -9.445562e+00
1.852858e+14 1.907597e-24 3.534507e-10 1.426784e+01 -9.451671e+00
1.830234e+14 1.888161e-24 3.455777e-10 1.426251e+01 -9.461454e+00
1.808157e+14 1.929427e-24 3.488707e-10 1.425724e+01 -9.457335e+00
1.786605e+14 1.964448e-24 3.509694e-10 1.425203e+01 -9.454731e+00
1.765562e+14 1.941694e-24 3.428180e-10 1.424688e+01 -9.464936e+00
1.745008e+14 1.928220e-24 3.364760e-10 1.424180e+01 -9.473046e+00
1.724928e+14 1.902647e-24 3.281928e-10 1.423677e+01 -9.483871e+00
1.705304e+14 1.873602e-24 3.195061e-10 1.423180e+01 -9.495521e+00
1.686121e+14 1.848345e-24 3.116534e-10 1.422689e+01 -9.506328e+00
1.667366e+14 1.788479e-24 2.982049e-10 1.422203e+01 -9.525485e+00
1.649023e+14 1.804617e-24 2.975855e-10 1.421723e+01 -9.526388e+00
1.631079e+14 1.751271e-24 2.856462e-10 1.421248e+01 -9.544172e+00
1.613522e+14 1.730876e-24 2.792807e-10 1.420777e+01 -9.553959e+00
1.596339e+14 1.714517e-24 2.736950e-10 1.420313e+01 -9.562733e+00
1.579517e+14 1.697933e-24 2.681915e-10 1.419852e+01 -9.571555e+00
1.563047e+14 1.656338e-24 2.588934e-10 1.419397e+01 -9.586879e+00
1.546916e+14 1.626307e-24 2.515760e-10 1.418947e+01 -9.599331e+00
1.531115e+14 1.610920e-24 2.466504e-10 1.418501e+01 -9.607918e+00
1.515634e+14 1.580644e-24 2.395677e-10 1.418059e+01 -9.620572e+00
1.500462e+14 1.558360e-24 2.338260e-10 1.417623e+01 -9.631107e+00
1.485592e+14 1.565046e-24 2.325019e-10 1.417190e+01 -9.633574e+00
1.471013e+14 1.530417e-24 2.251264e-10 1.416762e+01 -9.647574e+00
1.456717e+14 1.524091e-24 2.220170e-10 1.416338e+01 -9.653614e+00
1.442697e+14 1.486452e-24 2.144500e-10 1.415918e+01 -9.668674e+00
1.428944e+14 1.494180e-24 2.135099e-10 1.415502e+01 -9.670582e+00
1.415450e+14 1.480474e-24 2.095538e-10 1.415089e+01 -9.678705e+00
1.402210e+14 1.459044e-24 2.045885e-10 1.414681e+01 -9.689119e+00
1.389214e+14 1.442526e-24 2.003977e-10 1.414277e+01 -9.698107e+00
1.376457e+14 1.430153e-24 1.968544e-10 1.413876e+01 -9.705855e+00
1.363933e+14 1.412640e-24 1.926746e-10 1.413479e+01 -9.715176e+00
1.351634e+14 1.398921e-24 1.890829e-10 1.413086e+01 -9.723348e+00
1.339555e+14 1.374084e-24 1.840662e-10 1.412696e+01 -9.735026e+00
1.327690e+14 1.366680e-24 1.814527e-10 1.412310e+01 -9.741236e+00
1.316033e+14 1.352913e-24 1.780479e-10 1.411927e+01 -9.749463e+00
1.304580e+14 1.234052e-24 1.609919e-10 1.411547e+01 -9.793196e+00
1.293324e+14 1.188650e-24 1.537310e-10 1.411171e+01 -9.813239e+00
1.282260e+14 1.159582e-24 1.486885e-10 1.410798e+01 -9.827723e+00
1.271384e+14 1.090767e-24 1.386784e-10 1.410428e+01 -9.857991e+00
1.260691e+14 1.071800e-24 1.351208e-10 1.410061e+01 -9.869278e+00
1.250177e+14 1.080526e-24 1.350848e-10 1.409697e+01 -9.869393e+00
1.239836e+14 1.009400e-24 1.251490e-10 1.409336e+01 -9.902573e+00
1.229665e+14 1.008164e-24 1.239704e-10 1.408979e+01 -9.906682e+00
1.219660e+14 9.818391e-25 1.197510e-10 1.408624e+01 -9.921721e+00
1.209816e+14 9.799987e-25 1.185618e-10 1.408272e+01 -9.926055e+00
1.200130e+14 9.537203e-25 1.144588e-10 1.407923e+01 -9.941351e+00
1.190597e+14 1.008199e-24 1.200360e-10 1.407576e+01 -9.920689e+00
1.181215e+14 9.822572e-25 1.160257e-10 1.407233e+01 -9.935446e+00
1.171980e+14 9.543502e-25 1.118479e-10 1.406892e+01 -9.951372e+00
1.162888e+14 9.205556e-25 1.070503e-10 1.406554e+01 -9.970412e+00
1.153935e+14 9.537651e-25 1.100583e-10 1.406218e+01 -9.958377e+00
1.145120e+14 9.565297e-25 1.095341e-10 1.405885e+01 -9.960451e+00
1.136438e+14 9.679574e-25 1.100024e-10 1.405555e+01 -9.958598e+00
1.127887e+14 9.357778e-25 1.055452e-10 1.405227e+01 -9.976562e+00
1.119464e+14 9.231787e-25 1.033465e-10 1.404901e+01 -9.985704e+00
1.111165e+14 9.115798e-25 1.012916e-10 1.404578e+01 -9.994427e+00
1.102989e+14 8.958844e-25 9.881506e-11 1.404257e+01 -1.000518e+01
1.094932e+14 8.995109e-25 9.849034e-11 1.403939e+01 -1.000661e+01
1.086992e+14 9.215612e-25 1.001730e-10 1.403623e+01 -9.999249e+00
1.079166e+14 8.931712e-25 9.638802e-11 1.403309e+01 -1.001598e+01
1.071452e+14 8.611162e-25 9.226451e-11 1.402997e+01 -1.003497e+01
1.063848e+14 8.614445e-25 9.164461e-11 1.402688e+01 -1.003789e+01
1.056351e+14 8.336515e-25 8.806286e-11 1.402381e+01 -1.005521e+01
1.048959e+14 8.388772e-25 8.799475e-11 1.402076e+01 -1.005554e+01
1.041669e+14 8.838517e-25 9.206811e-11 1.401773e+01 -1.003589e+01
1.034480e+14 8.635014e-25 8.932752e-11 1.401472e+01 -1.004901e+01
1.027390e+14 8.556228e-25 8.790583e-11 1.401174e+01 -1.005598e+01
1.020396e+14 8.510014e-25 8.683586e-11 1.400877e+01 -1.006130e+01
1.013497e+14 8.194090e-25 8.304685e-11 1.400582e+01 -1.008068e+01
1.006690e+14 7.963307e-25 8.016584e-11 1.400290e+01 -1.009601e+01
9.999746e+13 8.115650e-25 8.115445e-11 1.399999e+01 -1.009069e+01
9.933479e+13 8.020569e-25 7.967215e-11 1.399710e+01 -1.009869e+01
9.868084e+13 7.958422e-25 7.853438e-11 1.399423e+01 -1.010494e+01
9.803545e+13 7.937184e-25 7.781254e-11 1.399138e+01 -1.010895e+01
9.739844e+13 7.417772e-25 7.224794e-11 1.398855e+01 -1.014117e+01
9.676966e+13 7.371371e-25 7.133250e-11 1.398574e+01 -1.014671e+01
9.614894e+13 7.670711e-25 7.375308e-11 1.398294e+01 -1.013222e+01
9.553614e+13 7.580158e-25 7.241790e-11 1.398017e+01 -1.014015e+01
9.493110e+13 7.737503e-25 7.345296e-11 1.397741e+01 -1.013399e+01
9.433367e+13 7.473441e-25 7.049971e-11 1.397467e+01 -1.015181e+01
9.374371e+13 7.472489e-25 7.004989e-11 1.397194e+01 -1.015459e+01
9.316109e+13 7.464913e-25 6.954394e-11 1.396923e+01 -1.015774e+01
9.258567e+13 7.208671e-25 6.674197e-11 1.396654e+01 -1.017560e+01
9.201731e+13 7.095207e-25 6.528818e-11 1.396387e+01 -1.018517e+01
9.145589e+13 7.282726e-25 6.660481e-11 1.396121e+01 -1.017649e+01
9.090127e+13 7.183070e-25 6.529502e-11 1.395857e+01 -1.018512e+01
9.035335e+13 6.821582e-25 6.163527e-11 1.395594e+01 -1.021017e+01
8.981198e+13 7.048145e-25 6.330079e-11 1.395333e+01 -1.019859e+01
8.927707e+13 7.050101e-25 6.294123e-11 1.395074e+01 -1.020106e+01
8.874849e+13 6.997413e-25 6.210098e-11 1.394816e+01 -1.020690e+01
8.822613e+13 7.073792e-25 6.240933e-11 1.394560e+01 -1.020475e+01
8.770989e+13 6.749018e-25 5.919556e-11 1.394305e+01 -1.022771e+01
8.719965e+13 6.730468e-25 5.868945e-11 1.394051e+01 -1.023144e+01
8.669532e+13 6.754676e-25 5.855987e-11 1.393800e+01 -1.023240e+01
8.619678e+13 6.711847e-25 5.785396e-11 1.393549e+01 -1.023767e+01
8.570395e+13 6.589703e-25 5.647635e-11 1.393300e+01 -1.024813e+01
8.521671e+13 6.561465e-25 5.591465e-11 1.393052e+01 -1.025247e+01
8.473499e+13 6.631907e-25 5.619546e-11 1.392806e+01 -1.025030e+01
8.425868e+13 6.552251e-25 5.520841e-11 1.392561e+01 -1.025799e+01
8.378770e+13 6.481458e-25 5.430665e-11 1.392318e+01 -1.026515e+01
8.332196e+13 6.425933e-25 5.354213e-11 1.392076e+01 -1.027130e+01
8.286136e+13 6.334407e-25 5.248776e-11 1.391835e+01 -1.027994e+01
8.240583e+13 6.335252e-25 5.220617e-11 1.391596e+01 -1.028228e+01
8.195528e+13 6.230514e-25 5.106235e-11 1.391358e+01 -1.029190e+01
8.150962e+13 6.249978e-25 5.094334e-11 1.391121e+01 -1.029291e+01
8.106879e+13 6.098290e-25 4.943810e-11 1.390885e+01 -1.030594e+01
8.063271e+13 6.127394e-25 4.940683e-11 1.390651e+01 -1.030621e+01
8.020128e+13 6.092573e-25 4.886322e-11 1.390418e+01 -1.031102e+01
7.977445e+13 5.876616e-25 4.688039e-11 1.390186e+01 -1.032901e+01
7.935214e+13 5.854533e-25 4.645698e-11 1.389956e+01 -1.033295e+01
7.893428e+13 5.899879e-25 4.657027e-11 1.389727e+01 -1.033189e+01
7.852080e+13 5.836517e-25 4.582879e-11 1.389498e+01 -1.033886e+01
7.811162e+13 5.825753e-25 4.550590e-11 1.389272e+01 -1.034193e+01
7.770669e+13 5.708035e-25 4.435525e-11 1.389046e+01 -1.035305e+01
7.730593e+13 5.721819e-25 4.423306e-11 1.388821e+01 -1.035425e+01
7.690929e+13 5.547343e-25 4.266422e-11 1.388598e+01 -1.036994e+01
7.651669e+13 5.593684e-25 4.280102e-11 1.388376e+01 -1.036855e+01
7.612809e+13 5.502799e-25 4.189176e-11 1.388154e+01 -1.037787e+01
7.574341e+13 5.452988e-25 4.130279e-11 1.387934e+01 -1.038402e+01
7.536259e+13 5.436341e-25 4.096967e-11 1.387716e+01 -1.038754e+01
7.498559e+13 5.034944e-25 3.775482e-11 1.387498e+01 -1.042303e+01
7.461234e+13 4.493020e-25 3.352348e-11 1.387281e+01 -1.047465e+01
7.424279e+13 4.811386e-25 3.572107e-11 1.387065e+01 -1.044708e+01
7.387689e+13 4.337375e-25 3.204318e-11 1.386851e+01 -1.049426e+01
7.351457e+13 5.050540e-25 3.712883e-11 1.386637e+01 -1.043029e+01
7.315578e+13 4.660022e-25 3.409076e-11 1.386425e+01 -1.046736e+01
7.280049e+13 4.656232e-25 3.389759e-11 1.386213e+01 -1.046983e+01
7.244862e+13 4.538002e-25 3.287720e-11 1.386003e+01 -1.048311e+01
7.210014e+13 4.201319e-25 3.029157e-11 1.385794e+01 -1.051868e+01
7.175500e+13 4.683097e-25 3.360356e-11 1.385585e+01 -1.047361e+01
7.141315e+13 4.635655e-25 3.310468e-11 1.385378e+01 -1.048011e+01
7.107454e+13 4.439509e-25 3.155361e-11 1.385171e+01 -1.050095e+01
7.073912e+13 4.437771e-25 3.139240e-11 1.384966e+01 -1.050318e+01
7.040686e+13 4.306564e-25 3.032116e-11 1.384761e+01 -1.051825e+01
7.007770e+13 4.052901e-25 2.840180e-11 1.384558e+01 -1.054665e+01
6.975161e+13 4.058606e-25 2.830943e-11 1.384355e+01 -1.054807e+01
6.942853e+13 4.307153e-25 2.990393e-11 1.384154e+01 -1.052427e+01
6.910844e+13 3.945971e-25 2.726999e-11 1.383953e+01 -1.056431e+01
6.879128e+13 4.179350e-25 2.875028e-11 1.383753e+01 -1.054136e+01
6.847702e+13 3.704250e-25 2.536560e-11 1.383554e+01 -1.059575e+01
6.816562e+13 3.823795e-25 2.606514e-11 1.383357e+01 -1.058394e+01
6.785704e+13 3.724497e-25 2.527334e-11 1.383159e+01 -1.059734e+01
6.755124e+13 3.852367e-25 2.602322e-11 1.382963e+01 -1.058464e+01
6.724818e+13 3.678802e-25 2.473927e-11 1.382768e+01 -1.060661e+01
6.694783e+13 3.681516e-25 2.464695e-11 1.382574e+01 -1.060824e+01
6.665016e+13 3.434004e-25 2.288769e-11 1.382380e+01 -1.064040e+01
6.635511e+13 3.481255e-25 2.309991e-11 1.382187e+01 -1.063639e+01
6.606267e+13 3.147496e-25 2.079320e-11 1.381996e+01 -1.068208e+01
6.577280e+13 3.836015e-25 2.523054e-11 1.381805e+01 -1.059807e+01
6.548545e+13 3.283796e-25 2.150409e-11 1.381614e+01 -1.066748e+01
6.520061e+13 3.595780e-25 2.344471e-11 1.381425e+01 -1.062996e+01
6.491823e+13 3.438320e-25 2.232097e-11 1.381237e+01 -1.065129e+01
6.463829e+13 3.340365e-25 2.159155e-11 1.381049e+01 -1.066572e+01
6.436076e+13 3.106370e-25 1.999283e-11 1.380862e+01 -1.069913e+01
6.408559e+13 3.171343e-25 2.032374e-11 1.380676e+01 -1.069200e+01
6.381277e+13 3.378498e-25 2.155914e-11 1.380491e+01 -1.066637e+01
6.354226e+13 2.958720e-25 1.880038e-11 1.380306e+01 -1.072583e+01
6.327404e+13 3.151226e-25 1.993908e-11 1.380123e+01 -1.070029e+01
6.300807e+13 3.499630e-25 2.205049e-11 1.379940e+01 -1.065658e+01
6.274433e+13 3.313696e-25 2.079156e-11 1.379757e+01 -1.068211e+01
6.248278e+13 3.156453e-25 1.972240e-11 1.379576e+01 -1.070504e+01
6.222341e+13 3.193639e-25 1.987191e-11 1.379395e+01 -1.070176e+01
6.196618e+13 2.944814e-25 1.824789e-11 1.379215e+01 -1.073879e+01
6.171107e+13 3.057188e-25 1.886624e-11 1.379036e+01 -1.072431e+01
6.145806e+13 2.974306e-25 1.827951e-11 1.378858e+01 -1.073804e+01
6.120710e+13 2.909314e-25 1.780707e-11 1.378680e+01 -1.074941e+01
6.095819e+13 2.888040e-25 1.760497e-11 1.378503e+01 -1.075436e+01
6.071130e+13 3.107577e-25 1.886650e-11 1.378327e+01 -1.072431e+01
6.046640e+13 2.918029e-25 1.764427e-11 1.378151e+01 -1.075340e+01
6.022346e+13 2.802476e-25 1.687748e-11 1.377977e+01 -1.077269e+01
5.998247e+13 2.991493e-25 1.794371e-11 1.377802e+01 -1.074609e+01
5.974340e+13 2.997882e-25 1.791037e-11 1.377629e+01 -1.074690e+01
5.950623e+13 2.877536e-25 1.712313e-11 1.377456e+01 -1.076642e+01
5.927094e+13 2.761248e-25 1.636618e-11 1.377284e+01 -1.078605e+01
5.903750e+13 3.091029e-25 1.824866e-11 1.377113e+01 -1.073877e+01
5.880588e+13 2.690650e-25 1.582260e-11 1.376942e+01 -1.080072e+01
5.857608e+13 2.677627e-25 1.568449e-11 1.376772e+01 -1.080453e+01
5.834807e+13 2.696750e-25 1.573501e-11 1.376603e+01 -1.080313e+01
5.812183e+13 2.675014e-25 1.554767e-11 1.376434e+01 -1.080833e+01
5.789733e+13 2.660505e-25 1.540361e-11 1.376266e+01 -1.081238e+01
5.767457e+13 2.465489e-25 1.421960e-11 1.376098e+01 -1.084711e+01
5.745351e+13 2.503846e-25 1.438547e-11 1.375932e+01 -1.084208e+01
5.723414e+13 2.421438e-25 1.385889e-11 1.375766e+01 -1.085827e+01
5.701643e+13 2.823544e-25 1.609884e-11 1.375600e+01 -1.079321e+01
5.680038e+13 2.562732e-25 1.455642e-11 1.375435e+01 -1.083695e+01
5.658596e+13 2.222509e-25 1.257628e-11 1.375271e+01 -1.090045e+01
5.637315e+13 2.704514e-25 1.524620e-11 1.375107e+01 -1.081684e+01
5.616193e+13 2.635603e-25 1.480206e-11 1.374944e+01 -1.082968e+01
5.595230e+13 2.396874e-25 1.341106e-11 1.374782e+01 -1.087254e+01
5.574422e+13 2.448157e-25 1.364706e-11 1.374620e+01 -1.086496e+01
5.553768e+13 2.515280e-25 1.396928e-11 1.374459e+01 -1.085483e+01
5.533267e+13 2.479923e-25 1.372207e-11 1.374298e+01 -1.086258e+01
5.512917e+13 2.439701e-25 1.344987e-11 1.374138e+01 -1.087128e+01
5.492715e+13 2.639178e-25 1.449625e-11 1.373979e+01 -1.083874e+01
5.472662e+13 2.527812e-25 1.383386e-11 1.373820e+01 -1.085906e+01
5.452754e+13 2.669904e-25 1.455833e-11 1.373662e+01 -1.083689e+01
5.432990e+13 2.612748e-25 1.419503e-11 1.373504e+01 -1.084786e+01
5.413369e+13 2.448080e-25 1.325236e-11 1.373347e+01 -1.087771e+01
5.393890e+13 2.393461e-25 1.291007e-11 1.373190e+01 -1.088907e+01
5.374550e+13 2.302705e-25 1.237600e-11 1.373034e+01 -1.090742e+01
5.355348e+13 2.567855e-25 1.375176e-11 1.372879e+01 -1.086164e+01
5.336283e+13 2.389529e-25 1.275121e-11 1.372724e+01 -1.089445e+01
5.317354e+13 2.449157e-25 1.302304e-11 1.372570e+01 -1.088529e+01
5.298558e+13 2.260706e-25 1.197848e-11 1.372416e+01 -1.092160e+01
5.279894e+13 2.367981e-25 1.250269e-11 1.372263e+01 -1.090300e+01
5.261362e+13 2.524256e-25 1.328103e-11 1.372110e+01 -1.087677e+01
5.242959e+13 2.292911e-25 1.202164e-11 1.371958e+01 -1.092004e+01
5.224685e+13 2.320485e-25 1.212380e-11 1.371806e+01 -1.091636e+01
5.206537e+13 2.277597e-25 1.185839e-11 1.371655e+01 -1.092597e+01
5.188515e+13 2.332338e-25 1.210137e-11 1.371504e+01 -1.091717e+01
5.170617e+13 2.176985e-25 1.125636e-11 1.371354e+01 -1.094860e+01
5.152843e+13 2.145894e-25 1.105746e-11 1.371205e+01 -1.095634e+01
5.135190e+13 2.440981e-25 1.253490e-11 1.371056e+01 -1.090188e+01
5.117658e+13 2.263050e-25 1.158152e-11 1.370907e+01 -1.093623e+01
5.100245e+13 2.126386e-25 1.084509e-11 1.370759e+01 -1.096477e+01
5.082950e+13 2.121835e-25 1.078518e-11 1.370612e+01 -1.096717e+01
5.065772e+13 2.048531e-25 1.037739e-11 1.370465e+01 -1.098391e+01
5.048710e+13 2.346232e-25 1.184544e-11 1.370318e+01 -1.092645e+01
5.031762e+13 2.285974e-25 1.150248e-11 1.370172e+01 -1.093921e+01
5.014928e+13 2.236404e-25 1.121540e-11 1.370026e+01 -1.095019e+01
4.998206e+13 2.147037e-25 1.073134e-11 1.369881e+01 -1.096935e+01
4.981595e+13 2.141550e-25 1.066834e-11 1.369737e+01 -1.097190e+01
4.965094e+13 2.008860e-25 9.974180e-12 1.369593e+01 -1.100112e+01
4.948703e+13 2.282553e-25 1.129567e-11 1.369449e+01 -1.094709e+01
4.932419e+13 2.245576e-25 1.107612e-11 1.369306e+01 -1.095561e+01
4.916241e+13 2.250416e-25 1.106359e-11 1.369163e+01 -1.095610e+01
4.900170e+13 2.212005e-25 1.083920e-11 1.369021e+01 -1.096500e+01
4.884203e+13 2.147052e-25 1.048664e-11 1.368879e+01 -1.097936e+01
4.868340e+13 2.007778e-25 9.774545e-12 1.368738e+01 -1.100990e+01
4.852580e+13 2.164900e-25 1.050535e-11 1.368597e+01 -1.097859e+01
4.836922e+13 2.148957e-25 1.039433e-11 1.368457e+01 -1.098320e+01
4.821364e+13 2.127266e-25 1.025632e-11 1.368317e+01 -1.098901e+01
4.805906e+13 2.196276e-25 1.055509e-11 1.368178e+01 -1.097654e+01
4.790547e+13 2.183465e-25 1.045999e-11 1.368039e+01 -1.098047e+01
4.775285e+13 2.120767e-25 1.012727e-11 1.367900e+01 -1.099451e+01
4.760121e+13 1.998914e-25 9.515073e-12 1.367762e+01 -1.102159e+01
4.745052e+13 2.044646e-25 9.701950e-12 1.367624e+01 -1.101314e+01
4.730079e+13 2.116574e-25 1.001156e-11 1.367487e+01 -1.099950e+01
4.715200e+13 2.032473e-25 9.583517e-12 1.367350e+01 -1.101848e+01
4.700414e+13 1.990310e-25 9.355279e-12 1.367214e+01 -1.102894e+01
4.685721e+13 2.015687e-25 9.444945e-12 1.367078e+01 -1.102480e+01
4.671119e+13 2.066696e-25 9.653783e-12 1.366942e+01 -1.101530e+01
4.656608e+13 2.073320e-25 9.654637e-12 1.366807e+01 -1.101526e+01
4.642186e+13 1.928322e-25 8.951629e-12 1.366672e+01 -1.104810e+01
4.627854e+13 2.025346e-25 9.373005e-12 1.366538e+01 -1.102812e+01
4.613610e+13 2.017704e-25 9.308899e-12 1.366404e+01 -1.103110e+01
4.599454e+13 2.022720e-25 9.303406e-12 1.366271e+01 -1.103136e+01
4.585384e+13 1.978385e-25 9.071653e-12 1.366138e+01 -1.104231e+01
4.571400e+13 1.908342e-25 8.723793e-12 1.366005e+01 -1.105929e+01
4.557501e+13 1.867576e-25 8.511479e-12 1.365873e+01 -1.106999e+01
4.543686e+13 1.929157e-25 8.765482e-12 1.365741e+01 -1.105722e+01
4.529955e+13 1.912297e-25 8.662621e-12 1.365609e+01 -1.106235e+01
4.516306e+13 1.895128e-25 8.558978e-12 1.365478e+01 -1.106758e+01
4.502740e+13 1.942197e-25 8.745207e-12 1.365348e+01 -1.105823e+01
4.489254e+13 1.933102e-25 8.678188e-12 1.365217e+01 -1.106157e+01
4.475850e+13 1.902366e-25 8.514703e-12 1.365088e+01 -1.106983e+01
4.462525e+13 1.930042e-25 8.612859e-12 1.364958e+01 -1.106485e+01
4.449279e+13 1.887075e-25 8.396123e-12 1.364829e+01 -1.107592e+01
4.436111e+13 1.914255e-25 8.491850e-12 1.364700e+01 -1.107100e+01
4.423022e+13 1.838902e-25 8.133504e-12 1.364572e+01 -1.108972e+01
4.410009e+13 1.822315e-25 8.036423e-12 1.364444e+01 -1.109494e+01
4.397072e+13 1.840093e-25 8.091021e-12 1.364316e+01 -1.109200e+01
4.384212e+13 1.717452e-25 7.529671e-12 1.364189e+01 -1.112322e+01
4.371426e+13 1.713268e-25 7.489422e-12 1.364062e+01 -1.112555e+01
4.358715e+13 1.692414e-25 7.376748e-12 1.363936e+01 -1.113214e+01
4.346077e+13 1.833086e-25 7.966734e-12 1.363810e+01 -1.109872e+01
4.333513e+13 1.644138e-25 7.124892e-12 1.363684e+01 -1.114722e+01
4.321020e+13 1.774780e-25 7.668863e-12 1.363559e+01 -1.111527e+01
4.308600e+13 1.809279e-25 7.795460e-12 1.363434e+01 -1.110816e+01
4.296251e+13 1.657465e-25 7.120888e-12 1.363309e+01 -1.114747e+01
4.283973e+13 1.688088e-25 7.231724e-12 1.363185e+01 -1.114076e+01
4.271764e+13 1.647260e-25 7.036708e-12 1.363061e+01 -1.115263e+01
4.259625e+13 1.778417e-25 7.575388e-12 1.362937e+01 -1.112060e+01
4.247555e+13 1.631272e-25 6.928919e-12 1.362814e+01 -1.115933e+01
4.235552e+13 1.566412e-25 6.634620e-12 1.362691e+01 -1.117818e+01
4.223618e+13 1.593471e-25 6.730213e-12 1.362568e+01 -1.117197e+01
4.211750e+13 1.629614e-25 6.863527e-12 1.362446e+01 -1.116345e+01
4.199950e+13 1.619197e-25 6.800547e-12 1.362324e+01 -1.116746e+01
4.188215e+13 1.655143e-25 6.932095e-12 1.362203e+01 -1.115914e+01
4.176545e+13 1.712423e-25 7.152011e-12 1.362082e+01 -1.114557e+01
4.164940e+13 1.705079e-25 7.101552e-12 1.361961e+01 -1.114865e+01
4.153400e+13 1.553125e-25 6.450749e-12 1.361840e+01 -1.119039e+01
4.141923e+13 1.636200e-25 6.777014e-12 1.361720e+01 -1.116896e+01
4.130510e+13 1.625617e-25 6.714627e-12 1.361600e+01 -1.117298e+01
4.119159e+13 1.511794e-25 6.227319e-12 1.361481e+01 -1.120570e+01
4.107871e+13 1.579057e-25 6.486562e-12 1.361362e+01 -1.118799e+01
4.096644e+13 1.496016e-25 6.128646e-12 1.361243e+01 -1.121264e+01
4.085478e+13 1.556268e-25 6.358101e-12 1.361124e+01 -1.119667e+01
4.074373e+13 1.550888e-25 6.318897e-12 1.361006e+01 -1.119936e+01
4.063329e+13 1.559330e-25 6.336073e-12 1.360888e+01 -1.119818e+01
4.052344e+13 1.546756e-25 6.267987e-12 1.360771e+01 -1.120287e+01
4.041418e+13 1.560259e-25 6.305657e-12 1.360653e+01 -1.120027e+01
4.030551e+13 1.545482e-25 6.229143e-12 1.360536e+01 -1.120557e+01
4.019743e+13 1.557692e-25 6.261520e-12 1.360420e+01 -1.120332e+01
4.008992e+13 1.568663e-25 6.288758e-12 1.360304e+01 -1.120144e+01
3.998298e+13 1.524016e-25 6.093471e-12 1.360188e+01 -1.121514e+01
3.987662e+13 1.437344e-25 5.731641e-12 1.360072e+01 -1.124172e+01
3.977081e+13 1.483394e-25 5.899578e-12 1.359956e+01 -1.122918e+01
3.966557e+13 1.530537e-25 6.070964e-12 1.359841e+01 -1.121674e+01
3.956089e+13 1.475095e-25 5.835609e-12 1.359727e+01 -1.123391e+01
3.945675e+13 1.459354e-25 5.758137e-12 1.359612e+01 -1.123972e+01
3.935316e+13 1.466371e-25 5.770633e-12 1.359498e+01 -1.123878e+01
3.925012e+13 1.487673e-25 5.839133e-12 1.359384e+01 -1.123365e+01
3.914761e+13 1.429206e-25 5.594999e-12 1.359271e+01 -1.125220e+01
3.904564e+13 1.469645e-25 5.738321e-12 1.359157e+01 -1.124122e+01
3.894419e+13 1.427607e-25 5.559701e-12 1.359044e+01 -1.125495e+01
3.884328e+13 1.454465e-25 5.649617e-12 1.358932e+01 -1.124798e+01
3.874288e+13 1.445969e-25 5.602102e-12 1.358819e+01 -1.125165e+01
3.864300e+13 1.367214e-25 5.283325e-12 1.358707e+01 -1.127709e+01
3.854364e+13 1.386958e-25 5.345840e-12 1.358595e+01 -1.127198e+01
3.844478e+13 1.427394e-25 5.487585e-12 1.358484e+01 -1.126062e+01
3.834643e+13 1.352843e-25 5.187669e-12 1.358372e+01 -1.128503e+01
3.824858e+13 1.349754e-25 5.162617e-12 1.358262e+01 -1.128713e+01
3.815123e+13 1.373915e-25 5.241654e-12 1.358151e+01 -1.128053e+01
3.805438e+13 1.383086e-25 5.263249e-12 1.358040e+01 -1.127875e+01
3.795801e+13 1.369771e-25 5.199379e-12 1.357930e+01 -1.128405e+01
3.786214e+13 1.329244e-25 5.032802e-12 1.357821e+01 -1.129819e+01
3.776674e+13 1.333765e-25 5.037198e-12 1.357711e+01 -1.129781e+01
3.767183e+13 1.304345e-25 4.913706e-12 1.357602e+01 -1.130859e+01
3.757739e+13 1.312392e-25 4.931627e-12 1.357493e+01 -1.130701e+01
3.748342e+13 1.317490e-25 4.938404e-12 1.357384e+01 -1.130641e+01
3.738992e+13 1.297875e-25 4.852746e-12 1.357275e+01 -1.131401e+01
3.729689e+13 1.304358e-25 4.864851e-12 1.357167e+01 -1.131293e+01
3.720432e+13 1.341870e-25 4.992336e-12 1.357059e+01 -1.130170e+01
3.711221e+13 1.277844e-25 4.742360e-12 1.356952e+01 -1.132401e+01
3.702055e+13 1.326960e-25 4.912477e-12 1.356844e+01 -1.130870e+01
3.692934e+13 1.272105e-25 4.697800e-12 1.356737e+01 -1.132811e+01
3.683858e+13 1.294582e-25 4.769058e-12 1.356630e+01 -1.132157e+01
3.674827e+13 1.297852e-25 4.769382e-12 1.356524e+01 -1.132154e+01
3.665840e+13 1.220859e-25 4.475474e-12 1.356417e+01 -1.134916e+01
3.656897e+13 1.259721e-25 4.606668e-12 1.356311e+01 -1.133661e+01
3.647997e+13 1.243059e-25 4.534675e-12 1.356205e+01 -1.134345e+01
3.639141e+13 1.251488e-25 4.554342e-12 1.356100e+01 -1.134157e+01
3.630327e+13 1.274255e-25 4.625963e-12 1.355995e+01 -1.133480e+01
3.621556e+13 1.206994e-25 4.371195e-12 1.355890e+01 -1.135940e+01
3.612827e+13 1.261763e-25 4.558533e-12 1.355785e+01 -1.134117e+01
3.604140e+13 1.205790e-25 4.345837e-12 1.355680e+01 -1.136193e+01
3.595495e+13 1.228603e-25 4.417438e-12 1.355576e+01 -1.135483e+01
3.586892e+13 1.222298e-25 4.384249e-12 1.355472e+01 -1.135810e+01
3.578329e+13 1.187270e-25 4.248444e-12 1.355368e+01 -1.137177e+01
3.569807e+13 1.189659e-25 4.246855e-12 1.355264e+01 -1.137193e+01
3.561326e+13 1.182950e-25 4.212870e-12 1.355161e+01 -1.137542e+01
3.552885e+13 1.214290e-25 4.314233e-12 1.355058e+01 -1.136510e+01
3.544483e+13 1.197552e-25 4.244704e-12 1.354955e+01 -1.137215e+01
3.536122e+13 1.136237e-25 4.017873e-12 1.354853e+01 -1.139600e+01
3.527799e+13 1.219843e-25 4.303360e-12 1.354750e+01 -1.136619e+01
3.519516e+13 1.171496e-25 4.123100e-12 1.354648e+01 -1.138478e+01
3.511272e+13 1.176155e-25 4.129799e-12 1.354546e+01 -1.138407e+01
3.503066e+13 1.177405e-25 4.124529e-12 1.354445e+01 -1.138463e+01
3.494899e+13 1.142627e-25 3.993366e-12 1.354343e+01 -1.139866e+01
3.486769e+13 1.108347e-25 3.864550e-12 1.354242e+01 -1.141290e+01
3.478677e+13 1.143791e-25 3.978881e-12 1.354141e+01 -1.140024e+01
3.470623e+13 1.127376e-25 3.912696e-12 1.354041e+01 -1.140752e+01
3.462606e+13 1.161420e-25 4.021538e-12 1.353940e+01 -1.139561e+01
3.454625e+13 1.125559e-25 3.888385e-12 1.353840e+01 -1.141023e+01
3.446682e+13 1.073466e-25 3.699897e-12 1.353740e+01 -1.143181e+01
3.438775e+13 1.150125e-25 3.955023e-12 1.353640e+01 -1.140285e+01
3.430904e+13 1.106488e-25 3.796255e-12 1.353541e+01 -1.142064e+01
3.423069e+13 1.131217e-25 3.872234e-12 1.353442e+01 -1.141204e+01
3.415270e+13 1.095099e-25 3.740058e-12 1.353343e+01 -1.142712e+01
3.407506e+13 1.129851e-25 3.849976e-12 1.353244e+01 -1.141454e+01
3.399778e+13 1.093326e-25 3.717066e-12 1.353145e+01 -1.142980e+01
3.392084e+13 1.060984e-25 3.598947e-12 1.353047e+01 -1.144382e+01
3.384425e+13 1.041112e-25 3.523566e-12 1.352948e+01 -1.145302e+01
3.376801e+13 1.067855e-25 3.605934e-12 1.352851e+01 -1.144298e+01
3.369211e+13 1.121555e-25 3.778757e-12 1.352753e+01 -1.142265e+01
3.361655e+13 1.118265e-25 3.759220e-12 1.352655e+01 -1.142490e+01
3.354133e+13 1.081407e-25 3.627183e-12 1.352558e+01 -1.144043e+01
3.346644e+13 1.066621e-25 3.569601e-12 1.352461e+01 -1.144738e+01
3.339189e+13 1.046036e-25 3.492913e-12 1.352364e+01 -1.145681e+01
3.331767e+13 1.090315e-25 3.632677e-12 1.352267e+01 -1.143977e+01
3.324378e+13 1.023167e-25 3.401394e-12 1.352171e+01 -1.146834e+01
3.317021e+13 1.063871e-25 3.528882e-12 1.352075e+01 -1.145236e+01
3.309698e+13 1.059026e-25 3.505057e-12 1.351979e+01 -1.145530e+01
3.302406e+13 1.058908e-25 3.496944e-12 1.351883e+01 -1.145631e+01
3.295146e+13 1.027901e-25 3.387085e-12 1.351787e+01 -1.147017e+01
3.287918e+13 1.056638e-25 3.474140e-12 1.351692e+01 -1.145915e+01
3.280722e+13 1.022368e-25 3.354106e-12 1.351597e+01 -1.147442e+01
3.273558e+13 1.022940e-25 3.348654e-12 1.351502e+01 -1.147513e+01
3.266424e+13 1.035264e-25 3.381610e-12 1.351407e+01 -1.147088e+01
3.259322e+13 1.045694e-25 3.408252e-12 1.351313e+01 -1.146747e+01
3.252250e+13 1.014611e-25 3.299769e-12 1.351218e+01 -1.148152e+01
3.245209e+13 1.037908e-25 3.368227e-12 1.351124e+01 -1.147260e+01
3.238198e+13 9.839960e-26 3.186374e-12 1.351030e+01 -1.149670e+01
3.231218e+13 9.981797e-26 3.225336e-12 1.350937e+01 -1.149143e+01
3.224268e+13 1.001783e-25 3.230016e-12 1.350843e+01 -1.149080e+01
3.217347e+13 1.036744e-25 3.335566e-12 1.350750e+01 -1.147683e+01
3.210456e+13 1.023931e-25 3.287285e-12 1.350657e+01 -1.148316e+01
3.203595e+13 9.845567e-26 3.154121e-12 1.350564e+01 -1.150112e+01
3.196763e+13 1.010387e-25 3.229968e-12 1.350471e+01 -1.149080e+01
3.189960e+13 1.001634e-25 3.195173e-12 1.350379e+01 -1.149551e+01
3.183185e+13 1.023364e-25 3.257559e-12 1.350286e+01 -1.148711e+01
3.176440e+13 1.008207e-25 3.202510e-12 1.350194e+01 -1.149451e+01
3.169723e+13 9.726772e-26 3.083117e-12 1.350102e+01 -1.151101e+01
3.163034e+13 9.610979e-26 3.039986e-12 1.350010e+01 -1.151713e+01
3.156374e+13 9.833391e-26 3.103786e-12 1.349919e+01 -1.150811e+01
3.149742e+13 9.892788e-26 3.115972e-12 1.349827e+01 -1.150641e+01
3.143137e+13 9.959841e-26 3.130514e-12 1.349736e+01 -1.150438e+01
3.136560e+13 9.668549e-26 3.032599e-12 1.349645e+01 -1.151819e+01
3.130010e+13 9.609666e-26 3.007836e-12 1.349555e+01 -1.152175e+01
3.123488e+13 9.695986e-26 3.028530e-12 1.349464e+01 -1.151877e+01
3.116993e+13 9.477804e-26 2.954225e-12 1.349374e+01 -1.152956e+01
3.110525e+13 9.633049e-26 2.996384e-12 1.349283e+01 -1.152340e+01
3.104084e+13 9.604613e-26 2.981352e-12 1.349193e+01 -1.152559e+01
3.097669e+13 9.610608e-26 2.977048e-12 1.349104e+01 -1.152621e+01
3.091281e+13 9.617502e-26 2.973040e-12 1.349014e+01 -1.152680e+01
3.091281e+12 6.987882e-27 2.160151e-13 1.200000e+01 -2.000000e+01
3.091281e+11 6.987882e-27 2.160151e-13 1.100000e+01 -2.000000e+01
3.091281e+10 6.987882e-27 2.160151e-13 1.000000e+01 -2.000000e+01
3.091281e+09 6.987882e-27 2.160151e-13 9.000000e+00 -2.000000e+01
3.091281e+08 6.987882e-27 2.160151e-13 8.000000e+00 -2.000000e+01
3.091281e+07 6.987882e-27 2.160151e-13 7.000000e+00 -2.000000e+01