1.362693e+16 6.264144e-30 8.536104e-14 1.613440e+01 -1.306874e+01
1.303445e+16 4.843121e-29 6.312743e-13 1.611509e+01 -1.219978e+01
1.249135e+16 4.914430e-29 6.138787e-13 1.609661e+01 -1.221192e+01
1.199170e+16 5.015781e-29 6.014772e-13 1.607888e+01 -1.222078e+01
1.153048e+16 5.267569e-29 6.073758e-13 1.606185e+01 -1.221654e+01
1.110342e+16 5.694147e-29 6.322451e-13 1.604546e+01 -1.219911e+01
1.070687e+16 5.742896e-29 6.148845e-13 1.602966e+01 -1.221121e+01
1.033767e+16 6.205494e-29 6.415035e-13 1.601442e+01 -1.219280e+01
9.993080e+15 6.093551e-29 6.089334e-13 1.599970e+01 -1.221543e+01
9.670723e+15 6.393488e-29 6.182965e-13 1.598546e+01 -1.220880e+01
9.368512e+15 6.544223e-29 6.130964e-13 1.597167e+01 -1.221247e+01
9.084618e+15 6.721128e-29 6.105888e-13 1.595831e+01 -1.221425e+01
8.817424e+15 6.696974e-29 5.905006e-13 1.594534e+01 -1.222878e+01
8.565497e+15 7.028209e-29 6.020010e-13 1.593275e+01 -1.222040e+01
8.327567e+15 8.992119e-29 7.488247e-13 1.592052e+01 -1.212562e+01
8.102497e+15 1.094829e-28 8.870850e-13 1.590862e+01 -1.205203e+01
7.889274e+15 1.046141e-28 8.253290e-13 1.589704e+01 -1.208337e+01
7.686985e+15 1.149411e-28 8.835507e-13 1.588576e+01 -1.205377e+01
7.494810e+15 1.461297e-28 1.095214e-12 1.587476e+01 -1.196050e+01
7.312010e+15 1.619480e-28 1.184165e-12 1.586404e+01 -1.192659e+01
7.137914e+15 1.580255e-28 1.127973e-12 1.585357e+01 -1.194770e+01
6.971916e+15 1.564212e-28 1.090555e-12 1.584335e+01 -1.196235e+01
6.813464e+15 1.747646e-28 1.190752e-12 1.583337e+01 -1.192418e+01
6.662053e+15 1.840725e-28 1.226301e-12 1.582361e+01 -1.191140e+01
6.517226e+15 1.755577e-28 1.144149e-12 1.581406e+01 -1.194152e+01
6.378562e+15 1.815238e-28 1.157861e-12 1.580472e+01 -1.193634e+01
6.245675e+15 1.970603e-28 1.230775e-12 1.579558e+01 -1.190982e+01
6.118212e+15 1.896655e-28 1.160414e-12 1.578662e+01 -1.193539e+01
5.995848e+15 2.133873e-28 1.279438e-12 1.577785e+01 -1.189298e+01
5.878282e+15 2.811537e-28 1.652701e-12 1.576925e+01 -1.178181e+01
5.765238e+15 3.206689e-28 1.848733e-12 1.576082e+01 -1.173313e+01
5.656460e+15 3.018703e-28 1.707518e-12 1.575254e+01 -1.176763e+01
5.551711e+15 2.767500e-28 1.536436e-12 1.574443e+01 -1.181349e+01
5.450771e+15 2.846634e-28 1.551635e-12 1.573646e+01 -1.180921e+01
5.353436e+15 3.488480e-28 1.867536e-12 1.572863e+01 -1.172873e+01
5.259516e+15 3.856792e-28 2.028486e-12 1.572095e+01 -1.169283e+01
5.168834e+15 3.892591e-28 2.012016e-12 1.571339e+01 -1.169637e+01
5.081227e+15 3.939979e-28 2.001993e-12 1.570597e+01 -1.169854e+01
4.996540e+15 3.608741e-28 1.803122e-12 1.569867e+01 -1.174397e+01
4.914630e+15 3.679318e-28 1.808249e-12 1.569149e+01 -1.174274e+01
4.835361e+15 4.281432e-28 2.070227e-12 1.568443e+01 -1.168398e+01
4.758610e+15 4.322173e-28 2.056753e-12 1.567748e+01 -1.168682e+01
4.684256e+15 4.581195e-28 2.145949e-12 1.567064e+01 -1.166838e+01
4.612191e+15 4.527125e-28 2.087996e-12 1.566391e+01 -1.168027e+01
4.542309e+15 4.486334e-28 2.037832e-12 1.565728e+01 -1.169083e+01
4.474513e+15 4.936032e-28 2.208634e-12 1.565075e+01 -1.165588e+01
4.408712e+15 4.795750e-28 2.114308e-12 1.564431e+01 -1.167483e+01
4.344817e+15 4.846880e-28 2.105881e-12 1.563797e+01 -1.167657e+01
4.282749e+15 4.814858e-28 2.062083e-12 1.563172e+01 -1.168569e+01
4.222428e+15 4.903492e-28 2.070464e-12 1.562556e+01 -1.168393e+01
4.163783e+15 5.535377e-28 2.304811e-12 1.561949e+01 -1.163736e+01
4.106745e+15 5.640541e-28 2.316427e-12 1.561350e+01 -1.163518e+01
4.051249e+15 5.648138e-28 2.288201e-12 1.560759e+01 -1.164051e+01
3.997232e+15 5.620965e-28 2.246830e-12 1.560176e+01 -1.164843e+01
3.944637e+15 5.467048e-28 2.156552e-12 1.559601e+01 -1.166624e+01
3.893408e+15 5.529672e-28 2.152927e-12 1.559033e+01 -1.166697e+01
3.843492e+15 5.661475e-28 2.175984e-12 1.558473e+01 -1.166234e+01
3.794841e+15 5.707968e-28 2.166083e-12 1.557919e+01 -1.166432e+01
3.747405e+15 5.952547e-28 2.230660e-12 1.557373e+01 -1.165157e+01
3.701141e+15 6.077833e-28 2.249491e-12 1.556834e+01 -1.164792e+01
3.656005e+15 6.206897e-28 2.269244e-12 1.556301e+01 -1.164412e+01
3.611957e+15 5.782192e-28 2.088503e-12 1.555774e+01 -1.168016e+01
3.568957e+15 5.780159e-28 2.062914e-12 1.555254e+01 -1.168552e+01
3.526969e+15 6.297351e-28 2.221056e-12 1.554740e+01 -1.165344e+01
3.485958e+15 6.412794e-28 2.235473e-12 1.554232e+01 -1.165063e+01
3.445890e+15 6.585721e-28 2.269367e-12 1.553730e+01 -1.164410e+01
3.406732e+15 6.672131e-28 2.273016e-12 1.553234e+01 -1.164340e+01
3.368454e+15 6.757272e-28 2.276156e-12 1.552743e+01 -1.164280e+01
3.331027e+15 6.775039e-28 2.256784e-12 1.552258e+01 -1.164651e+01
3.294422e+15 6.563711e-28 2.162363e-12 1.551778e+01 -1.166507e+01
3.258613e+15 3.459883e-27 1.127442e-11 1.551303e+01 -1.094791e+01
3.223574e+15 6.274037e-27 2.022483e-11 1.550834e+01 -1.069412e+01
3.189281e+15 9.908409e-27 3.160070e-11 1.550369e+01 -1.050030e+01
3.155709e+15 1.363608e-26 4.303151e-11 1.549910e+01 -1.036621e+01
3.122838e+15 1.661942e-26 5.189974e-11 1.549455e+01 -1.028483e+01
3.090643e+15 1.223235e-26 3.780584e-11 1.549005e+01 -1.042244e+01
3.059106e+15 1.153488e-26 3.528643e-11 1.548559e+01 -1.045239e+01
3.028206e+15 1.646410e-26 4.985669e-11 1.548119e+01 -1.030228e+01
2.997924e+15 1.796332e-26 5.385268e-11 1.547682e+01 -1.026879e+01
2.968242e+15 1.956027e-26 5.805962e-11 1.547250e+01 -1.023613e+01
2.939141e+15 1.491972e-26 4.385117e-11 1.546822e+01 -1.035802e+01
2.910606e+15 1.361941e-26 3.964074e-11 1.546398e+01 -1.040186e+01
2.882619e+15 2.080253e-26 5.996576e-11 1.545979e+01 -1.022210e+01
2.855166e+15 2.477497e-26 7.073665e-11 1.545563e+01 -1.015036e+01
2.828230e+15 2.273599e-26 6.430262e-11 1.545151e+01 -1.019177e+01
2.801798e+15 2.220671e-26 6.221871e-11 1.544744e+01 -1.020608e+01
2.775856e+15 2.220250e-26 6.163094e-11 1.544340e+01 -1.021020e+01
2.750389e+15 2.256020e-26 6.204932e-11 1.543939e+01 -1.020726e+01
2.725385e+15 2.396275e-26 6.530773e-11 1.543543e+01 -1.018504e+01
2.700832e+15 2.338134e-26 6.314908e-11 1.543150e+01 -1.019963e+01
2.676718e+15 2.208019e-26 5.910244e-11 1.542760e+01 -1.022839e+01
2.653030e+15 2.283324e-26 6.057728e-11 1.542374e+01 -1.021769e+01
2.629758e+15 2.390530e-26 6.286515e-11 1.541992e+01 -1.020159e+01
2.606890e+15 2.340215e-26 6.100685e-11 1.541612e+01 -1.021462e+01
2.584417e+15 2.390497e-26 6.178041e-11 1.541236e+01 -1.020915e+01
2.562328e+15 2.076276e-26 5.320100e-11 1.540863e+01 -1.027408e+01
2.540614e+15 2.024328e-26 5.143036e-11 1.540494e+01 -1.028878e+01
2.519264e+15 2.108274e-26 5.311299e-11 1.540127e+01 -1.027480e+01
2.498270e+15 1.751319e-26 4.375268e-11 1.539764e+01 -1.035900e+01
2.477623e+15 1.328309e-26 3.291048e-11 1.539404e+01 -1.048267e+01
2.457315e+15 1.179567e-26 2.898566e-11 1.539046e+01 -1.053782e+01
2.437337e+15 1.639944e-26 3.997095e-11 1.538692e+01 -1.039826e+01
2.417681e+15 2.650986e-26 6.409237e-11 1.538340e+01 -1.019319e+01
2.398339e+15 2.855915e-26 6.849453e-11 1.537991e+01 -1.016434e+01
2.379305e+15 2.546698e-26 6.059370e-11 1.537645e+01 -1.021757e+01
2.360570e+15 2.867242e-26 6.768325e-11 1.537302e+01 -1.016952e+01
2.342128e+15 2.910664e-26 6.817149e-11 1.536961e+01 -1.016640e+01
2.323972e+15 2.929181e-26 6.807335e-11 1.536623e+01 -1.016702e+01
2.306095e+15 2.474710e-26 5.706917e-11 1.536288e+01 -1.024360e+01
2.288492e+15 2.722839e-26 6.231195e-11 1.535955e+01 -1.020543e+01
2.271155e+15 2.894474e-26 6.573799e-11 1.535625e+01 -1.018218e+01
2.254078e+15 2.647944e-26 5.968672e-11 1.535297e+01 -1.022412e+01
2.237257e+15 2.623068e-26 5.868475e-11 1.534972e+01 -1.023147e+01
2.220684e+15 2.834335e-26 6.294163e-11 1.534649e+01 -1.020106e+01
2.204356e+15 2.645931e-26 5.832574e-11 1.534328e+01 -1.023414e+01
2.188266e+15 2.529746e-26 5.535755e-11 1.534010e+01 -1.025682e+01
2.172409e+15 2.464760e-26 5.354465e-11 1.533694e+01 -1.027128e+01
2.156780e+15 2.108525e-26 4.547625e-11 1.533381e+01 -1.034222e+01
2.141374e+15 2.390590e-26 5.119148e-11 1.533069e+01 -1.029080e+01
2.126187e+15 2.542980e-26 5.406851e-11 1.532760e+01 -1.026706e+01
2.111214e+15 2.445287e-26 5.162523e-11 1.532453e+01 -1.028714e+01
2.096450e+15 2.465555e-26 5.168914e-11 1.532148e+01 -1.028660e+01
2.081892e+15 2.555718e-26 5.320729e-11 1.531846e+01 -1.027403e+01
2.067534e+15 2.535004e-26 5.241207e-11 1.531545e+01 -1.028057e+01
2.053373e+15 2.522910e-26 5.180474e-11 1.531247e+01 -1.028563e+01
2.039404e+15 2.648212e-26 5.400774e-11 1.530950e+01 -1.026754e+01
2.025624e+15 2.707330e-26 5.484033e-11 1.530656e+01 -1.026090e+01
2.012030e+15 2.842317e-26 5.718826e-11 1.530363e+01 -1.024269e+01
1.998616e+15 2.663045e-26 5.322405e-11 1.530073e+01 -1.027389e+01
1.985380e+15 2.688046e-26 5.336794e-11 1.529784e+01 -1.027272e+01
1.972318e+15 2.699544e-26 5.324361e-11 1.529498e+01 -1.027373e+01
1.959427e+15 2.180237e-26 4.272016e-11 1.529213e+01 -1.036937e+01
1.946704e+15 1.772866e-26 3.451244e-11 1.528930e+01 -1.046202e+01
1.934145e+15 2.590253e-26 5.009923e-11 1.528649e+01 -1.030017e+01
1.921746e+15 2.794733e-26 5.370768e-11 1.528370e+01 -1.026996e+01
1.909506e+15 2.629102e-26 5.020285e-11 1.528092e+01 -1.029927e+01
1.897420e+15 2.652813e-26 5.033500e-11 1.527816e+01 -1.029813e+01
1.885487e+15 2.648802e-26 4.994281e-11 1.527542e+01 -1.030153e+01
1.873702e+15 2.522079e-26 4.725625e-11 1.527270e+01 -1.032554e+01
1.862065e+15 2.377055e-26 4.426229e-11 1.526999e+01 -1.035397e+01
1.850570e+15 2.410038e-26 4.459945e-11 1.526731e+01 -1.035067e+01
1.839217e+15 2.420384e-26 4.451612e-11 1.526463e+01 -1.035148e+01
1.828002e+15 2.465526e-26 4.506987e-11 1.526198e+01 -1.034611e+01
1.816924e+15 2.521375e-26 4.581145e-11 1.525934e+01 -1.033903e+01
1.805978e+15 2.373548e-26 4.286576e-11 1.525671e+01 -1.036789e+01
1.795164e+15 2.424973e-26 4.353224e-11 1.525410e+01 -1.036119e+01
1.784479e+15 2.631978e-26 4.696708e-11 1.525151e+01 -1.032821e+01
1.773920e+15 2.581888e-26 4.580062e-11 1.524893e+01 -1.033913e+01
1.763485e+15 2.537120e-26 4.474173e-11 1.524637e+01 -1.034929e+01
1.753172e+15 2.412747e-26 4.229960e-11 1.524382e+01 -1.037366e+01
1.742979e+15 2.361783e-26 4.116538e-11 1.524129e+01 -1.038547e+01
1.732904e+15 2.564698e-26 4.444376e-11 1.523877e+01 -1.035219e+01
1.722945e+15 2.633230e-26 4.536910e-11 1.523627e+01 -1.034324e+01
1.713099e+15 2.636113e-26 4.515925e-11 1.523378e+01 -1.034525e+01
1.703366e+15 2.678596e-26 4.562628e-11 1.523131e+01 -1.034078e+01
1.693742e+15 2.668975e-26 4.520555e-11 1.522885e+01 -1.034481e+01
1.684227e+15 2.685192e-26 4.522473e-11 1.522640e+01 -1.034462e+01
1.674818e+15 2.393326e-26 4.008386e-11 1.522397e+01 -1.039703e+01
1.665513e+15 2.654909e-26 4.421787e-11 1.522155e+01 -1.035440e+01
1.656312e+15 2.602818e-26 4.311078e-11 1.521914e+01 -1.036541e+01
1.647211e+15 2.698029e-26 4.444222e-11 1.521675e+01 -1.035220e+01
1.638210e+15 2.678603e-26 4.388113e-11 1.521437e+01 -1.035772e+01
1.629307e+15 2.578594e-26 4.201319e-11 1.521200e+01 -1.037661e+01
1.620499e+15 2.492670e-26 4.039370e-11 1.520965e+01 -1.039369e+01
1.611787e+15 2.485031e-26 4.005340e-11 1.520731e+01 -1.039736e+01
1.603168e+15 2.587186e-26 4.147694e-11 1.520498e+01 -1.038219e+01
1.594640e+15 2.558111e-26 4.079267e-11 1.520266e+01 -1.038942e+01
1.586203e+15 2.475540e-26 3.926709e-11 1.520036e+01 -1.040597e+01
1.577855e+15 2.471106e-26 3.899046e-11 1.519807e+01 -1.040904e+01
1.569594e+15 2.481462e-26 3.894886e-11 1.519579e+01 -1.040951e+01
1.561419e+15 2.431502e-26 3.796593e-11 1.519352e+01 -1.042061e+01
1.553328e+15 2.447350e-26 3.801538e-11 1.519126e+01 -1.042004e+01
1.545322e+15 2.614391e-26 4.040076e-11 1.518902e+01 -1.039361e+01
1.537397e+15 2.645400e-26 4.067030e-11 1.518679e+01 -1.039072e+01
1.529553e+15 2.603236e-26 3.981788e-11 1.518456e+01 -1.039992e+01
1.521789e+15 2.628963e-26 4.000727e-11 1.518235e+01 -1.039786e+01
1.514103e+15 2.722856e-26 4.122685e-11 1.518016e+01 -1.038482e+01
1.506494e+15 2.701990e-26 4.070533e-11 1.517797e+01 -1.039035e+01
1.498962e+15 2.675627e-26 4.010663e-11 1.517579e+01 -1.039678e+01
1.491504e+15 2.664798e-26 3.974558e-11 1.517362e+01 -1.040071e+01
1.484121e+15 2.769335e-26 4.110028e-11 1.517147e+01 -1.038616e+01
1.476810e+15 2.741136e-26 4.048136e-11 1.516932e+01 -1.039274e+01
1.469571e+15 2.764330e-26 4.062378e-11 1.516719e+01 -1.039122e+01
1.462402e+15 2.758207e-26 4.033608e-11 1.516507e+01 -1.039431e+01
1.455303e+15 2.579037e-26 3.753280e-11 1.516295e+01 -1.042559e+01
1.448272e+15 2.801307e-26 4.057056e-11 1.516085e+01 -1.039179e+01
1.441310e+15 2.908574e-26 4.192155e-11 1.515876e+01 -1.037756e+01
1.434413e+15 2.900479e-26 4.160486e-11 1.515667e+01 -1.038086e+01
1.427583e+15 2.720752e-26 3.884098e-11 1.515460e+01 -1.041071e+01
1.420817e+15 2.923582e-26 4.153875e-11 1.515254e+01 -1.038155e+01
1.414115e+15 2.911045e-26 4.116552e-11 1.515048e+01 -1.038547e+01
1.407476e+15 3.005694e-26 4.230442e-11 1.514844e+01 -1.037361e+01
1.400899e+15 2.786975e-26 3.904271e-11 1.514641e+01 -1.040846e+01
1.394383e+15 2.887933e-26 4.026885e-11 1.514438e+01 -1.039503e+01
1.387928e+15 2.913229e-26 4.043352e-11 1.514237e+01 -1.039326e+01
1.381532e+15 2.759242e-26 3.811981e-11 1.514036e+01 -1.041885e+01
1.375194e+15 2.712760e-26 3.730573e-11 1.513836e+01 -1.042822e+01
1.368915e+15 2.852800e-26 3.905241e-11 1.513638e+01 -1.040835e+01
1.362693e+15 3.063849e-26 4.175085e-11 1.513440e+01 -1.037933e+01
1.356527e+15 2.882386e-26 3.910033e-11 1.513243e+01 -1.040782e+01
1.350416e+15 2.699547e-26 3.645512e-11 1.513047e+01 -1.043824e+01
1.344361e+15 2.751729e-26 3.699316e-11 1.512852e+01 -1.043188e+01
1.338359e+15 2.803936e-26 3.752673e-11 1.512657e+01 -1.042566e+01
1.332411e+15 2.796001e-26 3.725422e-11 1.512464e+01 -1.042882e+01
1.326515e+15 2.839355e-26 3.766447e-11 1.512271e+01 -1.042407e+01
1.320671e+15 2.725873e-26 3.599982e-11 1.512079e+01 -1.044370e+01
1.314879e+15 2.789305e-26 3.667598e-11 1.511889e+01 -1.043562e+01
1.309137e+15 2.877360e-26 3.766859e-11 1.511699e+01 -1.042402e+01
1.303445e+15 2.758342e-26 3.595348e-11 1.511509e+01 -1.044426e+01
1.297803e+15 2.942758e-26 3.819119e-11 1.511321e+01 -1.041804e+01
1.292209e+15 2.887407e-26 3.731132e-11 1.511133e+01 -1.042816e+01
1.286663e+15 2.867449e-26 3.689440e-11 1.510946e+01 -1.043304e+01
1.281164e+15 2.757524e-26 3.532841e-11 1.510760e+01 -1.045188e+01
1.275712e+15 2.714236e-26 3.462584e-11 1.510575e+01 -1.046060e+01
1.270307e+15 2.889858e-26 3.671007e-11 1.510391e+01 -1.043521e+01
1.264947e+15 2.860745e-26 3.618691e-11 1.510207e+01 -1.044145e+01
1.259632e+15 2.811692e-26 3.541697e-11 1.510024e+01 -1.045079e+01
1.254362e+15 2.607795e-26 3.271117e-11 1.509842e+01 -1.048530e+01
1.249135e+15 2.709512e-26 3.384547e-11 1.509661e+01 -1.047050e+01
1.243952e+15 2.617116e-26 3.255566e-11 1.509480e+01 -1.048737e+01
1.238812e+15 2.827176e-26 3.502338e-11 1.509301e+01 -1.045564e+01
1.233714e+15 3.136749e-26 3.869849e-11 1.509121e+01 -1.041231e+01
1.228657e+15 3.032924e-26 3.726424e-11 1.508943e+01 -1.042871e+01
1.223642e+15 3.046647e-26 3.728006e-11 1.508765e+01 -1.042852e+01
1.218668e+15 3.144885e-26 3.832572e-11 1.508589e+01 -1.041651e+01
1.213734e+15 2.960844e-26 3.593678e-11 1.508412e+01 -1.044446e+01
1.208840e+15 2.924682e-26 3.535474e-11 1.508237e+01 -1.045155e+01
1.203986e+15 2.832030e-26 3.409723e-11 1.508062e+01 -1.046728e+01
1.199170e+15 3.055775e-26 3.664392e-11 1.507888e+01 -1.043600e+01
1.194392e+15 3.053115e-26 3.646616e-11 1.507715e+01 -1.043811e+01
1.189652e+15 2.842240e-26 3.381278e-11 1.507542e+01 -1.047092e+01
1.184950e+15 2.901380e-26 3.437991e-11 1.507370e+01 -1.046370e+01
1.180285e+15 2.938641e-26 3.468434e-11 1.507199e+01 -1.045987e+01
1.175656e+15 3.030758e-26 3.563130e-11 1.507028e+01 -1.044817e+01
1.171064e+15 3.160695e-26 3.701377e-11 1.506858e+01 -1.043164e+01
1.166507e+15 3.497825e-26 4.080238e-11 1.506689e+01 -1.038931e+01
1.161986e+15 3.090083e-26 3.590633e-11 1.506520e+01 -1.044483e+01
1.157500e+15 3.263340e-26 3.777315e-11 1.506352e+01 -1.042282e+01
1.153048e+15 3.194089e-26 3.682937e-11 1.506185e+01 -1.043381e+01
1.148630e+15 3.159188e-26 3.628738e-11 1.506018e+01 -1.044024e+01
1.144246e+15 3.385757e-26 3.874138e-11 1.505852e+01 -1.041182e+01
1.139895e+15 3.380226e-26 3.853103e-11 1.505686e+01 -1.041419e+01
1.135577e+15 4.266610e-26 4.845065e-11 1.505522e+01 -1.031470e+01
1.131292e+15 4.520693e-26 5.114224e-11 1.505357e+01 -1.029122e+01
1.127039e+15 4.558172e-26 5.137238e-11 1.505194e+01 -1.028927e+01
1.122818e+15 4.264472e-26 4.788226e-11 1.505031e+01 -1.031983e+01
1.118628e+15 4.393534e-26 4.914731e-11 1.504869e+01 -1.030850e+01
1.114470e+15 4.332814e-26 4.828790e-11 1.504707e+01 -1.031616e+01
1.110342e+15 4.310737e-26 4.786393e-11 1.504546e+01 -1.031999e+01
1.106245e+15 4.463358e-26 4.937568e-11 1.504385e+01 -1.030649e+01
1.102178e+15 4.050774e-26 4.464674e-11 1.504225e+01 -1.035021e+01
1.098141e+15 4.216055e-26 4.629822e-11 1.504066e+01 -1.033444e+01
1.094133e+15 3.896289e-26 4.263058e-11 1.503907e+01 -1.037028e+01
1.090154e+15 3.620842e-26 3.947276e-11 1.503749e+01 -1.040370e+01
1.086204e+15 4.063415e-26 4.413699e-11 1.503591e+01 -1.035520e+01
1.082283e+15 4.377156e-26 4.737321e-11 1.503434e+01 -1.032447e+01
1.078390e+15 4.190942e-26 4.519469e-11 1.503278e+01 -1.034491e+01
1.074525e+15 3.623566e-26 3.893612e-11 1.503122e+01 -1.040965e+01
1.070687e+15 2.979219e-26 3.189811e-11 1.502966e+01 -1.049624e+01
1.066877e+15 3.628791e-26 3.871473e-11 1.502811e+01 -1.041212e+01
1.063094e+15 4.856211e-26 5.162607e-11 1.502657e+01 -1.028713e+01
1.059337e+15 4.944827e-26 5.238238e-11 1.502503e+01 -1.028081e+01
1.055607e+15 4.939432e-26 5.214099e-11 1.502350e+01 -1.028282e+01
1.051903e+15 4.221087e-26 4.440175e-11 1.502198e+01 -1.035260e+01
1.048225e+15 4.819625e-26 5.052052e-11 1.502045e+01 -1.029653e+01
1.044573e+15 5.369624e-26 5.608963e-11 1.501894e+01 -1.025112e+01
1.040946e+15 5.177141e-26 5.389124e-11 1.501743e+01 -1.026848e+01
1.037344e+15 5.691856e-26 5.904412e-11 1.501592e+01 -1.022882e+01
1.033767e+15 6.675756e-26 6.901176e-11 1.501442e+01 -1.016108e+01
1.030214e+15 7.071089e-26 7.284738e-11 1.501293e+01 -1.013759e+01
1.026686e+15 6.780072e-26 6.961007e-11 1.501144e+01 -1.015733e+01
1.023182e+15 6.441557e-26 6.590887e-11 1.500995e+01 -1.018106e+01
1.019702e+15 6.653759e-26 6.784851e-11 1.500847e+01 -1.016846e+01
1.016245e+15 6.587583e-26 6.694601e-11 1.500700e+01 -1.017428e+01
1.012812e+15 7.368224e-26 7.462627e-11 1.500553e+01 -1.012711e+01
1.009402e+15 6.568285e-26 6.630040e-11 1.500406e+01 -1.017848e+01
1.006015e+15 6.875356e-26 6.916710e-11 1.500260e+01 -1.016010e+01
1.002650e+15 6.665377e-26 6.683041e-11 1.500115e+01 -1.017503e+01
9.993080e+14 6.528655e-26 6.524137e-11 1.499970e+01 -1.018548e+01
9.959880e+14 6.764343e-26 6.737204e-11 1.499825e+01 -1.017152e+01
9.926901e+14 6.607494e-26 6.559194e-11 1.499681e+01 -1.018315e+01
9.894139e+14 7.375388e-26 7.297311e-11 1.499538e+01 -1.013684e+01
9.861592e+14 7.388623e-26 7.286359e-11 1.499395e+01 -1.013749e+01
9.829259e+14 7.706066e-26 7.574491e-11 1.499252e+01 -1.012065e+01
9.797137e+14 7.214552e-26 7.068196e-11 1.499110e+01 -1.015069e+01
9.765225e+14 7.593361e-26 7.415088e-11 1.498968e+01 -1.012988e+01
9.733519e+14 7.937973e-26 7.726442e-11 1.498827e+01 -1.011202e+01
9.702019e+14 7.796063e-26 7.563756e-11 1.498686e+01 -1.012126e+01
9.670723e+14 7.399923e-26 7.156260e-11 1.498546e+01 -1.014531e+01
9.639627e+14 8.449412e-26 8.144918e-11 1.498406e+01 -1.008911e+01
9.608731e+14 8.154565e-26 7.835502e-11 1.498267e+01 -1.010593e+01
9.578032e+14 8.343875e-26 7.991790e-11 1.498128e+01 -1.009736e+01
9.547529e+14 8.566117e-26 8.178525e-11 1.497989e+01 -1.008733e+01
9.517219e+14 8.571061e-26 8.157267e-11 1.497851e+01 -1.008846e+01
9.487101e+14 8.134672e-26 7.717445e-11 1.497713e+01 -1.011253e+01
9.457174e+14 8.991634e-26 8.503544e-11 1.497576e+01 -1.007040e+01
9.427434e+14 8.812847e-26 8.308253e-11 1.497439e+01 -1.008049e+01
9.397881e+14 8.438042e-26 7.929971e-11 1.497303e+01 -1.010073e+01
9.368512e+14 9.143542e-26 8.566139e-11 1.497167e+01 -1.006721e+01
9.339327e+14 9.023125e-26 8.426991e-11 1.497032e+01 -1.007433e+01
9.310323e+14 8.661514e-26 8.064149e-11 1.496896e+01 -1.009344e+01
9.281498e+14 8.236541e-26 7.644744e-11 1.496762e+01 -1.011664e+01
9.252852e+14 8.474725e-26 7.841537e-11 1.496628e+01 -1.010560e+01
9.224382e+14 9.646841e-26 8.898614e-11 1.496494e+01 -1.005068e+01
9.196086e+14 1.027456e-25 9.448575e-11 1.496360e+01 -1.002463e+01
9.167963e+14 1.063790e-25 9.752783e-11 1.496227e+01 -1.001087e+01
9.140012e+14 1.029449e-25 9.409174e-11 1.496095e+01 -1.002645e+01
9.112231e+14 1.098026e-25 1.000546e-10 1.495962e+01 -9.999763e+00
9.084618e+14 1.140613e-25 1.036203e-10 1.495831e+01 -9.984555e+00
9.057172e+14 1.072872e-25 9.717182e-11 1.495699e+01 -1.001246e+01
9.029892e+14 1.074613e-25 9.703639e-11 1.495568e+01 -1.001307e+01
9.002775e+14 1.059911e-25 9.542140e-11 1.495438e+01 -1.002035e+01
8.975820e+14 1.082921e-25 9.720102e-11 1.495307e+01 -1.001233e+01
8.949027e+14 1.120268e-25 1.002531e-10 1.495178e+01 -9.998902e+00
8.922393e+14 1.050555e-25 9.373468e-11 1.495048e+01 -1.002810e+01
8.895917e+14 1.018980e-25 9.064761e-11 1.494919e+01 -1.004264e+01
8.869598e+14 1.079203e-25 9.572094e-11 1.494790e+01 -1.001899e+01
8.843434e+14 1.121343e-25 9.916521e-11 1.494662e+01 -1.000364e+01
8.817424e+14 1.159480e-25 1.022363e-10 1.494534e+01 -9.990395e+00
8.791566e+14 1.149920e-25 1.010960e-10 1.494407e+01 -9.995266e+00
8.765860e+14 1.154494e-25 1.012013e-10 1.494279e+01 -9.994814e+00
8.740303e+14 1.187844e-25 1.038212e-10 1.494153e+01 -9.983714e+00
8.714895e+14 1.063543e-25 9.268668e-11 1.494026e+01 -1.003298e+01
8.689635e+14 1.094694e-25 9.512489e-11 1.493900e+01 -1.002171e+01
8.664520e+14 1.173430e-25 1.016720e-10 1.493774e+01 -9.992798e+00
8.639550e+14 1.128884e-25 9.753049e-11 1.493649e+01 -1.001086e+01
8.614724e+14 1.123126e-25 9.675420e-11 1.493524e+01 -1.001433e+01
8.590040e+14 1.128171e-25 9.691034e-11 1.493400e+01 -1.001363e+01
8.565497e+14 1.231399e-25 1.054755e-10 1.493275e+01 -9.976849e+00
8.541094e+14 1.269303e-25 1.084124e-10 1.493151e+01 -9.964921e+00
8.516830e+14 1.213036e-25 1.033122e-10 1.493028e+01 -9.985848e+00
8.492703e+14 1.251728e-25 1.063056e-10 1.492905e+01 -9.973444e+00
8.468712e+14 1.385108e-25 1.173008e-10 1.492782e+01 -9.930699e+00
8.444856e+14 1.369601e-25 1.156609e-10 1.492659e+01 -9.936814e+00
8.421135e+14 1.273390e-25 1.072339e-10 1.492537e+01 -9.969668e+00
8.397546e+14 1.149009e-25 9.648860e-11 1.492415e+01 -1.001552e+01
8.374089e+14 1.035864e-25 8.674417e-11 1.492294e+01 -1.006176e+01
8.350763e+14 1.153061e-25 9.628943e-11 1.492173e+01 -1.001642e+01
8.327567e+14 1.315905e-25 1.095829e-10 1.492052e+01 -9.960257e+00
8.304499e+14 1.256579e-25 1.043526e-10 1.491931e+01 -9.981497e+00
8.281558e+14 1.311790e-25 1.086366e-10 1.491811e+01 -9.964024e+00
8.258744e+14 1.364945e-25 1.127273e-10 1.491691e+01 -9.947971e+00
8.236055e+14 1.384823e-25 1.140548e-10 1.491572e+01 -9.942886e+00
8.213490e+14 1.495029e-25 1.227941e-10 1.491453e+01 -9.910823e+00
8.191049e+14 1.666617e-25 1.365134e-10 1.491334e+01 -9.864825e+00
8.168730e+14 1.630234e-25 1.331694e-10 1.491215e+01 -9.875595e+00
8.146533e+14 1.529171e-25 1.245745e-10 1.491097e+01 -9.904571e+00
8.124455e+14 1.578100e-25 1.282120e-10 1.490979e+01 -9.892071e+00
8.102497e+14 1.621910e-25 1.314152e-10 1.490862e+01 -9.881354e+00
8.080658e+14 1.566552e-25 1.265877e-10 1.490745e+01 -9.897609e+00
8.058935e+14 1.498434e-25 1.207578e-10 1.490628e+01 -9.918085e+00
8.037330e+14 1.330648e-25 1.069486e-10 1.490511e+01 -9.970825e+00
8.015840e+14 1.289234e-25 1.033429e-10 1.490395e+01 -9.985719e+00
7.994464e+14 1.400491e-25 1.119617e-10 1.490279e+01 -9.950930e+00
7.973202e+14 1.516997e-25 1.209533e-10 1.490163e+01 -9.917382e+00
7.952053e+14 1.693794e-25 1.346914e-10 1.490048e+01 -9.870660e+00
7.931016e+14 1.905862e-25 1.511542e-10 1.489933e+01 -9.820580e+00
7.910090e+14 1.733567e-25 1.371267e-10 1.489818e+01 -9.862878e+00
7.889274e+14 1.677290e-25 1.323260e-10 1.489704e+01 -9.878355e+00
7.868567e+14 1.718090e-25 1.351891e-10 1.489590e+01 -9.869058e+00
7.847969e+14 1.519391e-25 1.192413e-10 1.489476e+01 -9.923573e+00
7.827478e+14 1.242493e-25 9.725588e-11 1.489362e+01 -1.001208e+01
7.807094e+14 1.357381e-25 1.059720e-10 1.489249e+01 -9.974809e+00
7.786816e+14 1.627268e-25 1.267124e-10 1.489136e+01 -9.897181e+00
7.766642e+14 1.672703e-25 1.299129e-10 1.489023e+01 -9.886348e+00
7.746574e+14 1.671436e-25 1.294790e-10 1.488911e+01 -9.887801e+00
7.726608e+14 1.601342e-25 1.237294e-10 1.488799e+01 -9.907527e+00
7.706746e+14 1.697218e-25 1.308003e-10 1.488687e+01 -9.883391e+00
7.686985e+14 1.897671e-25 1.458737e-10 1.488576e+01 -9.836023e+00
7.667325e+14 2.099760e-25 1.609954e-10 1.488464e+01 -9.793186e+00
7.647765e+14 1.972677e-25 1.508657e-10 1.488353e+01 -9.821409e+00
7.628305e+14 1.455760e-25 1.110498e-10 1.488243e+01 -9.954482e+00
7.608944e+14 1.526291e-25 1.161346e-10 1.488132e+01 -9.935038e+00
7.589681e+14 2.077508e-25 1.576763e-10 1.488022e+01 -9.802234e+00
7.570515e+14 1.796848e-25 1.360306e-10 1.487913e+01 -9.866363e+00
7.551446e+14 1.546317e-25 1.167693e-10 1.487803e+01 -9.932671e+00
7.532472e+14 2.269727e-25 1.709665e-10 1.487694e+01 -9.767089e+00
7.513594e+14 2.844942e-25 2.137574e-10 1.487585e+01 -9.670079e+00
7.494810e+14 3.053066e-25 2.288215e-10 1.487476e+01 -9.640503e+00
7.476120e+14 3.186364e-25 2.382164e-10 1.487368e+01 -9.623028e+00
7.457522e+14 3.283227e-25 2.448474e-10 1.487259e+01 -9.611105e+00
7.439017e+14 3.197416e-25 2.378563e-10 1.487152e+01 -9.623685e+00
7.420604e+14 3.112531e-25 2.309686e-10 1.487044e+01 -9.636447e+00
7.402281e+14 3.162353e-25 2.340863e-10 1.486937e+01 -9.630624e+00
7.384049e+14 3.062775e-25 2.261568e-10 1.486829e+01 -9.645590e+00
7.365907e+14 3.075951e-25 2.265717e-10 1.486723e+01 -9.644794e+00
7.347853e+14 3.224890e-25 2.369602e-10 1.486616e+01 -9.625325e+00
7.329888e+14 3.347897e-25 2.453971e-10 1.486510e+01 -9.610131e+00
7.312010e+14 3.072508e-25 2.246621e-10 1.486404e+01 -9.648470e+00
7.294219e+14 3.199680e-25 2.333917e-10 1.486298e+01 -9.631915e+00
7.276515e+14 3.395213e-25 2.470532e-10 1.486192e+01 -9.607210e+00
7.258896e+14 3.371975e-25 2.447681e-10 1.486087e+01 -9.611245e+00
7.241362e+14 3.250554e-25 2.353844e-10 1.485982e+01 -9.628222e+00
7.223913e+14 3.252232e-25 2.349384e-10 1.485877e+01 -9.629046e+00
7.206548e+14 3.376788e-25 2.433499e-10 1.485773e+01 -9.613769e+00
7.189266e+14 3.291757e-25 2.366532e-10 1.485668e+01 -9.625888e+00
7.172067e+14 3.248537e-25 2.329872e-10 1.485564e+01 -9.632668e+00
7.154950e+14 3.372493e-25 2.413002e-10 1.485461e+01 -9.617442e+00
7.137914e+14 3.343401e-25 2.386491e-10 1.485357e+01 -9.622240e+00
7.120960e+14 3.538974e-25 2.520089e-10 1.485254e+01 -9.598584e+00
7.104085e+14 3.391915e-25 2.409646e-10 1.485151e+01 -9.618047e+00
7.087291e+14 3.326718e-25 2.357742e-10 1.485048e+01 -9.627504e+00
7.070575e+14 3.648230e-25 2.579509e-10 1.484945e+01 -9.588463e+00
7.053939e+14 3.623376e-25 2.555907e-10 1.484843e+01 -9.592455e+00
7.037380e+14 3.648903e-25 2.567872e-10 1.484741e+01 -9.590427e+00
7.020899e+14 3.572597e-25 2.508285e-10 1.484639e+01 -9.600623e+00
7.004495e+14 3.550939e-25 2.487253e-10 1.484538e+01 -9.604280e+00
6.988168e+14 3.378883e-25 2.361220e-10 1.484436e+01 -9.626864e+00
6.971916e+14 3.086636e-25 2.151977e-10 1.484335e+01 -9.667162e+00
6.955740e+14 3.360689e-25 2.337608e-10 1.484234e+01 -9.631228e+00
6.939639e+14 3.863290e-25 2.680983e-10 1.484134e+01 -9.571706e+00
6.923612e+14 3.837513e-25 2.656945e-10 1.484033e+01 -9.575617e+00
6.907659e+14 3.932057e-25 2.716131e-10 1.483933e+01 -9.566049e+00
6.891779e+14 4.139772e-25 2.853040e-10 1.483833e+01 -9.544692e+00
6.875972e+14 4.442283e-25 3.054502e-10 1.483733e+01 -9.515060e+00
6.860238e+14 4.355900e-25 2.988251e-10 1.483634e+01 -9.524583e+00
6.844575e+14 3.962409e-25 2.712101e-10 1.483535e+01 -9.566694e+00
6.828984e+14 4.020934e-25 2.745890e-10 1.483436e+01 -9.561317e+00
6.813464e+14 4.174593e-25 2.844344e-10 1.483337e+01 -9.546018e+00
6.798014e+14 4.340852e-25 2.950917e-10 1.483238e+01 -9.530043e+00
6.782633e+14 4.629113e-25 3.139758e-10 1.483140e+01 -9.503104e+00
6.767323e+14 4.522057e-25 3.060222e-10 1.483042e+01 -9.514247e+00
6.752081e+14 4.613688e-25 3.115200e-10 1.482944e+01 -9.506514e+00
6.736908e+14 4.650642e-25 3.133095e-10 1.482846e+01 -9.504027e+00
6.721803e+14 4.414353e-25 2.967241e-10 1.482749e+01 -9.527647e+00
6.706765e+14 4.843836e-25 3.248647e-10 1.482651e+01 -9.488297e+00
6.691795e+14 5.101679e-25 3.413939e-10 1.482554e+01 -9.466744e+00
6.676891e+14 5.147965e-25 3.437240e-10 1.482457e+01 -9.463790e+00
6.662053e+14 5.248768e-25 3.496757e-10 1.482361e+01 -9.456335e+00
6.647282e+14 5.388227e-25 3.581706e-10 1.482264e+01 -9.445910e+00
6.632575e+14 5.028966e-25 3.335500e-10 1.482168e+01 -9.476839e+00
6.617934e+14 4.797844e-25 3.175181e-10 1.482072e+01 -9.498231e+00
6.603357e+14 5.104783e-25 3.370871e-10 1.481976e+01 -9.472258e+00
6.588844e+14 5.202059e-25 3.427556e-10 1.481881e+01 -9.465015e+00
6.574395e+14 5.409047e-25 3.556121e-10 1.481786e+01 -9.449023e+00
6.560009e+14 5.374406e-25 3.525615e-10 1.481690e+01 -9.452765e+00
6.545686e+14 5.390621e-25 3.528531e-10 1.481596e+01 -9.452406e+00
6.531425e+14 5.262020e-25 3.436849e-10 1.481501e+01 -9.463840e+00
6.517226e+14 5.388503e-25 3.511809e-10 1.481406e+01 -9.454469e+00
6.503089e+14 5.659531e-25 3.680443e-10 1.481312e+01 -9.434100e+00
6.489013e+14 5.800975e-25 3.764261e-10 1.481218e+01 -9.424320e+00
6.474998e+14 5.686268e-25 3.681858e-10 1.481124e+01 -9.433933e+00
6.461043e+14 5.452527e-25 3.522901e-10 1.481030e+01 -9.453100e+00
6.447148e+14 5.458423e-25 3.519126e-10 1.480937e+01 -9.453565e+00
6.433313e+14 5.552757e-25 3.572263e-10 1.480843e+01 -9.447057e+00
6.419537e+14 5.436882e-25 3.490227e-10 1.480750e+01 -9.457146e+00
6.405821e+14 5.636244e-25 3.610477e-10 1.480657e+01 -9.442435e+00
6.392162e+14 5.647544e-25 3.610002e-10 1.480565e+01 -9.442493e+00
6.378562e+14 5.553279e-25 3.542193e-10 1.480472e+01 -9.450728e+00
6.365019e+14 5.587272e-25 3.556310e-10 1.480380e+01 -9.449000e+00
6.351534e+14 5.870552e-25 3.728701e-10 1.480288e+01 -9.428442e+00
6.338106e+14 5.851146e-25 3.708518e-10 1.480196e+01 -9.430800e+00
6.324734e+14 6.043422e-25 3.822304e-10 1.480104e+01 -9.417675e+00
6.311419e+14 6.145172e-25 3.878476e-10 1.480013e+01 -9.411339e+00
6.298160e+14 5.933522e-25 3.737027e-10 1.479921e+01 -9.427474e+00
6.284956e+14 5.955828e-25 3.743212e-10 1.479830e+01 -9.426756e+00
6.271808e+14 6.161822e-25 3.864576e-10 1.479739e+01 -9.412898e+00
6.258714e+14 6.219704e-25 3.892735e-10 1.479649e+01 -9.409745e+00
6.245675e+14 6.331590e-25 3.954505e-10 1.479558e+01 -9.402908e+00
6.232690e+14 6.247495e-25 3.893870e-10 1.479468e+01 -9.409619e+00
6.219759e+14 6.330334e-25 3.937316e-10 1.479377e+01 -9.404800e+00
6.206882e+14 6.329452e-25 3.928616e-10 1.479287e+01 -9.405760e+00
6.194058e+14 6.208325e-25 3.845473e-10 1.479198e+01 -9.415050e+00
6.181287e+14 5.913400e-25 3.655242e-10 1.479108e+01 -9.437084e+00
6.168568e+14 5.519577e-25 3.404789e-10 1.479018e+01 -9.467910e+00
6.155901e+14 5.826890e-25 3.586976e-10 1.478929e+01 -9.445272e+00
6.143287e+14 6.011750e-25 3.693190e-10 1.478840e+01 -9.432598e+00
6.130724e+14 6.153409e-25 3.772485e-10 1.478751e+01 -9.423372e+00
6.118212e+14 6.466694e-25 3.956461e-10 1.478662e+01 -9.402693e+00
6.105752e+14 6.313376e-25 3.854790e-10 1.478574e+01 -9.413999e+00
6.093341e+14 6.220683e-25 3.790474e-10 1.478486e+01 -9.421306e+00
6.080982e+14 6.390395e-25 3.885988e-10 1.478397e+01 -9.410499e+00
6.068672e+14 6.567018e-25 3.985308e-10 1.478309e+01 -9.399538e+00
6.056412e+14 6.647866e-25 4.026221e-10 1.478222e+01 -9.395102e+00
6.044202e+14 6.342305e-25 3.833417e-10 1.478134e+01 -9.416414e+00
6.032040e+14 6.439842e-25 3.884538e-10 1.478046e+01 -9.410661e+00
6.019928e+14 6.425335e-25 3.868006e-10 1.477959e+01 -9.412513e+00
6.007864e+14 6.233613e-25 3.745070e-10 1.477872e+01 -9.426540e+00
5.995848e+14 6.212025e-25 3.724636e-10 1.477785e+01 -9.428916e+00
5.983880e+14 5.871398e-25 3.513374e-10 1.477698e+01 -9.454276e+00
5.971960e+14 6.103294e-25 3.644863e-10 1.477612e+01 -9.438319e+00
5.960087e+14 6.407636e-25 3.819007e-10 1.477525e+01 -9.418050e+00
5.948262e+14 6.291101e-25 3.742112e-10 1.477439e+01 -9.426883e+00
5.936483e+14 6.411159e-25 3.805974e-10 1.477353e+01 -9.419534e+00
5.924751e+14 6.806424e-25 4.032637e-10 1.477267e+01 -9.394411e+00
5.913065e+14 6.477013e-25 3.829900e-10 1.477181e+01 -9.416813e+00
5.901425e+14 6.295155e-25 3.715039e-10 1.477096e+01 -9.430037e+00
5.889831e+14 6.383344e-25 3.759682e-10 1.477010e+01 -9.424849e+00
5.878282e+14 6.341791e-25 3.727884e-10 1.476925e+01 -9.428538e+00
5.866779e+14 6.549199e-25 3.842270e-10 1.476840e+01 -9.415412e+00
5.855320e+14 6.513780e-25 3.814027e-10 1.476755e+01 -9.418616e+00
5.843906e+14 6.352239e-25 3.712189e-10 1.476670e+01 -9.430370e+00
5.832537e+14 6.380106e-25 3.721220e-10 1.476586e+01 -9.429315e+00
5.821212e+14 6.253560e-25 3.640330e-10 1.476501e+01 -9.438859e+00
5.809930e+14 6.122783e-25 3.557294e-10 1.476417e+01 -9.448880e+00
5.798692e+14 5.757320e-25 3.338493e-10 1.476333e+01 -9.476450e+00
5.787498e+14 5.732726e-25 3.317814e-10 1.476249e+01 -9.479148e+00
5.776347e+14 6.140841e-25 3.547163e-10 1.476165e+01 -9.450119e+00
5.765238e+14 6.372428e-25 3.673856e-10 1.476082e+01 -9.434878e+00
5.754173e+14 6.450716e-25 3.711854e-10 1.475998e+01 -9.430409e+00
5.743149e+14 6.729444e-25 3.864820e-10 1.475915e+01 -9.412871e+00
5.732168e+14 6.764812e-25 3.877704e-10 1.475832e+01 -9.411425e+00
5.721229e+14 7.110569e-25 4.068120e-10 1.475749e+01 -9.390606e+00
5.710331e+14 6.916186e-25 3.949371e-10 1.475666e+01 -9.403472e+00
5.699475e+14 6.820080e-25 3.887088e-10 1.475583e+01 -9.410376e+00
5.688660e+14 6.363967e-25 3.620245e-10 1.475501e+01 -9.441262e+00
5.677886e+14 7.209799e-25 4.093642e-10 1.475419e+01 -9.387890e+00
5.667153e+14 7.393613e-25 4.190074e-10 1.475336e+01 -9.377778e+00
5.656460e+14 7.585208e-25 4.290543e-10 1.475254e+01 -9.367488e+00
5.645808e+14 7.781377e-25 4.393216e-10 1.475173e+01 -9.357217e+00
5.635195e+14 7.332640e-25 4.132086e-10 1.475091e+01 -9.383831e+00
5.624623e+14 7.062381e-25 3.972323e-10 1.475009e+01 -9.400955e+00
5.614090e+14 7.391199e-25 4.149485e-10 1.474928e+01 -9.382006e+00
5.603596e+14 7.605630e-25 4.261888e-10 1.474847e+01 -9.370398e+00
5.593142e+14 7.925262e-25 4.432711e-10 1.474766e+01 -9.353331e+00
5.582726e+14 7.454323e-25 4.161545e-10 1.474685e+01 -9.380745e+00
5.572349e+14 7.711397e-25 4.297060e-10 1.474604e+01 -9.366829e+00
5.562011e+14 7.584409e-25 4.218457e-10 1.474523e+01 -9.374846e+00
5.551711e+14 7.276279e-25 4.039580e-10 1.474443e+01 -9.393664e+00
5.541449e+14 7.408949e-25 4.105631e-10 1.474362e+01 -9.386620e+00
5.531225e+14 7.723826e-25 4.272222e-10 1.474282e+01 -9.369346e+00
5.521039e+14 7.683657e-25 4.242177e-10 1.474202e+01 -9.372411e+00
5.510890e+14 7.884357e-25 4.344982e-10 1.474122e+01 -9.362012e+00
5.500778e+14 7.757664e-25 4.267319e-10 1.474042e+01 -9.369845e+00
5.490703e+14 7.730593e-25 4.244639e-10 1.473963e+01 -9.372159e+00
5.480665e+14 7.696195e-25 4.218027e-10 1.473883e+01 -9.374891e+00
5.470664e+14 7.591423e-25 4.153013e-10 1.473804e+01 -9.381637e+00
5.460699e+14 7.864933e-25 4.294804e-10 1.473725e+01 -9.367057e+00
5.450771e+14 7.921803e-25 4.317993e-10 1.473646e+01 -9.364718e+00
5.440878e+14 7.749040e-25 4.216159e-10 1.473567e+01 -9.375083e+00
5.431022e+14 8.107307e-25 4.403096e-10 1.473488e+01 -9.356242e+00
5.421201e+14 8.079708e-25 4.380172e-10 1.473410e+01 -9.358509e+00
5.411415e+14 8.255546e-25 4.467419e-10 1.473331e+01 -9.349943e+00
5.401665e+14 8.281788e-25 4.473544e-10 1.473253e+01 -9.349348e+00
5.391950e+14 8.264843e-25 4.456362e-10 1.473175e+01 -9.351020e+00
5.382269e+14 8.063290e-25 4.339880e-10 1.473097e+01 -9.362522e+00
5.372624e+14 8.164813e-25 4.386647e-10 1.473019e+01 -9.357867e+00
5.363013e+14 7.906527e-25 4.240281e-10 1.472941e+01 -9.372605e+00
5.353436e+14 7.949454e-25 4.255689e-10 1.472863e+01 -9.371030e+00
5.343893e+14 8.201514e-25 4.382802e-10 1.472786e+01 -9.358248e+00
5.334384e+14 8.282291e-25 4.418092e-10 1.472708e+01 -9.354765e+00
5.324909e+14 8.201017e-25 4.366967e-10 1.472631e+01 -9.359820e+00
5.315468e+14 8.293171e-25 4.408209e-10 1.472554e+01 -9.355738e+00
5.306060e+14 8.504825e-25 4.512712e-10 1.472477e+01 -9.345562e+00
5.296686e+14 8.389412e-25 4.443608e-10 1.472400e+01 -9.352264e+00
5.287344e+14 8.385376e-25 4.433637e-10 1.472324e+01 -9.353240e+00
5.278035e+14 8.614174e-25 4.546591e-10 1.472247e+01 -9.342314e+00
5.268759e+14 8.738822e-25 4.604275e-10 1.472171e+01 -9.336839e+00
5.259516e+14 8.640880e-25 4.544684e-10 1.472095e+01 -9.342496e+00
5.250305e+14 8.485115e-25 4.454944e-10 1.472018e+01 -9.351158e+00
5.241126e+14 8.754985e-25 4.588598e-10 1.471942e+01 -9.338320e+00
5.231979e+14 9.038062e-25 4.728695e-10 1.471867e+01 -9.325259e+00
5.222864e+14 9.042768e-25 4.722915e-10 1.471791e+01 -9.325790e+00
5.213781e+14 9.047343e-25 4.717086e-10 1.471715e+01 -9.326326e+00
5.204729e+14 8.947430e-25 4.656895e-10 1.471640e+01 -9.331904e+00
5.195709e+14 8.931983e-25 4.640798e-10 1.471564e+01 -9.333407e+00
5.186720e+14 8.853998e-25 4.592321e-10 1.471489e+01 -9.337968e+00
5.177762e+14 8.997916e-25 4.658907e-10 1.471414e+01 -9.331716e+00
5.168834e+14 9.170102e-25 4.739874e-10 1.471339e+01 -9.324233e+00
5.159938e+14 9.111306e-25 4.701378e-10 1.471264e+01 -9.327775e+00
5.151072e+14 9.308426e-25 4.794837e-10 1.471190e+01 -9.319226e+00
5.142237e+14 9.372117e-25 4.819364e-10 1.471115e+01 -9.317010e+00
5.133432e+14 9.293050e-25 4.770523e-10 1.471041e+01 -9.321434e+00
5.124656e+14 9.348823e-25 4.790950e-10 1.470966e+01 -9.319578e+00
5.115911e+14 9.056784e-25 4.633370e-10 1.470892e+01 -9.334103e+00
5.107196e+14 8.919132e-25 4.555176e-10 1.470818e+01 -9.341495e+00
5.098510e+14 8.703857e-25 4.437670e-10 1.470744e+01 -9.352845e+00
5.089854e+14 8.794109e-25 4.476073e-10 1.470671e+01 -9.349103e+00
5.081227e+14 8.686120e-25 4.413615e-10 1.470597e+01 -9.355206e+00
5.072629e+14 8.837657e-25 4.483016e-10 1.470523e+01 -9.348430e+00
5.064061e+14 9.128881e-25 4.622921e-10 1.470450e+01 -9.335084e+00
5.055521e+14 9.090108e-25 4.595523e-10 1.470377e+01 -9.337665e+00
5.047010e+14 9.301645e-25 4.694550e-10 1.470303e+01 -9.328406e+00
5.038528e+14 9.217514e-25 4.644270e-10 1.470230e+01 -9.333083e+00
5.030074e+14 9.335422e-25 4.695786e-10 1.470157e+01 -9.328292e+00
5.021648e+14 9.341864e-25 4.691155e-10 1.470085e+01 -9.328720e+00
5.013251e+14 9.477332e-25 4.751224e-10 1.470012e+01 -9.323194e+00
5.004881e+14 9.463078e-25 4.736158e-10 1.469939e+01 -9.324574e+00
4.996540e+14 9.406631e-25 4.700061e-10 1.469867e+01 -9.327897e+00
4.988226e+14 9.400143e-25 4.689004e-10 1.469795e+01 -9.328919e+00
4.979940e+14 9.608765e-25 4.785108e-10 1.469722e+01 -9.320108e+00
4.971682e+14 9.649186e-25 4.797268e-10 1.469650e+01 -9.319006e+00
4.963450e+14 9.723715e-25 4.826318e-10 1.469578e+01 -9.316384e+00
4.955246e+14 9.832691e-25 4.872341e-10 1.469507e+01 -9.312262e+00
4.947069e+14 9.809608e-25 4.852881e-10 1.469435e+01 -9.314000e+00
4.938919e+14 9.949314e-25 4.913886e-10 1.469363e+01 -9.308575e+00
4.930796e+14 9.973511e-25 4.917735e-10 1.469292e+01 -9.308235e+00
4.922700e+14 9.915614e-25 4.881159e-10 1.469220e+01 -9.311477e+00
4.914630e+14 9.922196e-25 4.876392e-10 1.469149e+01 -9.311901e+00
4.906586e+14 1.000259e-24 4.907858e-10 1.469078e+01 -9.309108e+00
4.898569e+14 9.943734e-25 4.871006e-10 1.469007e+01 -9.312381e+00
4.890577e+14 9.932482e-25 4.857557e-10 1.468936e+01 -9.313582e+00
4.882612e+14 9.872687e-25 4.820451e-10 1.468865e+01 -9.316912e+00
4.874673e+14 9.847593e-25 4.800380e-10 1.468795e+01 -9.318724e+00
4.866760e+14 9.587896e-25 4.666199e-10 1.468724e+01 -9.331037e+00
4.858872e+14 9.530355e-25 4.630678e-10 1.468654e+01 -9.334355e+00
4.851010e+14 9.552374e-25 4.633866e-10 1.468583e+01 -9.334057e+00
4.843173e+14 9.574386e-25 4.637041e-10 1.468513e+01 -9.333759e+00
4.835361e+14 9.762077e-25 4.720317e-10 1.468443e+01 -9.326029e+00
4.827575e+14 9.699251e-25 4.682386e-10 1.468373e+01 -9.329533e+00
4.819814e+14 9.496152e-25 4.576968e-10 1.468303e+01 -9.339422e+00
4.812077e+14 9.476974e-25 4.560393e-10 1.468233e+01 -9.340998e+00
4.804365e+14 9.493815e-25 4.561175e-10 1.468164e+01 -9.340923e+00
4.796678e+14 9.542470e-25 4.577216e-10 1.468094e+01 -9.339399e+00
4.789016e+14 9.481728e-25 4.540815e-10 1.468025e+01 -9.342866e+00
4.781378e+14 9.713552e-25 4.644417e-10 1.467955e+01 -9.333069e+00
4.773764e+14 9.827259e-25 4.691302e-10 1.467886e+01 -9.328707e+00
4.766175e+14 9.909280e-25 4.722936e-10 1.467817e+01 -9.325788e+00
4.758610e+14 1.002404e-24 4.770048e-10 1.467748e+01 -9.321477e+00
4.751068e+14 1.010691e-24 4.801861e-10 1.467679e+01 -9.318590e+00
4.743551e+14 1.008313e-24 4.782984e-10 1.467610e+01 -9.320301e+00
4.736057e+14 1.014307e-24 4.803816e-10 1.467542e+01 -9.318414e+00
4.728587e+14 1.019387e-24 4.820262e-10 1.467473e+01 -9.316929e+00
4.721140e+14 1.028712e-24 4.856695e-10 1.467405e+01 -9.313659e+00
4.713717e+14 1.039965e-24 4.902103e-10 1.467336e+01 -9.309618e+00
4.706317e+14 1.047020e-24 4.927608e-10 1.467268e+01 -9.307364e+00
4.698940e+14 1.064535e-24 5.002188e-10 1.467200e+01 -9.300840e+00
4.691587e+14 1.051227e-24 4.931921e-10 1.467132e+01 -9.306984e+00
4.684256e+14 1.059768e-24 4.964225e-10 1.467064e+01 -9.304149e+00
4.676949e+14 1.064997e-24 4.980936e-10 1.466996e+01 -9.302689e+00
4.669664e+14 1.059200e-24 4.946107e-10 1.466929e+01 -9.305737e+00
4.662401e+14 1.068282e-24 4.980758e-10 1.466861e+01 -9.302705e+00
4.655161e+14 1.082719e-24 5.040234e-10 1.466793e+01 -9.297549e+00
4.647944e+14 1.081723e-24 5.027787e-10 1.466726e+01 -9.298623e+00
4.640749e+14 1.084593e-24 5.033326e-10 1.466659e+01 -9.298145e+00
4.633577e+14 1.089417e-24 5.047896e-10 1.466592e+01 -9.296890e+00
4.626426e+14 1.091809e-24 5.051172e-10 1.466525e+01 -9.296608e+00
4.619297e+14 1.077517e-24 4.977371e-10 1.466458e+01 -9.303000e+00
4.612191e+14 1.084777e-24 5.003200e-10 1.466391e+01 -9.300752e+00
4.605106e+14 1.111815e-24 5.120028e-10 1.466324e+01 -9.290728e+00
4.598043e+14 1.115234e-24 5.127893e-10 1.466257e+01 -9.290061e+00
4.591002e+14 1.125115e-24 5.165405e-10 1.466191e+01 -9.286896e+00
4.583982e+14 1.119595e-24 5.132202e-10 1.466124e+01 -9.289696e+00
4.576983e+14 1.100031e-24 5.034824e-10 1.466058e+01 -9.298016e+00
4.570006e+14 1.061784e-24 4.852357e-10 1.465992e+01 -9.314047e+00
4.563050e+14 1.082120e-24 4.937767e-10 1.465926e+01 -9.306469e+00
4.556116e+14 1.099539e-24 5.009626e-10 1.465859e+01 -9.300195e+00
4.549202e+14 1.098330e-24 4.996527e-10 1.465794e+01 -9.301332e+00
4.542309e+14 1.120442e-24 5.089393e-10 1.465728e+01 -9.293334e+00
4.535437e+14 1.128420e-24 5.117880e-10 1.465662e+01 -9.290910e+00
4.528586e+14 1.119074e-24 5.067824e-10 1.465596e+01 -9.295179e+00
4.521756e+14 1.102487e-24 4.985176e-10 1.465531e+01 -9.302319e+00
4.514946e+14 1.125333e-24 5.080815e-10 1.465465e+01 -9.294067e+00
4.508156e+14 1.109664e-24 5.002537e-10 1.465400e+01 -9.300810e+00
4.501387e+14 1.107836e-24 4.986800e-10 1.465335e+01 -9.302178e+00
4.494639e+14 1.106501e-24 4.973323e-10 1.465269e+01 -9.303353e+00
4.487910e+14 1.100985e-24 4.941120e-10 1.465204e+01 -9.306175e+00
4.481202e+14 1.115754e-24 4.999918e-10 1.465139e+01 -9.301037e+00
4.474513e+14 1.108633e-24 4.960593e-10 1.465075e+01 -9.304466e+00
4.467845e+14 1.110896e-24 4.963310e-10 1.465010e+01 -9.304229e+00
4.461196e+14 1.104740e-24 4.928463e-10 1.464945e+01 -9.307288e+00
4.454568e+14 1.117000e-24 4.975754e-10 1.464881e+01 -9.303141e+00
4.447958e+14 1.119264e-24 4.978439e-10 1.464816e+01 -9.302907e+00
4.441369e+14 1.123118e-24 4.988183e-10 1.464752e+01 -9.302058e+00
4.434799e+14 1.123255e-24 4.981408e-10 1.464687e+01 -9.302648e+00
4.428248e+14 1.145268e-24 5.071529e-10 1.464623e+01 -9.294861e+00
4.421717e+14 1.141156e-24 5.045871e-10 1.464559e+01 -9.297064e+00
4.415205e+14 1.132172e-24 4.998772e-10 1.464495e+01 -9.301137e+00
4.408712e+14 1.140357e-24 5.027508e-10 1.464431e+01 -9.298647e+00
4.402238e+14 1.152358e-24 5.072954e-10 1.464367e+01 -9.294739e+00
4.395783e+14 1.167665e-24 5.132803e-10 1.464304e+01 -9.289645e+00
4.389347e+14 1.164571e-24 5.111706e-10 1.464240e+01 -9.291434e+00
4.382930e+14 1.188149e-24 5.207575e-10 1.464176e+01 -9.283364e+00
4.376531e+14 1.172494e-24 5.131459e-10 1.464113e+01 -9.289759e+00
4.370152e+14 1.144124e-24 4.999994e-10 1.464050e+01 -9.301030e+00
4.363790e+14 1.159008e-24 5.057668e-10 1.463986e+01 -9.296050e+00
4.357448e+14 1.162936e-24 5.067433e-10 1.463923e+01 -9.295212e+00
4.351123e+14 1.165213e-24 5.069985e-10 1.463860e+01 -9.294993e+00
4.344817e+14 1.191337e-24 5.176144e-10 1.463797e+01 -9.285994e+00
4.338530e+14 1.174769e-24 5.096769e-10 1.463734e+01 -9.292705e+00
4.332260e+14 1.179845e-24 5.111395e-10 1.463671e+01 -9.291461e+00
4.326009e+14 1.189971e-24 5.147824e-10 1.463609e+01 -9.288376e+00
4.319775e+14 1.196774e-24 5.169795e-10 1.463546e+01 -9.286527e+00
4.313560e+14 1.195161e-24 5.155399e-10 1.463484e+01 -9.287738e+00
4.307362e+14 1.208196e-24 5.204139e-10 1.463421e+01 -9.283651e+00
4.301182e+14 1.203182e-24 5.175103e-10 1.463359e+01 -9.286081e+00
4.295020e+14 1.185069e-24 5.089896e-10 1.463297e+01 -9.293291e+00
4.288876e+14 1.185052e-24 5.082541e-10 1.463234e+01 -9.293919e+00
4.282749e+14 1.209565e-24 5.180265e-10 1.463172e+01 -9.285648e+00
4.276639e+14 1.210162e-24 5.175424e-10 1.463110e+01 -9.286054e+00
4.270547e+14 1.200987e-24 5.128871e-10 1.463048e+01 -9.289978e+00
4.264472e+14 1.237227e-24 5.276120e-10 1.462987e+01 -9.277685e+00
4.258415e+14 1.244791e-24 5.300836e-10 1.462925e+01 -9.275656e+00
4.252374e+14 1.257594e-24 5.347760e-10 1.462863e+01 -9.271828e+00
4.246351e+14 1.207745e-24 5.128507e-10 1.462802e+01 -9.290009e+00
4.240345e+14 1.205928e-24 5.113550e-10 1.462740e+01 -9.291278e+00
4.234356e+14 1.230363e-24 5.209796e-10 1.462679e+01 -9.283179e+00
4.228384e+14 1.194607e-24 5.051256e-10 1.462617e+01 -9.296601e+00
4.222428e+14 1.191519e-24 5.031105e-10 1.462556e+01 -9.298337e+00
4.216489e+14 1.206656e-24 5.087853e-10 1.462495e+01 -9.293465e+00
4.210567e+14 1.205919e-24 5.077602e-10 1.462434e+01 -9.294341e+00
4.204662e+14 1.166669e-24 4.905448e-10 1.462373e+01 -9.309321e+00
4.198773e+14 1.143813e-24 4.802611e-10 1.462312e+01 -9.318523e+00
4.192901e+14 1.166672e-24 4.891741e-10 1.462251e+01 -9.310537e+00
4.187045e+14 1.214729e-24 5.086124e-10 1.462191e+01 -9.293613e+00
4.181205e+14 1.200757e-24 5.020610e-10 1.462130e+01 -9.299244e+00
4.175382e+14 1.198703e-24 5.005044e-10 1.462070e+01 -9.300592e+00
4.169574e+14 1.182171e-24 4.929151e-10 1.462009e+01 -9.307228e+00
4.163783e+14 1.173384e-24 4.885716e-10 1.461949e+01 -9.311072e+00
4.158008e+14 1.172407e-24 4.874876e-10 1.461889e+01 -9.312036e+00
4.152249e+14 1.211489e-24 5.030406e-10 1.461828e+01 -9.298397e+00
4.146506e+14 1.214239e-24 5.034849e-10 1.461768e+01 -9.298014e+00
4.140779e+14 1.223706e-24 5.067097e-10 1.461708e+01 -9.295241e+00
4.135068e+14 1.192799e-24 4.932305e-10 1.461648e+01 -9.306950e+00
4.129372e+14 1.208372e-24 4.989818e-10 1.461588e+01 -9.301915e+00
4.123692e+14 1.230174e-24 5.072860e-10 1.461529e+01 -9.294747e+00
4.118027e+14 1.214422e-24 5.001021e-10 1.461469e+01 -9.300941e+00
4.112379e+14 1.235714e-24 5.081723e-10 1.461409e+01 -9.293989e+00
4.106745e+14 1.238486e-24 5.086145e-10 1.461350e+01 -9.293611e+00
4.101127e+14 1.268026e-24 5.200336e-10 1.461290e+01 -9.283969e+00
4.095525e+14 1.262135e-24 5.169103e-10 1.461231e+01 -9.286585e+00
4.089937e+14 1.282485e-24 5.245283e-10 1.461172e+01 -9.280231e+00
4.084365e+14 1.281593e-24 5.234495e-10 1.461112e+01 -9.281125e+00
4.078808e+14 1.263061e-24 5.151784e-10 1.461053e+01 -9.288042e+00
4.073266e+14 1.270287e-24 5.174216e-10 1.460994e+01 -9.286155e+00
4.067739e+14 1.283232e-24 5.219854e-10 1.460935e+01 -9.282342e+00
4.062228e+14 1.312730e-24 5.332610e-10 1.460876e+01 -9.273060e+00
4.056731e+14 1.306747e-24 5.301122e-10 1.460818e+01 -9.275632e+00
4.051249e+14 1.317941e-24 5.339308e-10 1.460759e+01 -9.272515e+00
4.045781e+14 1.329821e-24 5.380166e-10 1.460700e+01 -9.269204e+00
4.040329e+14 1.374461e-24 5.553273e-10 1.460642e+01 -9.255451e+00
4.034891e+14 1.355016e-24 5.467343e-10 1.460583e+01 -9.262224e+00
4.029468e+14 1.341900e-24 5.407144e-10 1.460525e+01 -9.267032e+00
4.024059e+14 1.356502e-24 5.458643e-10 1.460466e+01 -9.262915e+00
4.018665e+14 1.334862e-24 5.364363e-10 1.460408e+01 -9.270482e+00
4.013285e+14 1.376796e-24 5.525474e-10 1.460350e+01 -9.257630e+00
4.007920e+14 1.396779e-24 5.598178e-10 1.460292e+01 -9.251953e+00
4.002569e+14 1.376989e-24 5.511494e-10 1.460234e+01 -9.258731e+00
3.997232e+14 1.375426e-24 5.497898e-10 1.460176e+01 -9.259803e+00
3.991909e+14 1.414576e-24 5.646859e-10 1.460118e+01 -9.248193e+00
3.986601e+14 1.418346e-24 5.654378e-10 1.460060e+01 -9.247615e+00
3.981307e+14 1.393717e-24 5.548817e-10 1.460003e+01 -9.255800e+00
3.976027e+14 1.434510e-24 5.703649e-10 1.459945e+01 -9.243847e+00
3.970760e+14 1.444958e-24 5.737581e-10 1.459887e+01 -9.241271e+00
3.965508e+14 1.455446e-24 5.771583e-10 1.459830e+01 -9.238705e+00
3.960269e+14 1.434599e-24 5.681399e-10 1.459772e+01 -9.245545e+00
3.955045e+14 1.379491e-24 5.455947e-10 1.459715e+01 -9.263130e+00
3.949834e+14 1.318036e-24 5.206025e-10 1.459658e+01 -9.283494e+00
3.944637e+14 1.243459e-24 4.904994e-10 1.459601e+01 -9.309361e+00
3.939453e+14 1.291260e-24 5.086857e-10 1.459544e+01 -9.293550e+00
3.934283e+14 1.372443e-24 5.399580e-10 1.459487e+01 -9.267640e+00
3.929127e+14 1.331287e-24 5.230796e-10 1.459430e+01 -9.281432e+00
3.923984e+14 1.338859e-24 5.253661e-10 1.459373e+01 -9.279538e+00
3.918855e+14 1.366227e-24 5.354046e-10 1.459316e+01 -9.271318e+00
3.913739e+14 1.330840e-24 5.208560e-10 1.459259e+01 -9.283282e+00
3.908636e+14 1.331576e-24 5.204645e-10 1.459203e+01 -9.283609e+00
3.903547e+14 1.312376e-24 5.122920e-10 1.459146e+01 -9.290482e+00
3.898471e+14 1.313729e-24 5.121533e-10 1.459089e+01 -9.290600e+00
3.893408e+14 1.330962e-24 5.181976e-10 1.459033e+01 -9.285505e+00
3.888358e+14 1.345501e-24 5.231788e-10 1.458977e+01 -9.281350e+00
3.883321e+14 1.360102e-24 5.281712e-10 1.458920e+01 -9.277225e+00
3.878298e+14 1.380334e-24 5.353344e-10 1.458864e+01 -9.271375e+00
3.873287e+14 1.402052e-24 5.430550e-10 1.458808e+01 -9.265156e+00
3.868289e+14 1.372792e-24 5.310356e-10 1.458752e+01 -9.274876e+00
3.863304e+14 1.394576e-24 5.387671e-10 1.458696e+01 -9.268599e+00
3.858332e+14 1.412942e-24 5.451599e-10 1.458640e+01 -9.263476e+00
3.853373e+14 1.379210e-24 5.314610e-10 1.458584e+01 -9.274529e+00
3.848426e+14 1.421639e-24 5.471073e-10 1.458528e+01 -9.261928e+00
3.843492e+14 1.424582e-24 5.475372e-10 1.458473e+01 -9.261586e+00
3.838571e+14 1.428238e-24 5.482392e-10 1.458417e+01 -9.261030e+00
3.833662e+14 1.407676e-24 5.396556e-10 1.458361e+01 -9.267883e+00
3.828766e+14 1.389852e-24 5.321420e-10 1.458306e+01 -9.273972e+00
3.823883e+14 1.379084e-24 5.273456e-10 1.458250e+01 -9.277905e+00
3.819011e+14 1.388347e-24 5.302114e-10 1.458195e+01 -9.275551e+00
3.814153e+14 1.378932e-24 5.259458e-10 1.458140e+01 -9.279059e+00
3.809306e+14 1.424292e-24 5.425563e-10 1.458085e+01 -9.265555e+00
3.804472e+14 1.386682e-24 5.275593e-10 1.458029e+01 -9.277729e+00
3.799650e+14 1.404708e-24 5.337398e-10 1.457974e+01 -9.272670e+00
3.794841e+14 1.345018e-24 5.104131e-10 1.457919e+01 -9.292078e+00
3.790043e+14 1.356443e-24 5.140979e-10 1.457864e+01 -9.288954e+00
3.785258e+14 1.357683e-24 5.139180e-10 1.457810e+01 -9.289106e+00
3.780484e+14 1.400673e-24 5.295220e-10 1.457755e+01 -9.276116e+00
3.775723e+14 1.348392e-24 5.091153e-10 1.457700e+01 -9.293184e+00
3.770974e+14 1.367252e-24 5.155870e-10 1.457645e+01 -9.287698e+00
3.766236e+14 1.406862e-24 5.298573e-10 1.457591e+01 -9.275841e+00
3.761511e+14 1.432598e-24 5.388733e-10 1.457536e+01 -9.268513e+00
3.756797e+14 1.411715e-24 5.303525e-10 1.457482e+01 -9.275435e+00
3.752095e+14 1.398894e-24 5.248782e-10 1.457427e+01 -9.279941e+00
3.747405e+14 1.426255e-24 5.344756e-10 1.457373e+01 -9.272072e+00
3.742727e+14 1.445519e-24 5.410183e-10 1.457319e+01 -9.266788e+00
3.738060e+14 1.437891e-24 5.374924e-10 1.457265e+01 -9.269628e+00
3.733405e+14 1.433217e-24 5.350777e-10 1.457211e+01 -9.271583e+00
3.728761e+14 1.443566e-24 5.382712e-10 1.457156e+01 -9.268999e+00
3.724129e+14 1.404884e-24 5.231970e-10 1.457102e+01 -9.281335e+00
3.719509e+14 1.469676e-24 5.466473e-10 1.457049e+01 -9.262293e+00
3.714900e+14 1.458911e-24 5.419707e-10 1.456995e+01 -9.266024e+00
3.710302e+14 1.455684e-24 5.401026e-10 1.456941e+01 -9.267524e+00
3.705716e+14 1.466913e-24 5.435964e-10 1.456887e+01 -9.264723e+00
3.701141e+14 1.439969e-24 5.329530e-10 1.456834e+01 -9.273311e+00
3.696577e+14 1.464215e-24 5.412582e-10 1.456780e+01 -9.266596e+00
3.692025e+14 1.475509e-24 5.447614e-10 1.456726e+01 -9.263794e+00
3.687483e+14 1.486075e-24 5.479877e-10 1.456673e+01 -9.261229e+00
3.682953e+14 1.523696e-24 5.611701e-10 1.456620e+01 -9.250905e+00
3.678434e+14 1.491848e-24 5.487665e-10 1.456566e+01 -9.260612e+00
3.673926e+14 1.510249e-24 5.548544e-10 1.456513e+01 -9.255821e+00
3.669430e+14 1.491403e-24 5.472599e-10 1.456460e+01 -9.261806e+00
3.664944e+14 1.495836e-24 5.482154e-10 1.456407e+01 -9.261049e+00
3.660469e+14 1.553412e-24 5.686215e-10 1.456354e+01 -9.245177e+00
3.656005e+14 1.544674e-24 5.647337e-10 1.456301e+01 -9.248156e+00
3.651552e+14 1.515465e-24 5.533800e-10 1.456248e+01 -9.256977e+00
3.647109e+14 1.523095e-24 5.554894e-10 1.456195e+01 -9.255324e+00
3.642678e+14 1.511022e-24 5.504167e-10 1.456142e+01 -9.259308e+00
3.638257e+14 1.536052e-24 5.588553e-10 1.456089e+01 -9.252701e+00
3.633847e+14 1.546126e-24 5.618385e-10 1.456037e+01 -9.250388e+00
3.629448e+14 1.549876e-24 5.625195e-10 1.455984e+01 -9.249862e+00
3.625059e+14 1.568769e-24 5.686882e-10 1.455932e+01 -9.245126e+00
3.620681e+14 1.601317e-24 5.797859e-10 1.455879e+01 -9.236732e+00
3.616314e+14 1.509116e-24 5.457438e-10 1.455827e+01 -9.263011e+00
3.611957e+14 1.511957e-24 5.461123e-10 1.455774e+01 -9.262718e+00
3.607610e+14 1.481815e-24 5.345811e-10 1.455722e+01 -9.271986e+00
3.603274e+14 1.482158e-24 5.340621e-10 1.455670e+01 -9.272408e+00
3.598948e+14 1.552007e-24 5.585592e-10 1.455618e+01 -9.252931e+00
3.594633e+14 1.477138e-24 5.309770e-10 1.455565e+01 -9.274924e+00
3.590328e+14 1.526979e-24 5.482357e-10 1.455513e+01 -9.261033e+00
3.586033e+14 1.511913e-24 5.421771e-10 1.455461e+01 -9.265859e+00
3.581749e+14 1.571028e-24 5.627029e-10 1.455410e+01 -9.249721e+00
3.577475e+14 1.501158e-24 5.370356e-10 1.455358e+01 -9.269997e+00
3.573211e+14 1.482602e-24 5.297651e-10 1.455306e+01 -9.275917e+00
3.568957e+14 1.537101e-24 5.485849e-10 1.455254e+01 -9.260756e+00
3.564713e+14 1.549827e-24 5.524688e-10 1.455202e+01 -9.257692e+00
3.560480e+14 1.522956e-24 5.422455e-10 1.455151e+01 -9.265804e+00
3.556256e+14 1.544789e-24 5.493665e-10 1.455099e+01 -9.260138e+00
3.552043e+14 1.540988e-24 5.473654e-10 1.455048e+01 -9.261723e+00
3.547839e+14 1.529669e-24 5.427020e-10 1.454996e+01 -9.265439e+00
3.543645e+14 1.504944e-24 5.332987e-10 1.454945e+01 -9.273029e+00
3.539462e+14 1.494296e-24 5.289004e-10 1.454894e+01 -9.276626e+00
3.535288e+14 1.539712e-24 5.443326e-10 1.454842e+01 -9.264136e+00
3.531124e+14 1.506399e-24 5.319283e-10 1.454791e+01 -9.274147e+00
3.526969e+14 1.430834e-24 5.046506e-10 1.454740e+01 -9.297009e+00
3.522825e+14 1.472166e-24 5.186184e-10 1.454689e+01 -9.285152e+00
3.518690e+14 1.492541e-24 5.251789e-10 1.454638e+01 -9.279693e+00
3.514565e+14 1.507913e-24 5.299659e-10 1.454587e+01 -9.275752e+00
3.510450e+14 1.407799e-24 4.942007e-10 1.454536e+01 -9.306097e+00
3.506344e+14 1.532025e-24 5.371805e-10 1.454485e+01 -9.269880e+00
3.502248e+14 1.539025e-24 5.390046e-10 1.454435e+01 -9.268408e+00
3.498161e+14 1.584546e-24 5.542999e-10 1.454384e+01 -9.256255e+00
3.494084e+14 1.572810e-24 5.495530e-10 1.454333e+01 -9.259990e+00
3.490016e+14 1.599687e-24 5.582934e-10 1.454283e+01 -9.253138e+00
3.485958e+14 1.564642e-24 5.454278e-10 1.454232e+01 -9.263263e+00
3.481909e+14 1.566556e-24 5.454606e-10 1.454182e+01 -9.263237e+00
3.477870e+14 1.605687e-24 5.584369e-10 1.454131e+01 -9.253026e+00
3.473840e+14 1.569504e-24 5.452207e-10 1.454081e+01 -9.263428e+00
3.469819e+14 1.588797e-24 5.512838e-10 1.454031e+01 -9.258625e+00
3.465808e+14 1.574172e-24 5.455780e-10 1.453980e+01 -9.263143e+00
3.461806e+14 1.482586e-24 5.132426e-10 1.453930e+01 -9.289677e+00
3.457813e+14 1.568325e-24 5.422975e-10 1.453880e+01 -9.265762e+00
3.453829e+14 1.604420e-24 5.541392e-10 1.453830e+01 -9.256381e+00
3.449855e+14 1.570291e-24 5.417276e-10 1.453780e+01 -9.266219e+00
3.445890e+14 1.657672e-24 5.712156e-10 1.453730e+01 -9.243200e+00
3.441933e+14 1.673858e-24 5.761308e-10 1.453680e+01 -9.239479e+00
3.437986e+14 1.685676e-24 5.795331e-10 1.453630e+01 -9.236922e+00
3.434048e+14 1.701974e-24 5.844661e-10 1.453581e+01 -9.233241e+00
3.430119e+14 1.704096e-24 5.845251e-10 1.453531e+01 -9.233197e+00
3.426199e+14 1.683916e-24 5.769431e-10 1.453481e+01 -9.238867e+00
3.422288e+14 1.668994e-24 5.711779e-10 1.453432e+01 -9.243229e+00
3.418385e+14 1.679079e-24 5.739739e-10 1.453382e+01 -9.241108e+00
3.414492e+14 1.682910e-24 5.746284e-10 1.453333e+01 -9.240613e+00
3.338445e+14 1.710665e-24 5.710962e-10 1.452354e+01 -9.243291e+00
3.265712e+14 1.782804e-24 5.822124e-10 1.451398e+01 -9.234919e+00
3.196081e+14 1.799834e-24 5.752416e-10 1.450462e+01 -9.240150e+00
3.129357e+14 1.863506e-24 5.831575e-10 1.449546e+01 -9.234214e+00
3.065362e+14 1.904242e-24 5.837191e-10 1.448648e+01 -9.233796e+00
3.003932e+14 1.939991e-24 5.827601e-10 1.447769e+01 -9.234510e+00
2.944916e+14 1.994380e-24 5.873281e-10 1.446907e+01 -9.231119e+00
2.888173e+14 2.025819e-24 5.850916e-10 1.446062e+01 -9.232776e+00
2.833577e+14 2.062909e-24 5.845412e-10 1.445233e+01 -9.233185e+00
2.781006e+14 2.101027e-24 5.842967e-10 1.444420e+01 -9.233367e+00
2.730350e+14 2.098252e-24 5.728961e-10 1.443622e+01 -9.241924e+00
2.681506e+14 2.115688e-24 5.673230e-10 1.442838e+01 -9.246170e+00
2.634380e+14 2.142275e-24 5.643565e-10 1.442068e+01 -9.248446e+00
2.588881e+14 2.160437e-24 5.593114e-10 1.441311e+01 -9.252346e+00
2.544927e+14 2.182361e-24 5.553951e-10 1.440568e+01 -9.255398e+00
2.502441e+14 2.200249e-24 5.505993e-10 1.439836e+01 -9.259164e+00
2.461350e+14 2.236306e-24 5.504331e-10 1.439117e+01 -9.259295e+00
2.421586e+14 2.247861e-24 5.443389e-10 1.438410e+01 -9.264131e+00
2.383087e+14 2.249176e-24 5.359983e-10 1.437714e+01 -9.270837e+00
2.345793e+14 2.269888e-24 5.324689e-10 1.437029e+01 -9.273706e+00
2.309649e+14 2.308124e-24 5.330954e-10 1.436355e+01 -9.273195e+00
2.274601e+14 2.355516e-24 5.357860e-10 1.435691e+01 -9.271009e+00
2.240601e+14 2.377494e-24 5.327015e-10 1.435036e+01 -9.273516e+00
2.207602e+14 2.378206e-24 5.250134e-10 1.434392e+01 -9.279830e+00
2.175562e+14 2.417803e-24 5.260080e-10 1.433757e+01 -9.279008e+00
2.144438e+14 2.411086e-24 5.170423e-10 1.433131e+01 -9.286474e+00
2.114192e+14 2.382186e-24 5.036399e-10 1.432514e+01 -9.297880e+00
2.084787e+14 2.435405e-24 5.077302e-10 1.431906e+01 -9.294367e+00
2.056189e+14 2.462760e-24 5.063902e-10 1.431306e+01 -9.295515e+00
2.028365e+14 2.531553e-24 5.134914e-10 1.430715e+01 -9.289467e+00
2.001284e+14 2.561840e-24 5.126971e-10 1.430131e+01 -9.290139e+00
1.974917e+14 2.673923e-24 5.280775e-10 1.429555e+01 -9.277302e+00
1.949235e+14 2.673476e-24 5.211234e-10 1.428986e+01 -9.283059e+00
1.924213e+14 2.709809e-24 5.214251e-10 1.428425e+01 -9.282808e+00
1.899825e+14 2.771125e-24 5.264653e-10 1.427871e+01 -9.278630e+00
1.876048e+14 2.855796e-24 5.357608e-10 1.427324e+01 -9.271029e+00
1.852858e+14 2.847215e-24 5.275484e-10 1.426784e+01 -9.277738e+00
1.830234e+14 2.817395e-24 5.156493e-10 1.426251e+01 -9.287646e+00
1.808157e+14 2.871244e-24 5.191660e-10 1.425724e+01 -9.284694e+00
1.786605e+14 2.916659e-24 5.210920e-10 1.425203e+01 -9.283086e+00
1.765562e+14 2.881136e-24 5.086824e-10 1.424688e+01 -9.293553e+00
1.745008e+14 2.859322e-24 4.989541e-10 1.424180e+01 -9.301939e+00
1.724928e+14 2.827051e-24 4.876459e-10 1.423677e+01 -9.311895e+00
1.705304e+14 2.790241e-24 4.758209e-10 1.423180e+01 -9.322556e+00
1.686121e+14 2.759812e-24 4.653379e-10 1.422689e+01 -9.332232e+00
1.667366e+14 2.682154e-24 4.472132e-10 1.422203e+01 -9.349485e+00
1.649023e+14 2.698262e-24 4.449497e-10 1.421723e+01 -9.351689e+00
1.631079e+14 2.627694e-24 4.285977e-10 1.421248e+01 -9.367950e+00
1.613522e+14 2.597923e-24 4.191806e-10 1.420777e+01 -9.377599e+00
1.596339e+14 2.569927e-24 4.102474e-10 1.420313e+01 -9.386954e+00
1.579517e+14 2.540185e-24 4.012267e-10 1.419852e+01 -9.396610e+00
1.563047e+14 2.486436e-24 3.886416e-10 1.419397e+01 -9.410451e+00
1.546916e+14 2.434428e-24 3.765857e-10 1.418947e+01 -9.424136e+00
1.531115e+14 2.415709e-24 3.698730e-10 1.418501e+01 -9.431947e+00
1.515634e+14 2.367775e-24 3.588681e-10 1.418059e+01 -9.445065e+00
1.500462e+14 2.335447e-24 3.504251e-10 1.417623e+01 -9.455405e+00
1.485592e+14 2.344959e-24 3.483652e-10 1.417190e+01 -9.457965e+00
1.471013e+14 2.289094e-24 3.367287e-10 1.416762e+01 -9.472720e+00
1.456717e+14 2.273062e-24 3.311209e-10 1.416338e+01 -9.480013e+00
1.442697e+14 2.224396e-24 3.209129e-10 1.415918e+01 -9.493613e+00
1.428944e+14 2.224349e-24 3.178469e-10 1.415502e+01 -9.497782e+00
1.415450e+14 2.199547e-24 3.113349e-10 1.415089e+01 -9.506772e+00
1.402210e+14 2.165668e-24 3.036721e-10 1.414681e+01 -9.517595e+00
1.389214e+14 2.140189e-24 2.973181e-10 1.414277e+01 -9.526779e+00
1.376457e+14 2.113177e-24 2.908699e-10 1.413876e+01 -9.536301e+00
1.363933e+14 2.082940e-24 2.840990e-10 1.413479e+01 -9.546530e+00
1.351634e+14 2.061990e-24 2.787056e-10 1.413086e+01 -9.554854e+00
1.339555e+14 2.024076e-24 2.711361e-10 1.412696e+01 -9.566813e+00
1.327690e+14 2.011710e-24 2.670927e-10 1.412310e+01 -9.573338e+00
1.316033e+14 1.988867e-24 2.617415e-10 1.411927e+01 -9.582127e+00
1.304580e+14 1.819703e-24 2.373948e-10 1.411547e+01 -9.624529e+00
1.293324e+14 1.756373e-24 2.271559e-10 1.411171e+01 -9.643676e+00
1.282260e+14 1.714219e-24 2.198075e-10 1.410798e+01 -9.657957e+00
1.271384e+14 1.618014e-24 2.057118e-10 1.410428e+01 -9.686741e+00
1.260691e+14 1.590901e-24 2.005635e-10 1.410061e+01 -9.697748e+00
1.250177e+14 1.605716e-24 2.007429e-10 1.409697e+01 -9.697360e+00
1.239836e+14 1.502521e-24 1.862879e-10 1.409336e+01 -9.729815e+00
1.229665e+14 1.502552e-24 1.847636e-10 1.408979e+01 -9.733384e+00
1.219660e+14 1.466776e-24 1.788968e-10 1.408624e+01 -9.747397e+00
1.209816e+14 1.462845e-24 1.769773e-10 1.408272e+01 -9.752082e+00
1.200130e+14 1.425492e-24 1.710775e-10 1.407923e+01 -9.766807e+00
1.190597e+14 1.505282e-24 1.792185e-10 1.407576e+01 -9.746617e+00
1.181215e+14 1.464756e-24 1.730192e-10 1.407233e+01 -9.761906e+00
1.171980e+14 1.425427e-24 1.670572e-10 1.406892e+01 -9.777135e+00
1.162888e+14 1.378124e-24 1.602603e-10 1.406554e+01 -9.795174e+00
1.153935e+14 1.423964e-24 1.643163e-10 1.406218e+01 -9.784319e+00
1.145120e+14 1.423616e-24 1.630211e-10 1.405885e+01 -9.787756e+00
1.136438e+14 1.442208e-24 1.638980e-10 1.405555e+01 -9.785426e+00
1.127887e+14 1.387618e-24 1.565076e-10 1.405227e+01 -9.805464e+00
1.119464e+14 1.369312e-24 1.532895e-10 1.404901e+01 -9.814488e+00
1.111165e+14 1.357618e-24 1.508538e-10 1.404578e+01 -9.821444e+00
1.102989e+14 1.338233e-24 1.476056e-10 1.404257e+01 -9.830897e+00
1.094932e+14 1.343153e-24 1.470662e-10 1.403939e+01 -9.832487e+00
1.086992e+14 1.369050e-24 1.488147e-10 1.403623e+01 -9.827354e+00
1.079166e+14 1.329643e-24 1.434906e-10 1.403309e+01 -9.843177e+00
1.071452e+14 1.285017e-24 1.376834e-10 1.402997e+01 -9.861118e+00
1.063848e+14 1.276625e-24 1.358135e-10 1.402688e+01 -9.867057e+00
1.056351e+14 1.247897e-24 1.318217e-10 1.402381e+01 -9.880013e+00
1.048959e+14 1.256984e-24 1.318524e-10 1.402076e+01 -9.879912e+00
1.041669e+14 1.307444e-24 1.361925e-10 1.401773e+01 -9.865847e+00
1.034480e+14 1.270891e-24 1.314712e-10 1.401472e+01 -9.881170e+00
1.027390e+14 1.262703e-24 1.297289e-10 1.401174e+01 -9.886963e+00
1.020396e+14 1.252922e-24 1.278477e-10 1.400877e+01 -9.893307e+00
1.013497e+14 1.211938e-24 1.228296e-10 1.400582e+01 -9.910697e+00
1.006690e+14 1.186024e-24 1.193959e-10 1.400290e+01 -9.923010e+00
9.999746e+13 1.203055e-24 1.203025e-10 1.399999e+01 -9.919725e+00
9.933479e+13 1.192634e-24 1.184700e-10 1.399710e+01 -9.926391e+00
9.868084e+13 1.183764e-24 1.168148e-10 1.399423e+01 -9.932502e+00
9.803545e+13 1.178703e-24 1.155547e-10 1.399138e+01 -9.937212e+00
9.739844e+13 1.106982e-24 1.078183e-10 1.398855e+01 -9.967307e+00
9.676966e+13 1.102743e-24 1.067120e-10 1.398574e+01 -9.971787e+00
9.614894e+13 1.140470e-24 1.096550e-10 1.398294e+01 -9.959971e+00
9.553614e+13 1.121996e-24 1.071912e-10 1.398017e+01 -9.969841e+00
9.493110e+13 1.144012e-24 1.086023e-10 1.397741e+01 -9.964161e+00
9.433367e+13 1.113133e-24 1.050059e-10 1.397467e+01 -9.978786e+00
9.374371e+13 1.107649e-24 1.038351e-10 1.397194e+01 -9.983656e+00
9.316109e+13 1.107311e-24 1.031583e-10 1.396923e+01 -9.986496e+00
9.258567e+13 1.069820e-24 9.904997e-11 1.396654e+01 -1.000415e+01
9.201731e+13 1.064281e-24 9.793227e-11 1.396387e+01 -1.000907e+01
9.145589e+13 1.079015e-24 9.868228e-11 1.396121e+01 -1.000576e+01
9.090127e+13 1.064093e-24 9.672739e-11 1.395857e+01 -1.001445e+01
9.035335e+13 1.016889e-24 9.187932e-11 1.395594e+01 -1.003678e+01
8.981198e+13 1.045540e-24 9.390200e-11 1.395333e+01 -1.002733e+01
8.927707e+13 1.041555e-24 9.298696e-11 1.395074e+01 -1.003158e+01
8.874849e+13 1.034458e-24 9.180658e-11 1.394816e+01 -1.003713e+01
8.822613e+13 1.038673e-24 9.163811e-11 1.394560e+01 -1.003792e+01
8.770989e+13 9.935033e-25 8.714006e-11 1.394305e+01 -1.005978e+01
8.719965e+13 9.913947e-25 8.644927e-11 1.394051e+01 -1.006324e+01
8.669532e+13 9.964157e-25 8.638457e-11 1.393800e+01 -1.006356e+01
8.619678e+13 9.910649e-25 8.542661e-11 1.393549e+01 -1.006841e+01
8.570395e+13 9.687134e-25 8.302256e-11 1.393300e+01 -1.008080e+01
8.521671e+13 9.695859e-25 8.262493e-11 1.393052e+01 -1.008289e+01
8.473499e+13 9.739338e-25 8.252627e-11 1.392806e+01 -1.008341e+01
8.425868e+13 9.619702e-25 8.105434e-11 1.392561e+01 -1.009122e+01
8.378770e+13 9.523836e-25 7.979804e-11 1.392318e+01 -1.009801e+01
8.332196e+13 9.449635e-25 7.873621e-11 1.392076e+01 -1.010383e+01
8.286136e+13 9.324723e-25 7.726592e-11 1.391835e+01 -1.011201e+01
8.240583e+13 9.290880e-25 7.656227e-11 1.391596e+01 -1.011599e+01
8.195528e+13 9.168848e-25 7.514355e-11 1.391358e+01 -1.012411e+01
8.150962e+13 9.146463e-25 7.455248e-11 1.391121e+01 -1.012754e+01
8.106879e+13 8.954673e-25 7.259446e-11 1.390885e+01 -1.013910e+01
8.063271e+13 8.960005e-25 7.224694e-11 1.390651e+01 -1.014118e+01
8.020128e+13 8.897143e-25 7.135623e-11 1.390418e+01 -1.014657e+01
7.977445e+13 8.602695e-25 6.862753e-11 1.390186e+01 -1.016350e+01
7.935214e+13 8.586427e-25 6.813514e-11 1.389956e+01 -1.016663e+01
7.893428e+13 8.615403e-25 6.800506e-11 1.389727e+01 -1.016746e+01
7.852080e+13 8.545054e-25 6.709645e-11 1.389498e+01 -1.017330e+01
7.811162e+13 8.499250e-25 6.638902e-11 1.389272e+01 -1.017790e+01
7.770669e+13 8.350515e-25 6.488909e-11 1.389046e+01 -1.018783e+01
7.730593e+13 8.342714e-25 6.449412e-11 1.388821e+01 -1.019048e+01
7.690929e+13 8.126308e-25 6.249886e-11 1.388598e+01 -1.020413e+01
7.651669e+13 8.166994e-25 6.249113e-11 1.388376e+01 -1.020418e+01
7.612809e+13 8.046444e-25 6.125604e-11 1.388154e+01 -1.021285e+01
7.574341e+13 7.956836e-25 6.026779e-11 1.387934e+01 -1.021991e+01
7.536259e+13 7.930532e-25 5.976654e-11 1.387716e+01 -1.022354e+01
7.498559e+13 7.375522e-25 5.530579e-11 1.387498e+01 -1.025723e+01
7.461234e+13 6.621986e-25 4.940819e-11 1.387281e+01 -1.030620e+01
7.424279e+13 7.048974e-25 5.233355e-11 1.387065e+01 -1.028122e+01
7.387689e+13 6.403431e-25 4.730656e-11 1.386851e+01 -1.032508e+01
7.351457e+13 7.400484e-25 5.440434e-11 1.386637e+01 -1.026437e+01
7.315578e+13 6.837438e-25 5.001982e-11 1.386425e+01 -1.030086e+01
7.280049e+13 6.821370e-25 4.965990e-11 1.386213e+01 -1.030399e+01
7.244862e+13 6.670365e-25 4.832587e-11 1.386003e+01 -1.031582e+01
7.210014e+13 6.193219e-25 4.465320e-11 1.385794e+01 -1.035015e+01
7.175500e+13 6.852817e-25 4.917239e-11 1.385585e+01 -1.030828e+01
7.141315e+13 6.774873e-25 4.838150e-11 1.385378e+01 -1.031532e+01
7.107454e+13 6.530763e-25 4.641709e-11 1.385171e+01 -1.033332e+01
7.073912e+13 6.513334e-25 4.607475e-11 1.384966e+01 -1.033654e+01
7.040686e+13 6.329952e-25 4.456720e-11 1.384761e+01 -1.035098e+01
7.007770e+13 5.963159e-25 4.178844e-11 1.384558e+01 -1.037894e+01
6.975161e+13 5.963094e-25 4.159354e-11 1.384355e+01 -1.038097e+01
6.942853e+13 6.311945e-25 4.382291e-11 1.384154e+01 -1.035830e+01
6.910844e+13 5.822500e-25 4.023839e-11 1.383953e+01 -1.039536e+01
6.879128e+13 6.128533e-25 4.215897e-11 1.383753e+01 -1.037511e+01
6.847702e+13 5.474876e-25 3.749032e-11 1.383554e+01 -1.042608e+01
6.816562e+13 5.619650e-25 3.830669e-11 1.383357e+01 -1.041673e+01
6.785704e+13 5.495794e-25 3.729283e-11 1.383159e+01 -1.042837e+01
6.755124e+13 5.671859e-25 3.831411e-11 1.382963e+01 -1.041664e+01
6.724818e+13 5.422123e-25 3.646279e-11 1.382768e+01 -1.043815e+01
6.694783e+13 5.417155e-25 3.626668e-11 1.382574e+01 -1.044049e+01
6.665016e+13 5.069693e-25 3.378958e-11 1.382380e+01 -1.047122e+01
6.635511e+13 5.129145e-25 3.403450e-11 1.382187e+01 -1.046808e+01
6.606267e+13 4.666067e-25 3.082528e-11 1.381996e+01 -1.051109e+01
6.577280e+13 5.617281e-25 3.694642e-11 1.381805e+01 -1.043243e+01
6.548545e+13 4.846346e-25 3.173652e-11 1.381614e+01 -1.049844e+01
6.520061e+13 5.270527e-25 3.436416e-11 1.381425e+01 -1.046389e+01
6.491823e+13 5.068044e-25 3.290085e-11 1.381237e+01 -1.048279e+01
6.463829e+13 4.926600e-25 3.184470e-11 1.381049e+01 -1.049696e+01
6.436076e+13 4.582465e-25 2.949309e-11 1.380862e+01 -1.053028e+01
6.408559e+13 4.677985e-25 2.997915e-11 1.380676e+01 -1.052318e+01
6.381277e+13 4.962330e-25 3.166601e-11 1.380491e+01 -1.049941e+01
6.354226e+13 4.371956e-25 2.778040e-11 1.380306e+01 -1.055626e+01
6.327404e+13 4.660153e-25 2.948667e-11 1.380123e+01 -1.053037e+01
6.300807e+13 5.124176e-25 3.228644e-11 1.379940e+01 -1.049098e+01
6.274433e+13 4.861506e-25 3.050319e-11 1.379757e+01 -1.051565e+01
6.248278e+13 4.644840e-25 2.902225e-11 1.379576e+01 -1.053727e+01
6.222341e+13 4.721502e-25 2.937880e-11 1.379395e+01 -1.053197e+01
6.196618e+13 4.349054e-25 2.694943e-11 1.379215e+01 -1.056945e+01
6.171107e+13 4.484059e-25 2.767161e-11 1.379036e+01 -1.055797e+01
6.145806e+13 4.365827e-25 2.683152e-11 1.378858e+01 -1.057135e+01
6.120710e+13 4.287116e-25 2.624020e-11 1.378680e+01 -1.058103e+01
6.095819e+13 4.265847e-25 2.600383e-11 1.378503e+01 -1.058496e+01
6.071130e+13 4.567626e-25 2.773065e-11 1.378327e+01 -1.055704e+01
6.046640e+13 4.281112e-25 2.588634e-11 1.378151e+01 -1.058693e+01
6.022346e+13 4.148288e-25 2.498243e-11 1.377977e+01 -1.060237e+01
5.998247e+13 4.423219e-25 2.653156e-11 1.377802e+01 -1.057624e+01
5.974340e+13 4.391223e-25 2.623466e-11 1.377629e+01 -1.058112e+01
5.950623e+13 4.228192e-25 2.516038e-11 1.377456e+01 -1.059928e+01
5.927094e+13 4.085991e-25 2.421805e-11 1.377284e+01 -1.061586e+01
5.903750e+13 4.529905e-25 2.674342e-11 1.377113e+01 -1.057278e+01
5.880588e+13 3.954078e-25 2.325230e-11 1.376942e+01 -1.063353e+01
5.857608e+13 3.948546e-25 2.312904e-11 1.376772e+01 -1.063584e+01
5.834807e+13 3.973316e-25 2.318353e-11 1.376603e+01 -1.063482e+01
5.812183e+13 3.926826e-25 2.282343e-11 1.376434e+01 -1.064162e+01
5.789733e+13 3.926103e-25 2.273109e-11 1.376266e+01 -1.064338e+01
5.767457e+13 3.632292e-25 2.094908e-11 1.376098e+01 -1.067883e+01
5.745351e+13 3.679328e-25 2.113903e-11 1.375932e+01 -1.067491e+01
5.723414e+13 3.560562e-25 2.037857e-11 1.375766e+01 -1.069083e+01
5.701643e+13 4.128873e-25 2.354136e-11 1.375600e+01 -1.062817e+01
5.680038e+13 3.767674e-25 2.140053e-11 1.375435e+01 -1.066958e+01
5.658596e+13 3.299267e-25 1.866922e-11 1.375271e+01 -1.072887e+01
5.637315e+13 3.983138e-25 2.245420e-11 1.375107e+01 -1.064870e+01
5.616193e+13 3.847184e-25 2.160653e-11 1.374944e+01 -1.066542e+01
5.595230e+13 3.528257e-25 1.974141e-11 1.374782e+01 -1.070462e+01
5.574422e+13 3.598448e-25 2.005926e-11 1.374620e+01 -1.069768e+01
5.553768e+13 3.761039e-25 2.088794e-11 1.374459e+01 -1.068010e+01
5.533267e+13 3.645336e-25 2.017062e-11 1.374298e+01 -1.069528e+01
5.512917e+13 3.575840e-25 1.971331e-11 1.374138e+01 -1.070524e+01
5.492715e+13 3.858995e-25 2.119636e-11 1.373979e+01 -1.067374e+01
5.472662e+13 3.702051e-25 2.026007e-11 1.373820e+01 -1.069336e+01
5.452754e+13 3.926329e-25 2.140930e-11 1.373662e+01 -1.066940e+01
5.432990e+13 3.813065e-25 2.071634e-11 1.373504e+01 -1.068369e+01
5.413369e+13 3.597806e-25 1.947625e-11 1.373347e+01 -1.071049e+01
5.393890e+13 3.534952e-25 1.906714e-11 1.373190e+01 -1.071971e+01
5.374550e+13 3.381384e-25 1.817342e-11 1.373034e+01 -1.074056e+01
5.355348e+13 3.763802e-25 2.015647e-11 1.372879e+01 -1.069559e+01
5.336283e+13 3.507633e-25 1.871773e-11 1.372724e+01 -1.072775e+01
5.317354e+13 3.589678e-25 1.908759e-11 1.372570e+01 -1.071925e+01
5.298558e+13 3.355258e-25 1.777803e-11 1.372416e+01 -1.075012e+01
5.279894e+13 3.474791e-25 1.834653e-11 1.372263e+01 -1.073645e+01
5.261362e+13 3.672918e-25 1.932455e-11 1.372110e+01 -1.071389e+01
5.242959e+13 3.395945e-25 1.780480e-11 1.371958e+01 -1.074946e+01
5.224685e+13 3.449660e-25 1.802339e-11 1.371806e+01 -1.074416e+01
5.206537e+13 3.335866e-25 1.736831e-11 1.371655e+01 -1.076024e+01
5.188515e+13 3.448142e-25 1.789074e-11 1.371504e+01 -1.074737e+01
5.170617e+13 3.208106e-25 1.658789e-11 1.371354e+01 -1.078021e+01
5.152843e+13 3.139189e-25 1.617575e-11 1.371205e+01 -1.079114e+01
5.135190e+13 3.555066e-25 1.825594e-11 1.371056e+01 -1.073860e+01
5.117658e+13 3.310826e-25 1.694367e-11 1.370907e+01 -1.077099e+01
5.100245e+13 3.164826e-25 1.614139e-11 1.370759e+01 -1.079206e+01
5.082950e+13 3.136554e-25 1.594295e-11 1.370612e+01 -1.079743e+01
5.065772e+13 3.017513e-25 1.528603e-11 1.370465e+01 -1.081571e+01
5.048710e+13 3.438840e-25 1.736170e-11 1.370318e+01 -1.076041e+01
5.031762e+13 3.330542e-25 1.675850e-11 1.370172e+01 -1.077576e+01
5.014928e+13 3.265932e-25 1.637841e-11 1.370026e+01 -1.078573e+01
4.998206e+13 3.146166e-25 1.572519e-11 1.369881e+01 -1.080340e+01
4.981595e+13 3.184481e-25 1.586379e-11 1.369737e+01 -1.079959e+01
4.965094e+13 3.021784e-25 1.500344e-11 1.369593e+01 -1.082381e+01
4.948703e+13 3.328277e-25 1.647065e-11 1.369449e+01 -1.078329e+01
4.932419e+13 3.263359e-25 1.609625e-11 1.369306e+01 -1.079328e+01
4.916241e+13 3.289202e-25 1.617051e-11 1.369163e+01 -1.079128e+01
4.900170e+13 3.248896e-25 1.592014e-11 1.369021e+01 -1.079805e+01
4.884203e+13 3.128411e-25 1.527980e-11 1.368879e+01 -1.081588e+01
4.868340e+13 2.936347e-25 1.429514e-11 1.368738e+01 -1.084481e+01
4.852580e+13 3.158202e-25 1.532543e-11 1.368597e+01 -1.081459e+01
4.836922e+13 3.142435e-25 1.519971e-11 1.368457e+01 -1.081816e+01
4.821364e+13 3.131670e-25 1.509892e-11 1.368317e+01 -1.082105e+01
4.805906e+13 3.195819e-25 1.535881e-11 1.368178e+01 -1.081364e+01
4.790547e+13 3.169354e-25 1.518294e-11 1.368039e+01 -1.081864e+01
4.775285e+13 3.080828e-25 1.471183e-11 1.367900e+01 -1.083233e+01
4.760121e+13 2.933682e-25 1.396468e-11 1.367762e+01 -1.085497e+01
4.745052e+13 3.019770e-25 1.432897e-11 1.367624e+01 -1.084379e+01
4.730079e+13 3.088990e-25 1.461117e-11 1.367487e+01 -1.083532e+01
4.715200e+13 2.971950e-25 1.401334e-11 1.367350e+01 -1.085346e+01
4.700414e+13 2.907748e-25 1.366762e-11 1.367214e+01 -1.086431e+01
4.685721e+13 2.966545e-25 1.390040e-11 1.367078e+01 -1.085697e+01
4.671119e+13 3.001916e-25 1.402231e-11 1.366942e+01 -1.085318e+01
4.656608e+13 3.014377e-25 1.403677e-11 1.366807e+01 -1.085273e+01
4.642186e+13 2.834424e-25 1.315793e-11 1.366672e+01 -1.088081e+01
4.627854e+13 2.958090e-25 1.368961e-11 1.366538e+01 -1.086361e+01
4.613610e+13 2.945395e-25 1.358890e-11 1.366404e+01 -1.086682e+01
4.599454e+13 2.934849e-25 1.349870e-11 1.366271e+01 -1.086971e+01
4.585384e+13 2.880683e-25 1.320904e-11 1.366138e+01 -1.087913e+01
4.571400e+13 2.773584e-25 1.267916e-11 1.366005e+01 -1.089691e+01
4.557501e+13 2.722981e-25 1.240999e-11 1.365873e+01 -1.090623e+01
4.543686e+13 2.811578e-25 1.277493e-11 1.365741e+01 -1.089364e+01
4.529955e+13 2.797016e-25 1.267035e-11 1.365609e+01 -1.089721e+01
4.516306e+13 2.799574e-25 1.264373e-11 1.365478e+01 -1.089812e+01
4.502740e+13 2.832994e-25 1.275624e-11 1.365348e+01 -1.089428e+01
4.489254e+13 2.816791e-25 1.264529e-11 1.365217e+01 -1.089807e+01
4.475850e+13 2.781949e-25 1.245158e-11 1.365088e+01 -1.090478e+01
4.462525e+13 2.799113e-25 1.249111e-11 1.364958e+01 -1.090340e+01
4.449279e+13 2.738586e-25 1.218473e-11 1.364829e+01 -1.091418e+01
4.436111e+13 2.775617e-25 1.231295e-11 1.364700e+01 -1.090964e+01
4.423022e+13 2.677540e-25 1.184282e-11 1.364572e+01 -1.092654e+01
4.410009e+13 2.661064e-25 1.173531e-11 1.364444e+01 -1.093051e+01
4.397072e+13 2.685951e-25 1.181032e-11 1.364316e+01 -1.092774e+01
4.384212e+13 2.541589e-25 1.114286e-11 1.364189e+01 -1.095300e+01
4.371426e+13 2.513194e-25 1.098624e-11 1.364062e+01 -1.095915e+01
4.358715e+13 2.493706e-25 1.086935e-11 1.363936e+01 -1.096380e+01
4.346077e+13 2.661218e-25 1.156586e-11 1.363810e+01 -1.093682e+01
4.333513e+13 2.417423e-25 1.047593e-11 1.363684e+01 -1.097981e+01
4.321020e+13 2.582824e-25 1.116044e-11 1.363559e+01 -1.095232e+01
4.308600e+13 2.626500e-25 1.131654e-11 1.363434e+01 -1.094629e+01
4.296251e+13 2.435147e-25 1.046200e-11 1.363309e+01 -1.098039e+01
4.283973e+13 2.455401e-25 1.051887e-11 1.363185e+01 -1.097803e+01
4.271764e+13 2.431014e-25 1.038472e-11 1.363061e+01 -1.098361e+01
4.259625e+13 2.578185e-25 1.098210e-11 1.362937e+01 -1.095931e+01
4.247555e+13 2.394390e-25 1.017030e-11 1.362814e+01 -1.099267e+01
4.235552e+13 2.325106e-25 9.848109e-12 1.362691e+01 -1.100665e+01
4.223618e+13 2.348242e-25 9.918078e-12 1.362568e+01 -1.100357e+01
4.211750e+13 2.395727e-25 1.009021e-11 1.362446e+01 -1.099610e+01
4.199950e+13 2.376564e-25 9.981449e-12 1.362324e+01 -1.100081e+01
4.188215e+13 2.419147e-25 1.013191e-11 1.362203e+01 -1.099431e+01
4.176545e+13 2.481903e-25 1.036578e-11 1.362082e+01 -1.098440e+01
4.164940e+13 2.471610e-25 1.029411e-11 1.361961e+01 -1.098741e+01
4.153400e+13 2.295396e-25 9.533697e-12 1.361840e+01 -1.102074e+01
4.141923e+13 2.388693e-25 9.893782e-12 1.361720e+01 -1.100464e+01
4.130510e+13 2.366319e-25 9.774104e-12 1.361600e+01 -1.100992e+01
4.119159e+13 2.223262e-25 9.157971e-12 1.361481e+01 -1.103820e+01
4.107871e+13 2.318639e-25 9.524670e-12 1.361362e+01 -1.102115e+01
4.096644e+13 2.194116e-25 8.988511e-12 1.361243e+01 -1.104631e+01
4.085478e+13 2.268225e-25 9.266785e-12 1.361124e+01 -1.103307e+01
4.074373e+13 2.273038e-25 9.261206e-12 1.361006e+01 -1.103333e+01
4.063329e+13 2.281607e-25 9.270919e-12 1.360888e+01 -1.103288e+01
4.052344e+13 2.266578e-25 9.184952e-12 1.360771e+01 -1.103692e+01
4.041418e+13 2.280772e-25 9.217555e-12 1.360653e+01 -1.103538e+01
4.030551e+13 2.260863e-25 9.112525e-12 1.360536e+01 -1.104036e+01
4.019743e+13 2.259431e-25 9.082330e-12 1.360420e+01 -1.104180e+01
4.008992e+13 2.274171e-25 9.117133e-12 1.360304e+01 -1.104014e+01
3.998298e+13 2.222824e-25 8.887513e-12 1.360188e+01 -1.105122e+01
3.987662e+13 2.124741e-25 8.472747e-12 1.360072e+01 -1.107198e+01
3.977081e+13 2.177101e-25 8.658506e-12 1.359956e+01 -1.106256e+01
3.966557e+13 2.228596e-25 8.839852e-12 1.359841e+01 -1.105356e+01
3.956089e+13 2.166149e-25 8.569479e-12 1.359727e+01 -1.106705e+01
3.945675e+13 2.135902e-25 8.427577e-12 1.359612e+01 -1.107430e+01
3.935316e+13 2.141753e-25 8.428477e-12 1.359498e+01 -1.107425e+01
3.925012e+13 2.160490e-25 8.479947e-12 1.359384e+01 -1.107161e+01
3.914761e+13 2.093937e-25 8.197262e-12 1.359271e+01 -1.108633e+01
3.904564e+13 2.137852e-25 8.347380e-12 1.359157e+01 -1.107845e+01
3.894419e+13 2.088945e-25 8.135229e-12 1.359044e+01 -1.108963e+01
3.884328e+13 2.112998e-25 8.207578e-12 1.358932e+01 -1.108578e+01
3.874288e+13 2.101643e-25 8.142370e-12 1.358819e+01 -1.108925e+01
3.864300e+13 2.004546e-25 7.746168e-12 1.358707e+01 -1.111091e+01
3.854364e+13 2.045199e-25 7.882942e-12 1.358595e+01 -1.110331e+01
3.844478e+13 2.081232e-25 8.001253e-12 1.358484e+01 -1.109684e+01
3.834643e+13 1.990103e-25 7.631334e-12 1.358372e+01 -1.111740e+01
3.824858e+13 1.983122e-25 7.585160e-12 1.358262e+01 -1.112004e+01
3.815123e+13 2.015554e-25 7.689589e-12 1.358151e+01 -1.111410e+01
3.805438e+13 2.014982e-25 7.667891e-12 1.358040e+01 -1.111532e+01
3.795801e+13 2.006333e-25 7.615642e-12 1.357930e+01 -1.111829e+01
3.786214e+13 1.963191e-25 7.433061e-12 1.357821e+01 -1.112883e+01
3.776674e+13 1.962845e-25 7.413025e-12 1.357711e+01 -1.113000e+01
3.767183e+13 1.918892e-25 7.228817e-12 1.357602e+01 -1.114093e+01
3.757739e+13 1.921135e-25 7.219122e-12 1.357493e+01 -1.114152e+01
3.748342e+13 1.927053e-25 7.223254e-12 1.357384e+01 -1.114127e+01
3.738992e+13 1.902252e-25 7.112507e-12 1.357275e+01 -1.114798e+01
3.729689e+13 1.906486e-25 7.110598e-12 1.357167e+01 -1.114809e+01
3.720432e+13 1.953049e-25 7.266185e-12 1.357059e+01 -1.113869e+01
3.711221e+13 1.886739e-25 7.002104e-12 1.356952e+01 -1.115477e+01
3.702055e+13 1.928942e-25 7.141051e-12 1.356844e+01 -1.114624e+01
3.692934e+13 1.870923e-25 6.909196e-12 1.356737e+01 -1.116057e+01
3.683858e+13 1.893269e-25 6.974534e-12 1.356630e+01 -1.115648e+01
3.674827e+13 1.896384e-25 6.968882e-12 1.356524e+01 -1.115684e+01
3.665840e+13 1.810642e-25 6.637525e-12 1.356417e+01 -1.117799e+01
3.656897e+13 1.851609e-25 6.771143e-12 1.356311e+01 -1.116934e+01
3.647997e+13 1.829971e-25 6.675731e-12 1.356205e+01 -1.117550e+01
3.639141e+13 1.834937e-25 6.677592e-12 1.356100e+01 -1.117538e+01
3.630327e+13 1.858951e-25 6.748600e-12 1.355995e+01 -1.117079e+01
3.621556e+13 1.780156e-25 6.446934e-12 1.355890e+01 -1.119065e+01
3.612827e+13 1.834490e-25 6.627696e-12 1.355785e+01 -1.117864e+01
3.604140e+13 1.776445e-25 6.402557e-12 1.355680e+01 -1.119365e+01
3.595495e+13 1.794717e-25 6.452895e-12 1.355576e+01 -1.119025e+01
3.586892e+13 1.787061e-25 6.409995e-12 1.355472e+01 -1.119314e+01
3.578329e+13 1.749016e-25 6.258555e-12 1.355368e+01 -1.120353e+01
3.569807e+13 1.744231e-25 6.226569e-12 1.355264e+01 -1.120575e+01
3.561326e+13 1.743468e-25 6.209059e-12 1.355161e+01 -1.120697e+01
3.552885e+13 1.767522e-25 6.279802e-12 1.355058e+01 -1.120205e+01
3.544483e+13 1.755910e-25 6.223794e-12 1.354955e+01 -1.120594e+01
3.536122e+13 1.688865e-25 5.972034e-12 1.354853e+01 -1.122388e+01
3.527799e+13 1.774240e-25 6.259163e-12 1.354750e+01 -1.120348e+01
3.519516e+13 1.715828e-25 6.038883e-12 1.354648e+01 -1.121904e+01
3.511272e+13 1.716252e-25 6.026226e-12 1.354546e+01 -1.121995e+01
3.503066e+13 1.719182e-25 6.022410e-12 1.354445e+01 -1.122023e+01
3.494899e+13 1.681796e-25 5.877708e-12 1.354343e+01 -1.123079e+01
3.486769e+13 1.650033e-25 5.753285e-12 1.354242e+01 -1.124008e+01
3.478677e+13 1.681079e-25 5.847931e-12 1.354141e+01 -1.123300e+01
3.470623e+13 1.658468e-25 5.755917e-12 1.354041e+01 -1.123989e+01
3.462606e+13 1.695847e-25 5.872050e-12 1.353940e+01 -1.123121e+01
3.454625e+13 1.654563e-25 5.715896e-12 1.353840e+01 -1.124292e+01
3.446682e+13 1.598742e-25 5.510356e-12 1.353740e+01 -1.125882e+01
3.438775e+13 1.680476e-25 5.778778e-12 1.353640e+01 -1.123816e+01
3.430904e+13 1.629491e-25 5.590626e-12 1.353541e+01 -1.125254e+01
3.423069e+13 1.653936e-25 5.661537e-12 1.353442e+01 -1.124707e+01
3.415270e+13 1.613027e-25 5.508922e-12 1.353343e+01 -1.125893e+01
3.407506e+13 1.650142e-25 5.622870e-12 1.353244e+01 -1.125004e+01
3.399778e+13 1.606927e-25 5.463195e-12 1.353145e+01 -1.126255e+01
3.392084e+13 1.565088e-25 5.308910e-12 1.353047e+01 -1.127499e+01
3.384425e+13 1.542016e-25 5.218837e-12 1.352948e+01 -1.128243e+01
3.376801e+13 1.565514e-25 5.286430e-12 1.352851e+01 -1.127684e+01
3.369211e+13 1.628838e-25 5.487898e-12 1.352753e+01 -1.126059e+01
3.361655e+13 1.624124e-25 5.459745e-12 1.352655e+01 -1.126283e+01
3.354133e+13 1.573717e-25 5.278456e-12 1.352558e+01 -1.127749e+01
3.346644e+13 1.563941e-25 5.233955e-12 1.352461e+01 -1.128117e+01
3.339189e+13 1.539946e-25 5.142170e-12 1.352364e+01 -1.128885e+01
3.331767e+13 1.586428e-25 5.285608e-12 1.352267e+01 -1.127691e+01
3.324378e+13 1.511066e-25 5.023355e-12 1.352171e+01 -1.129901e+01
3.317021e+13 1.551082e-25 5.144971e-12 1.352075e+01 -1.128862e+01
3.309698e+13 1.547440e-25 5.121558e-12 1.351979e+01 -1.129060e+01
3.302406e+13 1.545641e-25 5.104333e-12 1.351883e+01 -1.129206e+01
3.295146e+13 1.512924e-25 4.985306e-12 1.351787e+01 -1.130231e+01
3.287918e+13 1.539922e-25 5.063137e-12 1.351692e+01 -1.129558e+01
3.280722e+13 1.504856e-25 4.937015e-12 1.351597e+01 -1.130654e+01
3.273558e+13 1.499726e-25 4.909440e-12 1.351502e+01 -1.130897e+01
3.266424e+13 1.513153e-25 4.942599e-12 1.351407e+01 -1.130604e+01
3.259322e+13 1.523697e-25 4.966219e-12 1.351313e+01 -1.130397e+01
3.252250e+13 1.488756e-25 4.841807e-12 1.351218e+01 -1.131499e+01
3.245209e+13 1.511130e-25 4.903933e-12 1.351124e+01 -1.130946e+01
3.238198e+13 1.452779e-25 4.704388e-12 1.351030e+01 -1.132750e+01
3.231218e+13 1.473102e-25 4.759914e-12 1.350937e+01 -1.132240e+01
3.224268e+13 1.466367e-25 4.727961e-12 1.350843e+01 -1.132533e+01
3.217347e+13 1.504038e-25 4.839011e-12 1.350750e+01 -1.131524e+01
3.210456e+13 1.484090e-25 4.764607e-12 1.350657e+01 -1.132197e+01
3.203595e+13 1.438426e-25 4.608134e-12 1.350564e+01 -1.133647e+01
3.196763e+13 1.469170e-25 4.696587e-12 1.350471e+01 -1.132822e+01
3.189960e+13 1.460009e-25 4.657371e-12 1.350379e+01 -1.133186e+01
3.183185e+13 1.482763e-25 4.719908e-12 1.350286e+01 -1.132607e+01
3.176440e+13 1.467276e-25 4.660713e-12 1.350194e+01 -1.133155e+01
3.169723e+13 1.423481e-25 4.512040e-12 1.350102e+01 -1.134563e+01
3.163034e+13 1.412764e-25 4.468620e-12 1.350010e+01 -1.134983e+01
3.156374e+13 1.432394e-25 4.521171e-12 1.349919e+01 -1.134475e+01
3.149742e+13 1.439488e-25 4.534016e-12 1.349827e+01 -1.134352e+01
3.143137e+13 1.446604e-25 4.546874e-12 1.349736e+01 -1.134229e+01
3.136560e+13 1.413300e-25 4.432901e-12 1.349645e+01 -1.135331e+01
3.130010e+13 1.409603e-25 4.412072e-12 1.349555e+01 -1.135536e+01
3.123488e+13 1.417642e-25 4.427989e-12 1.349464e+01 -1.135379e+01
3.116993e+13 1.393383e-25 4.343164e-12 1.349374e+01 -1.136219e+01
3.110525e+13 1.403512e-25 4.365659e-12 1.349283e+01 -1.135995e+01
3.104084e+13 1.401737e-25 4.351108e-12 1.349193e+01 -1.136140e+01
3.097669e+13 1.401001e-25 4.339839e-12 1.349104e+01 -1.136253e+01
3.091281e+13 1.394746e-25 4.311551e-12 1.349014e+01 -1.136537e+01
3.091281e+12 6.987882e-27 2.160151e-13 1.200000e+01 -2.000000e+01
3.091281e+11 6.987882e-27 2.160151e-13 1.100000e+01 -2.000000e+01
3.091281e+10 6.987882e-27 2.160151e-13 1.000000e+01 -2.000000e+01
3.091281e+09 6.987882e-27 2.160151e-13 9.000000e+00 -2.000000e+01
3.091281e+08 6.987882e-27 2.160151e-13 8.000000e+00 -2.000000e+01
3.091281e+07 6.987882e-27 2.160151e-13 7.000000e+00 -2.000000e+01