1.362693e+16 2.053467e-30 2.798244e-14 1.613440e+01 -1.355311e+01
1.303445e+16 2.529096e-29 3.296538e-13 1.611509e+01 -1.248194e+01
1.249135e+16 2.572628e-29 3.213559e-13 1.609661e+01 -1.249301e+01
1.199170e+16 2.625476e-29 3.148391e-13 1.607888e+01 -1.250191e+01
1.153048e+16 2.722378e-29 3.139032e-13 1.606185e+01 -1.250320e+01
1.110342e+16 2.857689e-29 3.173013e-13 1.604546e+01 -1.249853e+01
1.070687e+16 2.878754e-29 3.082245e-13 1.602966e+01 -1.251113e+01
1.033767e+16 3.022411e-29 3.124468e-13 1.601442e+01 -1.250522e+01
9.993080e+15 2.994353e-29 2.992281e-13 1.599970e+01 -1.252400e+01
9.670723e+15 3.085354e-29 2.983760e-13 1.598546e+01 -1.252524e+01
9.368512e+15 3.127771e-29 2.930256e-13 1.597167e+01 -1.253309e+01
9.084618e+15 3.170272e-29 2.880071e-13 1.595831e+01 -1.254060e+01
8.817424e+15 3.155240e-29 2.782109e-13 1.594534e+01 -1.255563e+01
8.565497e+15 3.243679e-29 2.778372e-13 1.593275e+01 -1.255621e+01
8.327567e+15 3.806100e-29 3.169555e-13 1.592052e+01 -1.249900e+01
8.102497e+15 4.366558e-29 3.538002e-13 1.590862e+01 -1.245124e+01
7.889274e+15 4.218879e-29 3.328389e-13 1.589704e+01 -1.247777e+01
7.686985e+15 4.509406e-29 3.466373e-13 1.588576e+01 -1.246012e+01
7.494810e+15 5.407170e-29 4.052571e-13 1.587476e+01 -1.239227e+01
7.312010e+15 5.855193e-29 4.281323e-13 1.586404e+01 -1.236842e+01
7.137914e+15 5.729196e-29 4.089451e-13 1.585357e+01 -1.238833e+01
6.971916e+15 5.673552e-29 3.955553e-13 1.584335e+01 -1.240279e+01
6.813464e+15 6.195357e-29 4.221184e-13 1.583337e+01 -1.237457e+01
6.662053e+15 6.454215e-29 4.299833e-13 1.582361e+01 -1.236655e+01
6.517226e+15 6.197025e-29 4.038742e-13 1.581406e+01 -1.239375e+01
6.378562e+15 6.356163e-29 4.054318e-13 1.580472e+01 -1.239208e+01
6.245675e+15 6.793240e-29 4.242837e-13 1.579558e+01 -1.237234e+01
6.118212e+15 6.572981e-29 4.021489e-13 1.578662e+01 -1.239561e+01
5.995848e+15 7.245906e-29 4.344535e-13 1.577785e+01 -1.236206e+01
5.878282e+15 9.138481e-29 5.371857e-13 1.576925e+01 -1.226988e+01
5.765238e+15 1.024061e-28 5.903958e-13 1.576082e+01 -1.222886e+01
5.656460e+15 9.695846e-29 5.484417e-13 1.575254e+01 -1.226087e+01
5.551711e+15 8.950978e-29 4.969324e-13 1.574443e+01 -1.230370e+01
5.450771e+15 9.155180e-29 4.990279e-13 1.573646e+01 -1.230188e+01
5.353436e+15 1.097068e-28 5.873085e-13 1.572863e+01 -1.223113e+01
5.259516e+15 1.201321e-28 6.318365e-13 1.572095e+01 -1.219940e+01
5.168834e+15 1.211316e-28 6.261090e-13 1.571339e+01 -1.220335e+01
5.081227e+15 1.223437e-28 6.216562e-13 1.570597e+01 -1.220645e+01
4.996540e+15 1.128125e-28 5.636720e-13 1.569867e+01 -1.224897e+01
4.914630e+15 1.145236e-28 5.628408e-13 1.569149e+01 -1.224961e+01
4.835361e+15 1.315194e-28 6.359436e-13 1.568443e+01 -1.219658e+01
4.758610e+15 1.325133e-28 6.305793e-13 1.567748e+01 -1.220026e+01
4.684256e+15 1.398550e-28 6.551168e-13 1.567064e+01 -1.218368e+01
4.612191e+15 1.382550e-28 6.376584e-13 1.566391e+01 -1.219541e+01
4.542309e+15 1.369598e-28 6.221137e-13 1.565728e+01 -1.220613e+01
4.474513e+15 1.496655e-28 6.696801e-13 1.565075e+01 -1.217413e+01
4.408712e+15 1.455478e-28 6.416781e-13 1.564431e+01 -1.219268e+01
4.344817e+15 1.469205e-28 6.383429e-13 1.563797e+01 -1.219495e+01
4.282749e+15 1.459013e-28 6.248587e-13 1.563172e+01 -1.220422e+01
4.222428e+15 1.482793e-28 6.260985e-13 1.562556e+01 -1.220336e+01
4.163783e+15 1.660130e-28 6.912421e-13 1.561949e+01 -1.216037e+01
4.106745e+15 1.689183e-28 6.937043e-13 1.561350e+01 -1.215883e+01
4.051249e+15 1.690486e-28 6.848580e-13 1.560759e+01 -1.216440e+01
3.997232e+15 1.681441e-28 6.721108e-13 1.560176e+01 -1.217256e+01
3.944637e+15 1.635741e-28 6.452403e-13 1.559601e+01 -1.219028e+01
3.893408e+15 1.652824e-28 6.435116e-13 1.559033e+01 -1.219144e+01
3.843492e+15 1.688945e-28 6.491448e-13 1.558473e+01 -1.218766e+01
3.794841e+15 1.700540e-28 6.453276e-13 1.557919e+01 -1.219022e+01
3.747405e+15 1.769958e-28 6.632750e-13 1.557373e+01 -1.217831e+01
3.701141e+15 1.804548e-28 6.678885e-13 1.556834e+01 -1.217530e+01
3.656005e+15 1.839980e-28 6.726975e-13 1.556301e+01 -1.217218e+01
3.611957e+15 1.719811e-28 6.211882e-13 1.555774e+01 -1.220678e+01
3.568957e+15 1.717937e-28 6.131243e-13 1.555254e+01 -1.221245e+01
3.526969e+15 1.862609e-28 6.569364e-13 1.554740e+01 -1.218248e+01
3.485958e+15 1.894630e-28 6.604602e-13 1.554232e+01 -1.218015e+01
3.445890e+15 1.942475e-28 6.693553e-13 1.553730e+01 -1.217434e+01
3.406732e+15 1.965735e-28 6.696731e-13 1.553234e+01 -1.217414e+01
3.368454e+15 1.989441e-28 6.701341e-13 1.552743e+01 -1.217384e+01
3.331027e+15 1.993824e-28 6.641481e-13 1.552258e+01 -1.217774e+01
3.294422e+15 1.932262e-28 6.365687e-13 1.551778e+01 -1.219615e+01
3.258613e+15 1.014597e-27 3.306177e-12 1.551303e+01 -1.148067e+01
3.223574e+15 1.800499e-27 5.804041e-12 1.550834e+01 -1.123627e+01
3.189281e+15 2.817298e-27 8.985156e-12 1.550369e+01 -1.104647e+01
3.155709e+15 3.862680e-27 1.218950e-11 1.549910e+01 -1.091401e+01
3.122838e+15 4.699172e-27 1.467475e-11 1.549455e+01 -1.083343e+01
3.090643e+15 3.473506e-27 1.073537e-11 1.549005e+01 -1.096918e+01
3.059106e+15 3.280337e-27 1.003490e-11 1.548559e+01 -1.099849e+01
3.028206e+15 4.656075e-27 1.409955e-11 1.548119e+01 -1.085079e+01
2.997924e+15 5.074464e-27 1.521286e-11 1.547682e+01 -1.081779e+01
2.968242e+15 5.518707e-27 1.638085e-11 1.547250e+01 -1.078566e+01
2.939141e+15 4.217761e-27 1.239659e-11 1.546822e+01 -1.090670e+01
2.910606e+15 3.852242e-27 1.121236e-11 1.546398e+01 -1.095030e+01
2.882619e+15 5.864019e-27 1.690374e-11 1.545979e+01 -1.077202e+01
2.855166e+15 6.972697e-27 1.990820e-11 1.545563e+01 -1.070097e+01
2.828230e+15 6.401942e-27 1.810617e-11 1.545151e+01 -1.074217e+01
2.801798e+15 6.255222e-27 1.752587e-11 1.544744e+01 -1.075632e+01
2.775856e+15 6.253116e-27 1.735775e-11 1.544340e+01 -1.076051e+01
2.750389e+15 6.350073e-27 1.746517e-11 1.543939e+01 -1.075783e+01
2.725385e+15 6.739171e-27 1.836684e-11 1.543543e+01 -1.073597e+01
2.700832e+15 6.573759e-27 1.775462e-11 1.543150e+01 -1.075069e+01
2.676718e+15 6.209049e-27 1.661987e-11 1.542760e+01 -1.077937e+01
2.653030e+15 6.418596e-27 1.702873e-11 1.542374e+01 -1.076882e+01
2.629758e+15 6.720432e-27 1.767311e-11 1.541992e+01 -1.075269e+01
2.606890e+15 6.576944e-27 1.714537e-11 1.541612e+01 -1.076585e+01
2.584417e+15 6.716904e-27 1.735928e-11 1.541236e+01 -1.076047e+01
2.562328e+15 5.839725e-27 1.496329e-11 1.540863e+01 -1.082497e+01
2.540614e+15 5.693423e-27 1.446479e-11 1.540494e+01 -1.083969e+01
2.519264e+15 5.930553e-27 1.494063e-11 1.540127e+01 -1.082563e+01
2.498270e+15 4.935231e-27 1.232954e-11 1.539764e+01 -1.090905e+01
2.477623e+15 3.750579e-27 9.292521e-12 1.539404e+01 -1.103187e+01
2.457315e+15 3.318669e-27 8.155014e-12 1.539046e+01 -1.108858e+01
2.437337e+15 4.598187e-27 1.120733e-11 1.538692e+01 -1.095050e+01
2.417681e+15 7.422761e-27 1.794586e-11 1.538340e+01 -1.074604e+01
2.398339e+15 7.998019e-27 1.918196e-11 1.537991e+01 -1.071711e+01
2.379305e+15 7.135192e-27 1.697680e-11 1.537645e+01 -1.077014e+01
2.360570e+15 8.024895e-27 1.894333e-11 1.537302e+01 -1.072254e+01
2.342128e+15 8.140317e-27 1.906567e-11 1.536961e+01 -1.071975e+01
2.323972e+15 8.196279e-27 1.904792e-11 1.536623e+01 -1.072015e+01
2.306095e+15 6.926038e-27 1.597210e-11 1.536288e+01 -1.079664e+01
2.288492e+15 7.614754e-27 1.742630e-11 1.535955e+01 -1.075879e+01
2.271155e+15 8.088696e-27 1.837068e-11 1.535625e+01 -1.073587e+01
2.254078e+15 7.401878e-27 1.668441e-11 1.535297e+01 -1.077769e+01
2.237257e+15 7.327437e-27 1.639336e-11 1.534972e+01 -1.078533e+01
2.220684e+15 7.917029e-27 1.758122e-11 1.534649e+01 -1.075495e+01
2.204356e+15 7.390508e-27 1.629131e-11 1.534328e+01 -1.078804e+01
2.188266e+15 7.060111e-27 1.544940e-11 1.534010e+01 -1.081109e+01
2.172409e+15 6.881804e-27 1.495009e-11 1.533694e+01 -1.082536e+01
2.156780e+15 5.892527e-27 1.270888e-11 1.533381e+01 -1.089589e+01
2.141374e+15 6.674016e-27 1.429157e-11 1.533069e+01 -1.084492e+01
2.126187e+15 7.098573e-27 1.509289e-11 1.532760e+01 -1.082123e+01
2.111214e+15 6.826131e-27 1.441142e-11 1.532453e+01 -1.084129e+01
2.096450e+15 6.879733e-27 1.442302e-11 1.532148e+01 -1.084094e+01
2.081892e+15 7.133305e-27 1.485077e-11 1.531846e+01 -1.082825e+01
2.067534e+15 7.066171e-27 1.460955e-11 1.531545e+01 -1.083536e+01
2.053373e+15 7.034847e-27 1.444516e-11 1.531247e+01 -1.084028e+01
2.039404e+15 7.390827e-27 1.507288e-11 1.530950e+01 -1.082180e+01
2.025624e+15 7.555517e-27 1.530464e-11 1.530656e+01 -1.081518e+01
2.012030e+15 7.926936e-27 1.594923e-11 1.530363e+01 -1.079726e+01
1.998616e+15 7.420356e-27 1.483044e-11 1.530073e+01 -1.082885e+01
1.985380e+15 7.495718e-27 1.488185e-11 1.529784e+01 -1.082734e+01
1.972318e+15 7.528041e-27 1.484769e-11 1.529498e+01 -1.082834e+01
1.959427e+15 6.075757e-27 1.190500e-11 1.529213e+01 -1.092427e+01
1.946704e+15 4.931534e-27 9.600236e-12 1.528930e+01 -1.101772e+01
1.934145e+15 7.220802e-27 1.396607e-11 1.528649e+01 -1.085493e+01
1.921746e+15 7.796223e-27 1.498236e-11 1.528370e+01 -1.082442e+01
1.909506e+15 7.330818e-27 1.399824e-11 1.528092e+01 -1.085393e+01
1.897420e+15 7.392512e-27 1.402670e-11 1.527816e+01 -1.085304e+01
1.885487e+15 7.377417e-27 1.391002e-11 1.527542e+01 -1.085667e+01
1.873702e+15 7.026153e-27 1.316492e-11 1.527270e+01 -1.088058e+01
1.862065e+15 6.619034e-27 1.232507e-11 1.526999e+01 -1.090921e+01
1.850570e+15 6.710686e-27 1.241860e-11 1.526731e+01 -1.090593e+01
1.839217e+15 6.741172e-27 1.239848e-11 1.526463e+01 -1.090663e+01
1.828002e+15 6.864872e-27 1.254900e-11 1.526198e+01 -1.090139e+01
1.816924e+15 7.021790e-27 1.275806e-11 1.525934e+01 -1.089422e+01
1.805978e+15 6.609595e-27 1.193679e-11 1.525671e+01 -1.092311e+01
1.795164e+15 6.751198e-27 1.211951e-11 1.525410e+01 -1.091652e+01
1.784479e+15 7.322192e-27 1.306629e-11 1.525151e+01 -1.088385e+01
1.773920e+15 7.180045e-27 1.273682e-11 1.524893e+01 -1.089494e+01
1.763485e+15 7.053168e-27 1.243815e-11 1.524637e+01 -1.090524e+01
1.753172e+15 6.700372e-27 1.174690e-11 1.524382e+01 -1.093008e+01
1.742979e+15 6.554955e-27 1.142515e-11 1.524129e+01 -1.094214e+01
1.732904e+15 7.119513e-27 1.233743e-11 1.523877e+01 -1.090878e+01
1.722945e+15 7.304339e-27 1.258497e-11 1.523627e+01 -1.090015e+01
1.713099e+15 7.302916e-27 1.251062e-11 1.523378e+01 -1.090272e+01
1.703366e+15 7.419092e-27 1.263743e-11 1.523131e+01 -1.089834e+01
1.693742e+15 7.386852e-27 1.251142e-11 1.522885e+01 -1.090269e+01
1.684227e+15 7.422572e-27 1.250130e-11 1.522640e+01 -1.090304e+01
1.674818e+15 6.614121e-27 1.107745e-11 1.522397e+01 -1.095556e+01
1.665513e+15 7.329875e-27 1.220800e-11 1.522155e+01 -1.091336e+01
1.656312e+15 7.190190e-27 1.190920e-11 1.521914e+01 -1.092412e+01
1.647211e+15 7.451220e-27 1.227373e-11 1.521675e+01 -1.091102e+01
1.638210e+15 7.396783e-27 1.211748e-11 1.521437e+01 -1.091659e+01
1.629307e+15 7.126826e-27 1.161178e-11 1.521200e+01 -1.093510e+01
1.620499e+15 6.889529e-27 1.116448e-11 1.520965e+01 -1.095216e+01
1.611787e+15 6.859426e-27 1.105593e-11 1.520731e+01 -1.095640e+01
1.603168e+15 7.137065e-27 1.144191e-11 1.520498e+01 -1.094150e+01
1.594640e+15 7.036555e-27 1.122078e-11 1.520266e+01 -1.094998e+01
1.586203e+15 6.807839e-27 1.079862e-11 1.520036e+01 -1.096663e+01
1.577855e+15 6.800167e-27 1.072968e-11 1.519807e+01 -1.096941e+01
1.569594e+15 6.820938e-27 1.070610e-11 1.519579e+01 -1.097037e+01
1.561419e+15 6.682122e-27 1.043359e-11 1.519352e+01 -1.098157e+01
1.553328e+15 6.738891e-27 1.046771e-11 1.519126e+01 -1.098015e+01
1.545322e+15 7.164038e-27 1.107074e-11 1.518902e+01 -1.095582e+01
1.537397e+15 7.224795e-27 1.110738e-11 1.518679e+01 -1.095439e+01
1.529553e+15 7.111126e-27 1.087684e-11 1.518456e+01 -1.096350e+01
1.521789e+15 7.179353e-27 1.092546e-11 1.518235e+01 -1.096156e+01
1.514103e+15 7.439672e-27 1.126443e-11 1.518016e+01 -1.094829e+01
1.506494e+15 7.408905e-27 1.116147e-11 1.517797e+01 -1.095228e+01
1.498962e+15 7.306483e-27 1.095214e-11 1.517579e+01 -1.096050e+01
1.491504e+15 7.233830e-27 1.078929e-11 1.517362e+01 -1.096701e+01
1.484121e+15 7.538905e-27 1.118865e-11 1.517147e+01 -1.095122e+01
1.476810e+15 7.450512e-27 1.100299e-11 1.516932e+01 -1.095849e+01
1.469571e+15 7.509553e-27 1.103582e-11 1.516719e+01 -1.095720e+01
1.462402e+15 7.397322e-27 1.081786e-11 1.516507e+01 -1.096586e+01
1.455303e+15 6.950597e-27 1.011522e-11 1.516295e+01 -1.099502e+01
1.448272e+15 7.472481e-27 1.082219e-11 1.516085e+01 -1.096568e+01
1.441310e+15 7.827092e-27 1.128126e-11 1.515876e+01 -1.094764e+01
1.434413e+15 7.795674e-27 1.118222e-11 1.515667e+01 -1.095147e+01
1.427583e+15 7.289929e-27 1.040698e-11 1.515460e+01 -1.098268e+01
1.420817e+15 7.810741e-27 1.109763e-11 1.515254e+01 -1.095477e+01
1.414115e+15 7.759295e-27 1.097254e-11 1.515048e+01 -1.095969e+01
1.407476e+15 8.049362e-27 1.132928e-11 1.514844e+01 -1.094580e+01
1.400899e+15 7.474257e-27 1.047068e-11 1.514641e+01 -1.098003e+01
1.394383e+15 7.695051e-27 1.072985e-11 1.514438e+01 -1.096941e+01
1.387928e+15 7.728753e-27 1.072695e-11 1.514237e+01 -1.096952e+01
1.381532e+15 7.246439e-27 1.001119e-11 1.514036e+01 -1.099951e+01
1.375194e+15 7.324453e-27 1.007255e-11 1.513836e+01 -1.099686e+01
1.368915e+15 7.654400e-27 1.047822e-11 1.513638e+01 -1.097971e+01
1.362693e+15 8.130420e-27 1.107926e-11 1.513440e+01 -1.095549e+01
1.356527e+15 7.663982e-27 1.039640e-11 1.513243e+01 -1.098312e+01
1.350416e+15 7.199558e-27 9.722400e-12 1.513047e+01 -1.101223e+01
1.344361e+15 7.339875e-27 9.867439e-12 1.512852e+01 -1.100580e+01
1.338359e+15 7.400006e-27 9.903864e-12 1.512657e+01 -1.100420e+01
1.332411e+15 7.413148e-27 9.877357e-12 1.512464e+01 -1.100536e+01
1.326515e+15 7.616039e-27 1.010279e-11 1.512271e+01 -1.099556e+01
1.320671e+15 7.281399e-27 9.616336e-12 1.512079e+01 -1.101699e+01
1.314879e+15 7.533424e-27 9.905541e-12 1.511889e+01 -1.100412e+01
1.309137e+15 7.660742e-27 1.002896e-11 1.511699e+01 -1.099874e+01
1.303445e+15 7.395018e-27 9.639001e-12 1.511509e+01 -1.101597e+01
1.297803e+15 7.813787e-27 1.014075e-11 1.511321e+01 -1.099393e+01
1.292209e+15 7.737372e-27 9.998299e-12 1.511133e+01 -1.100007e+01
1.286663e+15 7.665082e-27 9.862375e-12 1.510946e+01 -1.100602e+01
1.281164e+15 7.571550e-27 9.700398e-12 1.510760e+01 -1.101321e+01
1.275712e+15 7.469135e-27 9.528467e-12 1.510575e+01 -1.102098e+01
1.270307e+15 7.902666e-27 1.003881e-11 1.510391e+01 -1.099832e+01
1.264947e+15 7.852000e-27 9.932362e-12 1.510207e+01 -1.100295e+01
1.259632e+15 7.641257e-27 9.625171e-12 1.510024e+01 -1.101659e+01
1.254362e+15 7.266425e-27 9.114723e-12 1.509842e+01 -1.104026e+01
1.249135e+15 7.474980e-27 9.337259e-12 1.509661e+01 -1.102978e+01
1.243952e+15 7.307355e-27 9.089997e-12 1.509480e+01 -1.104144e+01
1.238812e+15 7.743351e-27 9.592553e-12 1.509301e+01 -1.101807e+01
1.233714e+15 8.495361e-27 1.048084e-11 1.509121e+01 -1.097960e+01
1.228657e+15 8.156227e-27 1.002121e-11 1.508943e+01 -1.099908e+01
1.223642e+15 8.167278e-27 9.993828e-12 1.508765e+01 -1.100027e+01
1.218668e+15 8.530175e-27 1.039545e-11 1.508589e+01 -1.098316e+01
1.213734e+15 8.109272e-27 9.842503e-12 1.508412e+01 -1.100689e+01
1.208840e+15 7.981617e-27 9.648501e-12 1.508237e+01 -1.101554e+01
1.203986e+15 7.757206e-27 9.339564e-12 1.508062e+01 -1.102967e+01
1.199170e+15 8.285613e-27 9.935855e-12 1.507888e+01 -1.100279e+01
1.194392e+15 8.234602e-27 9.835344e-12 1.507715e+01 -1.100721e+01
1.189652e+15 7.871274e-27 9.364080e-12 1.507542e+01 -1.102853e+01
1.184950e+15 8.105372e-27 9.604462e-12 1.507370e+01 -1.101753e+01
1.180285e+15 8.229698e-27 9.713389e-12 1.507199e+01 -1.101263e+01
1.175656e+15 8.453701e-27 9.938649e-12 1.507028e+01 -1.100267e+01
1.171064e+15 8.749171e-27 1.024584e-11 1.506858e+01 -1.098945e+01
1.166507e+15 9.587086e-27 1.118341e-11 1.506689e+01 -1.095143e+01
1.161986e+15 8.723570e-27 1.013667e-11 1.506520e+01 -1.099410e+01
1.157500e+15 9.096092e-27 1.052872e-11 1.506352e+01 -1.097762e+01
1.153048e+15 8.985343e-27 1.036053e-11 1.506185e+01 -1.098462e+01
1.148630e+15 8.911752e-27 1.023631e-11 1.506018e+01 -1.098986e+01
1.144246e+15 9.539934e-27 1.091603e-11 1.505852e+01 -1.096194e+01
1.139895e+15 9.661243e-27 1.101280e-11 1.505686e+01 -1.095810e+01
1.135577e+15 1.214624e-26 1.379299e-11 1.505522e+01 -1.086034e+01
1.131292e+15 1.225479e-26 1.386375e-11 1.505357e+01 -1.085812e+01
1.127039e+15 1.266892e-26 1.427836e-11 1.505194e+01 -1.084532e+01
1.122818e+15 1.192557e-26 1.339025e-11 1.505031e+01 -1.087321e+01
1.118628e+15 1.226608e-26 1.372119e-11 1.504869e+01 -1.086261e+01
1.114470e+15 1.211333e-26 1.349995e-11 1.504707e+01 -1.086967e+01
1.110342e+15 1.227999e-26 1.363500e-11 1.504546e+01 -1.086534e+01
1.106245e+15 1.264490e-26 1.398836e-11 1.504385e+01 -1.085423e+01
1.102178e+15 1.142835e-26 1.259608e-11 1.504225e+01 -1.089976e+01
1.098141e+15 1.199006e-26 1.316677e-11 1.504066e+01 -1.088052e+01
1.094133e+15 1.098482e-26 1.201886e-11 1.503907e+01 -1.092014e+01
1.090154e+15 1.060704e-26 1.156331e-11 1.503749e+01 -1.093692e+01
1.086204e+15 1.195331e-26 1.298373e-11 1.503591e+01 -1.088660e+01
1.082283e+15 1.271047e-26 1.375632e-11 1.503434e+01 -1.086150e+01
1.078390e+15 1.196512e-26 1.290306e-11 1.503278e+01 -1.088931e+01
1.074525e+15 1.060954e-26 1.140021e-11 1.503122e+01 -1.094309e+01
1.070687e+15 9.086525e-27 9.728826e-12 1.502966e+01 -1.101194e+01
1.066877e+15 1.078059e-26 1.150156e-11 1.502811e+01 -1.093924e+01
1.063094e+15 1.387754e-26 1.475312e-11 1.502657e+01 -1.083112e+01
1.059337e+15 1.360294e-26 1.441010e-11 1.502503e+01 -1.084133e+01
1.055607e+15 1.344555e-26 1.419322e-11 1.502350e+01 -1.084792e+01
1.051903e+15 1.154388e-26 1.214305e-11 1.502198e+01 -1.091567e+01
1.048225e+15 1.316869e-26 1.380375e-11 1.502045e+01 -1.086000e+01
1.044573e+15 1.457551e-26 1.522519e-11 1.501894e+01 -1.081744e+01
1.040946e+15 1.457098e-26 1.516760e-11 1.501743e+01 -1.081908e+01
1.037344e+15 1.533396e-26 1.590659e-11 1.501592e+01 -1.079842e+01
1.033767e+15 1.714496e-26 1.772389e-11 1.501442e+01 -1.075144e+01
1.030214e+15 1.787502e-26 1.841510e-11 1.501293e+01 -1.073483e+01
1.026686e+15 1.743192e-26 1.789711e-11 1.501144e+01 -1.074722e+01
1.023182e+15 1.747151e-26 1.787654e-11 1.500995e+01 -1.074772e+01
1.019702e+15 1.742987e-26 1.777327e-11 1.500847e+01 -1.075023e+01
1.016245e+15 1.759933e-26 1.788524e-11 1.500700e+01 -1.074751e+01
1.012812e+15 1.867828e-26 1.891759e-11 1.500553e+01 -1.072313e+01
1.009402e+15 1.760243e-26 1.776793e-11 1.500406e+01 -1.075036e+01
1.006015e+15 1.811428e-26 1.822323e-11 1.500260e+01 -1.073937e+01
1.002650e+15 1.829854e-26 1.834704e-11 1.500115e+01 -1.073643e+01
9.993080e+14 1.776063e-26 1.774834e-11 1.499970e+01 -1.075084e+01
9.959880e+14 1.824863e-26 1.817542e-11 1.499825e+01 -1.074052e+01
9.926901e+14 1.778573e-26 1.765572e-11 1.499681e+01 -1.075311e+01
9.894139e+14 2.042777e-26 2.021152e-11 1.499538e+01 -1.069440e+01
9.861592e+14 2.107959e-26 2.078783e-11 1.499395e+01 -1.068219e+01
9.829259e+14 2.150026e-26 2.113316e-11 1.499252e+01 -1.067504e+01
9.797137e+14 2.064885e-26 2.022996e-11 1.499110e+01 -1.069401e+01
9.765225e+14 2.154161e-26 2.103586e-11 1.498968e+01 -1.067704e+01
9.733519e+14 2.262151e-26 2.201869e-11 1.498827e+01 -1.065721e+01
9.702019e+14 2.151175e-26 2.087074e-11 1.498686e+01 -1.068046e+01
9.670723e+14 2.132656e-26 2.062432e-11 1.498546e+01 -1.068562e+01
9.639627e+14 2.459670e-26 2.371030e-11 1.498406e+01 -1.062506e+01
9.608731e+14 2.400670e-26 2.306739e-11 1.498267e+01 -1.063700e+01
9.578032e+14 2.470864e-26 2.366602e-11 1.498128e+01 -1.062587e+01
9.547529e+14 2.534918e-26 2.420221e-11 1.497989e+01 -1.061615e+01
9.517219e+14 2.509477e-26 2.388325e-11 1.497851e+01 -1.062191e+01
9.487101e+14 2.375375e-26 2.253543e-11 1.497713e+01 -1.064713e+01
9.457174e+14 2.656167e-26 2.511983e-11 1.497576e+01 -1.059998e+01
9.427434e+14 2.676486e-26 2.523239e-11 1.497439e+01 -1.059804e+01
9.397881e+14 2.526197e-26 2.374090e-11 1.497303e+01 -1.062450e+01
9.368512e+14 2.438278e-26 2.284304e-11 1.497167e+01 -1.064125e+01
9.339327e+14 2.687612e-26 2.510048e-11 1.497032e+01 -1.060032e+01
9.310323e+14 2.636743e-26 2.454893e-11 1.496896e+01 -1.060997e+01
9.281498e+14 2.461118e-26 2.284286e-11 1.496762e+01 -1.064125e+01
9.252852e+14 2.514291e-26 2.326436e-11 1.496628e+01 -1.063331e+01
9.224382e+14 2.908818e-26 2.683205e-11 1.496494e+01 -1.057135e+01
9.196086e+14 3.083978e-26 2.836053e-11 1.496360e+01 -1.054729e+01
9.167963e+14 3.208808e-26 2.941823e-11 1.496227e+01 -1.053138e+01
9.140012e+14 3.131961e-26 2.862616e-11 1.496095e+01 -1.054324e+01
9.112231e+14 3.398231e-26 3.096547e-11 1.495962e+01 -1.050912e+01
9.084618e+14 3.529290e-26 3.206225e-11 1.495831e+01 -1.049401e+01
9.057172e+14 3.252054e-26 2.945441e-11 1.495699e+01 -1.053085e+01
9.029892e+14 3.260177e-26 2.943905e-11 1.495568e+01 -1.053108e+01
9.002775e+14 3.221716e-26 2.900438e-11 1.495438e+01 -1.053754e+01
8.975820e+14 3.341161e-26 2.998966e-11 1.495307e+01 -1.052303e+01
8.949027e+14 3.434409e-26 3.073462e-11 1.495178e+01 -1.051237e+01
8.922393e+14 3.197171e-26 2.852641e-11 1.495048e+01 -1.054475e+01
8.895917e+14 3.089221e-26 2.748146e-11 1.494919e+01 -1.056096e+01
8.869598e+14 3.349801e-26 2.971138e-11 1.494790e+01 -1.052708e+01
8.843434e+14 3.510221e-26 3.104240e-11 1.494662e+01 -1.050804e+01
8.817424e+14 3.629267e-26 3.200079e-11 1.494534e+01 -1.049484e+01
8.791566e+14 3.601882e-26 3.166618e-11 1.494407e+01 -1.049940e+01
8.765860e+14 3.650289e-26 3.199792e-11 1.494279e+01 -1.049488e+01
8.740303e+14 3.703189e-26 3.236700e-11 1.494153e+01 -1.048990e+01
8.714895e+14 3.279546e-26 2.858090e-11 1.494026e+01 -1.054392e+01
8.689635e+14 3.422045e-26 2.973632e-11 1.493900e+01 -1.052671e+01
8.664520e+14 3.698521e-26 3.204591e-11 1.493774e+01 -1.049423e+01
8.639550e+14 3.513735e-26 3.035709e-11 1.493649e+01 -1.051774e+01
8.614724e+14 3.514265e-26 3.027443e-11 1.493524e+01 -1.051892e+01
8.590040e+14 3.552937e-26 3.051987e-11 1.493400e+01 -1.051542e+01
8.565497e+14 3.927235e-26 3.363872e-11 1.493275e+01 -1.047316e+01
8.541094e+14 4.063090e-26 3.470323e-11 1.493151e+01 -1.045963e+01
8.516830e+14 3.823575e-26 3.256474e-11 1.493028e+01 -1.048725e+01
8.492703e+14 3.971621e-26 3.372980e-11 1.492905e+01 -1.047199e+01
8.468712e+14 4.500724e-26 3.811534e-11 1.492782e+01 -1.041890e+01
8.444856e+14 4.414611e-26 3.728076e-11 1.492659e+01 -1.042852e+01
8.421135e+14 3.990694e-26 3.360617e-11 1.492537e+01 -1.047358e+01
8.397546e+14 3.561796e-26 2.991035e-11 1.492415e+01 -1.052418e+01
8.374089e+14 3.186125e-26 2.668090e-11 1.492294e+01 -1.057380e+01
8.350763e+14 3.646857e-26 3.045404e-11 1.492173e+01 -1.051636e+01
8.327567e+14 4.198637e-26 3.496443e-11 1.492052e+01 -1.045637e+01
8.304499e+14 4.009453e-26 3.329650e-11 1.491931e+01 -1.047760e+01
8.281558e+14 4.311061e-26 3.570230e-11 1.491811e+01 -1.044730e+01
8.258744e+14 4.531395e-26 3.742363e-11 1.491691e+01 -1.042685e+01
8.236055e+14 4.578005e-26 3.770470e-11 1.491572e+01 -1.042360e+01
8.213490e+14 5.011366e-26 4.116081e-11 1.491453e+01 -1.038552e+01
8.191049e+14 5.767618e-26 4.724284e-11 1.491334e+01 -1.032566e+01
8.168730e+14 5.549700e-26 4.533400e-11 1.491215e+01 -1.034358e+01
8.146533e+14 5.172963e-26 4.214171e-11 1.491097e+01 -1.037529e+01
8.124455e+14 5.356562e-26 4.351915e-11 1.490979e+01 -1.036132e+01
8.102497e+14 5.565846e-26 4.509726e-11 1.490862e+01 -1.034585e+01
8.080658e+14 5.177477e-26 4.183742e-11 1.490745e+01 -1.037844e+01
8.058935e+14 4.947492e-26 3.987152e-11 1.490628e+01 -1.039934e+01
8.037330e+14 4.295027e-26 3.452055e-11 1.490511e+01 -1.046192e+01
8.015840e+14 4.036190e-26 3.235345e-11 1.490395e+01 -1.049008e+01
7.994464e+14 4.449330e-26 3.557001e-11 1.490279e+01 -1.044892e+01
7.973202e+14 4.924353e-26 3.926287e-11 1.490163e+01 -1.040602e+01
7.952053e+14 5.660883e-26 4.501564e-11 1.490048e+01 -1.034664e+01
7.931016e+14 6.376731e-26 5.057395e-11 1.489933e+01 -1.029607e+01
7.910090e+14 5.614011e-26 4.440733e-11 1.489818e+01 -1.035255e+01
7.889274e+14 5.519195e-26 4.354244e-11 1.489704e+01 -1.036109e+01
7.868567e+14 5.384252e-26 4.236634e-11 1.489590e+01 -1.037298e+01
7.847969e+14 4.509894e-26 3.539350e-11 1.489476e+01 -1.045108e+01
7.827478e+14 3.822662e-26 2.992180e-11 1.489362e+01 -1.052401e+01
7.807094e+14 4.294423e-26 3.352696e-11 1.489249e+01 -1.047461e+01
7.786816e+14 4.950528e-26 3.854885e-11 1.489136e+01 -1.041399e+01
7.766642e+14 4.929414e-26 3.828500e-11 1.489023e+01 -1.041697e+01
7.746574e+14 4.965456e-26 3.846527e-11 1.488911e+01 -1.041493e+01
7.726608e+14 4.926262e-26 3.806330e-11 1.488799e+01 -1.041949e+01
7.706746e+14 5.577480e-26 4.298422e-11 1.488687e+01 -1.036669e+01
7.686985e+14 6.221031e-26 4.782097e-11 1.488576e+01 -1.032038e+01
7.667325e+14 6.789046e-26 5.205382e-11 1.488464e+01 -1.028355e+01
7.647765e+14 6.197286e-26 4.739539e-11 1.488353e+01 -1.032426e+01
7.628305e+14 4.566454e-26 3.483430e-11 1.488243e+01 -1.045799e+01
7.608944e+14 4.983954e-26 3.792263e-11 1.488132e+01 -1.042110e+01
7.589681e+14 6.821425e-26 5.177244e-11 1.488022e+01 -1.028590e+01
7.570515e+14 5.818381e-26 4.404814e-11 1.487913e+01 -1.035607e+01
7.551446e+14 5.175811e-26 3.908486e-11 1.487803e+01 -1.040799e+01
7.532472e+14 7.992022e-26 6.019968e-11 1.487694e+01 -1.022041e+01
7.513594e+14 9.853442e-26 7.403476e-11 1.487585e+01 -1.013056e+01
7.494810e+14 1.059813e-25 7.943096e-11 1.487476e+01 -1.010001e+01
7.476120e+14 1.119817e-25 8.371885e-11 1.487368e+01 -1.007718e+01
7.457522e+14 1.151200e-25 8.585102e-11 1.487259e+01 -1.006625e+01
7.439017e+14 1.121934e-25 8.346083e-11 1.487152e+01 -1.007852e+01
7.420604e+14 1.091953e-25 8.102950e-11 1.487044e+01 -1.009136e+01
7.402281e+14 1.114753e-25 8.251719e-11 1.486937e+01 -1.008346e+01
7.384049e+14 1.067267e-25 7.880750e-11 1.486829e+01 -1.010343e+01
7.365907e+14 1.078899e-25 7.947067e-11 1.486723e+01 -1.009979e+01
7.347853e+14 1.151885e-25 8.463881e-11 1.486616e+01 -1.007243e+01
7.329888e+14 1.220677e-25 8.947424e-11 1.486510e+01 -1.004830e+01
7.312010e+14 1.122866e-25 8.210404e-11 1.486404e+01 -1.008564e+01
7.294219e+14 1.160819e-25 8.467265e-11 1.486298e+01 -1.007226e+01
7.276515e+14 1.200881e-25 8.738230e-11 1.486192e+01 -1.005858e+01
7.258896e+14 1.183072e-25 8.587798e-11 1.486087e+01 -1.006612e+01
7.241362e+14 1.121321e-25 8.119895e-11 1.485982e+01 -1.009045e+01
7.223913e+14 1.121328e-25 8.100376e-11 1.485877e+01 -1.009149e+01
7.206548e+14 1.177138e-25 8.483103e-11 1.485773e+01 -1.007145e+01
7.189266e+14 1.133783e-25 8.151064e-11 1.485668e+01 -1.008879e+01
7.172067e+14 1.139634e-25 8.173531e-11 1.485564e+01 -1.008759e+01
7.154950e+14 1.184770e-25 8.476967e-11 1.485461e+01 -1.007176e+01
7.137914e+14 1.171526e-25 8.362253e-11 1.485357e+01 -1.007768e+01
7.120960e+14 1.255159e-25 8.937935e-11 1.485254e+01 -1.004876e+01
7.104085e+14 1.172960e-25 8.332805e-11 1.485151e+01 -1.007921e+01
7.087291e+14 1.151845e-25 8.163459e-11 1.485048e+01 -1.008813e+01
7.070575e+14 1.295520e-25 9.160069e-11 1.484945e+01 -1.003810e+01
7.053939e+14 1.280806e-25 9.034730e-11 1.484843e+01 -1.004408e+01
7.037380e+14 1.293606e-25 9.103597e-11 1.484741e+01 -1.004079e+01
7.020899e+14 1.264428e-25 8.877419e-11 1.484639e+01 -1.005171e+01
7.004495e+14 1.268010e-25 8.881767e-11 1.484538e+01 -1.005150e+01
6.988168e+14 1.200833e-25 8.391620e-11 1.484436e+01 -1.007615e+01
6.971916e+14 1.098308e-25 7.657313e-11 1.484335e+01 -1.011592e+01
6.955740e+14 1.226121e-25 8.528581e-11 1.484234e+01 -1.006912e+01
6.939639e+14 1.436831e-25 9.971086e-11 1.484134e+01 -1.000126e+01
6.923612e+14 1.443490e-25 9.994167e-11 1.484033e+01 -1.000025e+01
6.907659e+14 1.525866e-25 1.054016e-10 1.483933e+01 -9.977153e+00
6.891779e+14 1.589337e-25 1.095336e-10 1.483833e+01 -9.960453e+00
6.875972e+14 1.677261e-25 1.153280e-10 1.483733e+01 -9.938065e+00
6.860238e+14 1.623563e-25 1.113803e-10 1.483634e+01 -9.953192e+00
6.844575e+14 1.456012e-25 9.965784e-11 1.483535e+01 -1.000149e+01
6.828984e+14 1.487588e-25 1.015872e-10 1.483436e+01 -9.993161e+00
6.813464e+14 1.551884e-25 1.057371e-10 1.483337e+01 -9.975773e+00
6.798014e+14 1.618984e-25 1.100587e-10 1.483238e+01 -9.958375e+00
6.782633e+14 1.755376e-25 1.190607e-10 1.483140e+01 -9.924231e+00
6.767323e+14 1.700230e-25 1.150600e-10 1.483042e+01 -9.939076e+00
6.752081e+14 1.746496e-25 1.179248e-10 1.482944e+01 -9.928395e+00
6.736908e+14 1.774903e-25 1.195736e-10 1.482846e+01 -9.922365e+00
6.721803e+14 1.662160e-25 1.117271e-10 1.482749e+01 -9.951841e+00
6.706765e+14 1.863981e-25 1.250128e-10 1.482651e+01 -9.903045e+00
6.691795e+14 1.978713e-25 1.324114e-10 1.482554e+01 -9.878075e+00
6.676891e+14 1.998124e-25 1.334126e-10 1.482457e+01 -9.874803e+00
6.662053e+14 2.036522e-25 1.356742e-10 1.482361e+01 -9.867503e+00
6.647282e+14 2.100319e-25 1.396141e-10 1.482264e+01 -9.855071e+00
6.632575e+14 1.949468e-25 1.292999e-10 1.482168e+01 -9.888402e+00
6.617934e+14 1.842401e-25 1.219289e-10 1.482072e+01 -9.913893e+00
6.603357e+14 1.989809e-25 1.313942e-10 1.481976e+01 -9.881424e+00
6.588844e+14 2.033313e-25 1.339718e-10 1.481881e+01 -9.872987e+00
6.574395e+14 2.131886e-25 1.401586e-10 1.481786e+01 -9.853380e+00
6.560009e+14 2.097697e-25 1.376091e-10 1.481690e+01 -9.861353e+00
6.545686e+14 2.113974e-25 1.383741e-10 1.481596e+01 -9.858945e+00
6.531425e+14 2.057931e-25 1.344122e-10 1.481501e+01 -9.871561e+00
6.517226e+14 2.115222e-25 1.378538e-10 1.481406e+01 -9.860581e+00
6.503089e+14 2.243264e-25 1.458814e-10 1.481312e+01 -9.836000e+00
6.489013e+14 2.301244e-25 1.493280e-10 1.481218e+01 -9.825859e+00
6.474998e+14 2.242542e-25 1.452046e-10 1.481124e+01 -9.838020e+00
6.461043e+14 2.143390e-25 1.384853e-10 1.481030e+01 -9.858596e+00
6.447148e+14 2.145082e-25 1.382966e-10 1.480937e+01 -9.859188e+00
6.433313e+14 2.203648e-25 1.417676e-10 1.480843e+01 -9.848423e+00
6.419537e+14 2.146806e-25 1.378150e-10 1.480750e+01 -9.860703e+00
6.405821e+14 2.232300e-25 1.429971e-10 1.480657e+01 -9.844673e+00
6.392162e+14 2.240312e-25 1.432044e-10 1.480565e+01 -9.844044e+00
6.378562e+14 2.200982e-25 1.403910e-10 1.480472e+01 -9.852661e+00
6.365019e+14 2.206223e-25 1.404265e-10 1.480380e+01 -9.852551e+00
6.351534e+14 2.327199e-25 1.478128e-10 1.480288e+01 -9.830288e+00
6.338106e+14 2.314396e-25 1.466888e-10 1.480196e+01 -9.833603e+00
6.324734e+14 2.409779e-25 1.524121e-10 1.480104e+01 -9.816981e+00
6.311419e+14 2.453338e-25 1.548404e-10 1.480013e+01 -9.810116e+00
6.298160e+14 2.352821e-25 1.481844e-10 1.479921e+01 -9.829197e+00
6.284956e+14 2.351850e-25 1.478127e-10 1.479830e+01 -9.830288e+00
6.271808e+14 2.434918e-25 1.527134e-10 1.479739e+01 -9.816123e+00
6.258714e+14 2.467568e-25 1.544380e-10 1.479649e+01 -9.811246e+00
6.245675e+14 2.532636e-25 1.581802e-10 1.479558e+01 -9.800848e+00
6.232690e+14 2.489295e-25 1.551501e-10 1.479468e+01 -9.809248e+00
6.219759e+14 2.536193e-25 1.577451e-10 1.479377e+01 -9.802044e+00
6.206882e+14 2.542651e-25 1.578194e-10 1.479287e+01 -9.801840e+00
6.194058e+14 2.501341e-25 1.549345e-10 1.479198e+01 -9.809852e+00
6.181287e+14 2.406463e-25 1.487504e-10 1.479108e+01 -9.827542e+00
6.168568e+14 2.271666e-25 1.401293e-10 1.479018e+01 -9.853471e+00
6.155901e+14 2.392644e-25 1.472888e-10 1.478929e+01 -9.831830e+00
6.143287e+14 2.424952e-25 1.489717e-10 1.478840e+01 -9.826896e+00
6.130724e+14 2.463871e-25 1.510531e-10 1.478751e+01 -9.820870e+00
6.118212e+14 2.614928e-25 1.599868e-10 1.478662e+01 -9.795916e+00
6.105752e+14 2.540235e-25 1.551004e-10 1.478574e+01 -9.809387e+00
6.093341e+14 2.509986e-25 1.529420e-10 1.478486e+01 -9.815473e+00
6.080982e+14 2.593532e-25 1.577122e-10 1.478397e+01 -9.802135e+00
6.068672e+14 2.661490e-25 1.615171e-10 1.478309e+01 -9.791781e+00
6.056412e+14 2.689117e-25 1.628640e-10 1.478222e+01 -9.788175e+00
6.044202e+14 2.538641e-25 1.534406e-10 1.478134e+01 -9.814060e+00
6.032040e+14 2.576224e-25 1.553989e-10 1.478046e+01 -9.808552e+00
6.019928e+14 2.592380e-25 1.560594e-10 1.477959e+01 -9.806710e+00
6.007864e+14 2.497506e-25 1.500468e-10 1.477872e+01 -9.823773e+00
5.995848e+14 2.489761e-25 1.492823e-10 1.477785e+01 -9.825992e+00
5.983880e+14 2.332477e-25 1.395726e-10 1.477698e+01 -9.855200e+00
5.971960e+14 2.435153e-25 1.454263e-10 1.477612e+01 -9.837357e+00
5.960087e+14 2.570128e-25 1.531819e-10 1.477525e+01 -9.814793e+00
5.948262e+14 2.518808e-25 1.498253e-10 1.477439e+01 -9.824415e+00
5.936483e+14 2.574565e-25 1.528386e-10 1.477353e+01 -9.815767e+00
5.924751e+14 2.752695e-25 1.630903e-10 1.477267e+01 -9.787572e+00
5.913065e+14 2.599489e-25 1.537095e-10 1.477181e+01 -9.813299e+00
5.901425e+14 2.520166e-25 1.487257e-10 1.477096e+01 -9.827614e+00
5.889831e+14 2.559978e-25 1.507784e-10 1.477010e+01 -9.821661e+00
5.878282e+14 2.536110e-25 1.490797e-10 1.476925e+01 -9.826581e+00
5.866779e+14 2.633064e-25 1.544760e-10 1.476840e+01 -9.811139e+00
5.855320e+14 2.612536e-25 1.529723e-10 1.476755e+01 -9.815387e+00
5.843906e+14 2.547640e-25 1.488817e-10 1.476670e+01 -9.827159e+00
5.832537e+14 2.572047e-25 1.500156e-10 1.476586e+01 -9.823864e+00
5.821212e+14 2.500806e-25 1.455772e-10 1.476501e+01 -9.836907e+00
5.809930e+14 2.441979e-25 1.418773e-10 1.476417e+01 -9.848087e+00
5.798692e+14 2.285802e-25 1.325466e-10 1.476333e+01 -9.877631e+00
5.787498e+14 2.267459e-25 1.312291e-10 1.476249e+01 -9.881970e+00
5.776347e+14 2.461043e-25 1.421584e-10 1.476165e+01 -9.847227e+00
5.765238e+14 2.565981e-25 1.479349e-10 1.476082e+01 -9.829929e+00
5.754173e+14 2.596413e-25 1.494021e-10 1.475998e+01 -9.825643e+00
5.743149e+14 2.754311e-25 1.581842e-10 1.475915e+01 -9.800837e+00
5.732168e+14 2.778894e-25 1.592909e-10 1.475832e+01 -9.797809e+00
5.721229e+14 2.944665e-25 1.684710e-10 1.475749e+01 -9.773475e+00
5.710331e+14 2.845140e-25 1.624669e-10 1.475666e+01 -9.789235e+00
5.699475e+14 2.811188e-25 1.602230e-10 1.475583e+01 -9.795275e+00
5.688660e+14 2.598970e-25 1.478466e-10 1.475501e+01 -9.830189e+00
5.677886e+14 2.999536e-25 1.703103e-10 1.475419e+01 -9.768759e+00
5.667153e+14 3.073174e-25 1.741615e-10 1.475336e+01 -9.759048e+00
5.656460e+14 3.164321e-25 1.789886e-10 1.475254e+01 -9.747175e+00
5.645808e+14 3.269886e-25 1.846115e-10 1.475173e+01 -9.733741e+00
5.635195e+14 3.056366e-25 1.722322e-10 1.475091e+01 -9.763886e+00
5.624623e+14 2.930193e-25 1.648123e-10 1.475009e+01 -9.783010e+00
5.614090e+14 3.077396e-25 1.727678e-10 1.474928e+01 -9.762537e+00
5.603596e+14 3.179960e-25 1.781921e-10 1.474847e+01 -9.749111e+00
5.593142e+14 3.331087e-25 1.863124e-10 1.474766e+01 -9.729758e+00
5.582726e+14 3.116438e-25 1.739822e-10 1.474685e+01 -9.759495e+00
5.572349e+14 3.250116e-25 1.811078e-10 1.474604e+01 -9.742063e+00
5.562011e+14 3.182338e-25 1.770020e-10 1.474523e+01 -9.752022e+00
5.551711e+14 3.039935e-25 1.687684e-10 1.474443e+01 -9.772709e+00
5.541449e+14 3.110872e-25 1.723874e-10 1.474362e+01 -9.763494e+00
5.531225e+14 3.266456e-25 1.806750e-10 1.474282e+01 -9.743102e+00
5.521039e+14 3.236273e-25 1.786759e-10 1.474202e+01 -9.747934e+00
5.510890e+14 3.329564e-25 1.834886e-10 1.474122e+01 -9.736391e+00
5.500778e+14 3.261541e-25 1.794101e-10 1.474042e+01 -9.746153e+00
5.490703e+14 3.253378e-25 1.786333e-10 1.473963e+01 -9.748038e+00
5.480665e+14 3.242650e-25 1.777188e-10 1.473883e+01 -9.750267e+00
5.470664e+14 3.202041e-25 1.751729e-10 1.473804e+01 -9.756533e+00
5.460699e+14 3.326797e-25 1.816664e-10 1.473725e+01 -9.740725e+00
5.450771e+14 3.352318e-25 1.827272e-10 1.473646e+01 -9.738197e+00
5.440878e+14 3.260539e-25 1.774019e-10 1.473567e+01 -9.751042e+00
5.431022e+14 3.430697e-25 1.863219e-10 1.473488e+01 -9.729736e+00
5.421201e+14 3.424613e-25 1.856552e-10 1.473410e+01 -9.731293e+00
5.411415e+14 3.519244e-25 1.904409e-10 1.473331e+01 -9.720240e+00
5.401665e+14 3.519401e-25 1.901063e-10 1.473253e+01 -9.721004e+00
5.391950e+14 3.516250e-25 1.895944e-10 1.473175e+01 -9.722174e+00
5.382269e+14 3.424820e-25 1.843330e-10 1.473097e+01 -9.734397e+00
5.372624e+14 3.461431e-25 1.859697e-10 1.473019e+01 -9.730558e+00
5.363013e+14 3.334793e-25 1.788453e-10 1.472941e+01 -9.747522e+00
5.353436e+14 3.372673e-25 1.805539e-10 1.472863e+01 -9.743393e+00
5.343893e+14 3.488852e-25 1.864405e-10 1.472786e+01 -9.729460e+00
5.334384e+14 3.533311e-25 1.884804e-10 1.472708e+01 -9.724734e+00
5.324909e+14 3.495679e-25 1.861417e-10 1.472631e+01 -9.730156e+00
5.315468e+14 3.545534e-25 1.884618e-10 1.472554e+01 -9.724777e+00
5.306060e+14 3.648485e-25 1.935908e-10 1.472477e+01 -9.713115e+00
5.296686e+14 3.587892e-25 1.900393e-10 1.472400e+01 -9.721156e+00
5.287344e+14 3.587473e-25 1.896820e-10 1.472324e+01 -9.721974e+00
5.278035e+14 3.698607e-25 1.952138e-10 1.472247e+01 -9.709489e+00
5.268759e+14 3.759542e-25 1.980812e-10 1.472171e+01 -9.703157e+00
5.259516e+14 3.717887e-25 1.955429e-10 1.472095e+01 -9.708758e+00
5.250305e+14 3.641687e-25 1.911996e-10 1.472018e+01 -9.718513e+00
5.241126e+14 3.768417e-25 1.975075e-10 1.471942e+01 -9.704416e+00
5.231979e+14 3.878373e-25 2.029156e-10 1.471867e+01 -9.692684e+00
5.222864e+14 3.907274e-25 2.040716e-10 1.471791e+01 -9.690217e+00
5.213781e+14 3.913197e-25 2.040255e-10 1.471715e+01 -9.690315e+00
5.204729e+14 3.864980e-25 2.011618e-10 1.471640e+01 -9.696455e+00
5.195709e+14 3.859408e-25 2.005236e-10 1.471564e+01 -9.697835e+00
5.186720e+14 3.814030e-25 1.978230e-10 1.471489e+01 -9.703723e+00
5.177762e+14 3.884257e-25 2.011176e-10 1.471414e+01 -9.696550e+00
5.168834e+14 3.981549e-25 2.057997e-10 1.471339e+01 -9.686555e+00
5.159938e+14 3.944169e-25 2.035167e-10 1.471264e+01 -9.691400e+00
5.151072e+14 4.040622e-25 2.081354e-10 1.471190e+01 -9.681654e+00
5.142237e+14 4.074317e-25 2.095110e-10 1.471115e+01 -9.678793e+00
5.133432e+14 4.028710e-25 2.068111e-10 1.471041e+01 -9.684426e+00
5.124656e+14 4.050492e-25 2.075738e-10 1.470966e+01 -9.682827e+00
5.115911e+14 3.911138e-25 2.000904e-10 1.470892e+01 -9.698774e+00
5.107196e+14 3.833782e-25 1.957987e-10 1.470818e+01 -9.708190e+00
5.098510e+14 3.719177e-25 1.896226e-10 1.470744e+01 -9.722110e+00
5.089854e+14 3.759724e-25 1.913645e-10 1.470671e+01 -9.718139e+00
5.081227e+14 3.708835e-25 1.884544e-10 1.470597e+01 -9.724794e+00
5.072629e+14 3.790183e-25 1.922619e-10 1.470523e+01 -9.716107e+00
5.064061e+14 3.947955e-25 1.999269e-10 1.470450e+01 -9.699129e+00
5.055521e+14 3.937545e-25 1.990634e-10 1.470377e+01 -9.701009e+00
5.047010e+14 4.047839e-25 2.042949e-10 1.470303e+01 -9.689743e+00
5.038528e+14 4.005391e-25 2.018127e-10 1.470230e+01 -9.695051e+00
5.030074e+14 4.063971e-25 2.044207e-10 1.470157e+01 -9.689475e+00
5.021648e+14 4.067655e-25 2.042633e-10 1.470085e+01 -9.689810e+00
5.013251e+14 4.134200e-25 2.072578e-10 1.470012e+01 -9.683489e+00
5.004881e+14 4.130065e-25 2.067049e-10 1.469939e+01 -9.684649e+00
4.996540e+14 4.102767e-25 2.049964e-10 1.469867e+01 -9.688254e+00
4.988226e+14 4.097520e-25 2.043936e-10 1.469795e+01 -9.689533e+00
4.979940e+14 4.198980e-25 2.091067e-10 1.469722e+01 -9.679632e+00
4.971682e+14 4.218024e-25 2.097067e-10 1.469650e+01 -9.678388e+00
4.963450e+14 4.249876e-25 2.109405e-10 1.469578e+01 -9.675840e+00
4.955246e+14 4.306599e-25 2.134026e-10 1.469507e+01 -9.670800e+00
4.947069e+14 4.299457e-25 2.126971e-10 1.469435e+01 -9.672238e+00
4.938919e+14 4.369457e-25 2.158040e-10 1.469363e+01 -9.665941e+00
4.930796e+14 4.366641e-25 2.153101e-10 1.469292e+01 -9.666936e+00
4.922700e+14 4.333491e-25 2.133247e-10 1.469220e+01 -9.670959e+00
4.914630e+14 4.319125e-25 2.122690e-10 1.469149e+01 -9.673113e+00
4.906586e+14 4.357651e-25 2.138119e-10 1.469078e+01 -9.669968e+00
4.898569e+14 4.319132e-25 2.115757e-10 1.469007e+01 -9.674534e+00
4.890577e+14 4.324066e-25 2.114718e-10 1.468936e+01 -9.674748e+00
4.882612e+14 4.316227e-25 2.107446e-10 1.468865e+01 -9.676244e+00
4.874673e+14 4.298133e-25 2.095199e-10 1.468795e+01 -9.678775e+00
4.866760e+14 4.174647e-25 2.031700e-10 1.468724e+01 -9.692140e+00
4.858872e+14 4.142090e-25 2.012589e-10 1.468654e+01 -9.696245e+00
4.851010e+14 4.148409e-25 2.012397e-10 1.468583e+01 -9.696286e+00
4.843173e+14 4.159167e-25 2.014356e-10 1.468513e+01 -9.695864e+00
4.835361e+14 4.252325e-25 2.056153e-10 1.468443e+01 -9.686945e+00
4.827575e+14 4.221578e-25 2.037998e-10 1.468373e+01 -9.690796e+00
4.819814e+14 4.116201e-25 1.983932e-10 1.468303e+01 -9.702473e+00
4.812077e+14 4.108648e-25 1.977113e-10 1.468233e+01 -9.703968e+00
4.804365e+14 4.121849e-25 1.980287e-10 1.468164e+01 -9.703272e+00
4.796678e+14 4.145992e-25 1.988699e-10 1.468094e+01 -9.701431e+00
4.789016e+14 4.118183e-25 1.972205e-10 1.468025e+01 -9.705048e+00
4.781378e+14 4.237142e-25 2.025938e-10 1.467955e+01 -9.693374e+00
4.773764e+14 4.303963e-25 2.054610e-10 1.467886e+01 -9.687271e+00
4.766175e+14 4.349022e-25 2.072820e-10 1.467817e+01 -9.683438e+00
4.758610e+14 4.408635e-25 2.097897e-10 1.467748e+01 -9.678216e+00
4.751068e+14 4.450472e-25 2.114449e-10 1.467679e+01 -9.674803e+00
4.743551e+14 4.446442e-25 2.109192e-10 1.467610e+01 -9.675884e+00
4.736057e+14 4.474528e-25 2.119162e-10 1.467542e+01 -9.673836e+00
4.728587e+14 4.495700e-25 2.125831e-10 1.467473e+01 -9.672471e+00
4.721140e+14 4.541365e-25 2.144042e-10 1.467405e+01 -9.668767e+00
4.713717e+14 4.596675e-25 2.166743e-10 1.467336e+01 -9.664193e+00
4.706317e+14 4.631468e-25 2.179716e-10 1.467268e+01 -9.661600e+00
4.698940e+14 4.706716e-25 2.211658e-10 1.467200e+01 -9.655282e+00
4.691587e+14 4.642997e-25 2.178302e-10 1.467132e+01 -9.661882e+00
4.684256e+14 4.689510e-25 2.196686e-10 1.467064e+01 -9.658232e+00
4.676949e+14 4.717578e-25 2.206387e-10 1.466996e+01 -9.656318e+00
4.669664e+14 4.705421e-25 2.197273e-10 1.466929e+01 -9.658116e+00
4.662401e+14 4.747544e-25 2.213496e-10 1.466861e+01 -9.654921e+00
4.655161e+14 4.813536e-25 2.240779e-10 1.466793e+01 -9.649601e+00
4.647944e+14 4.808141e-25 2.234797e-10 1.466726e+01 -9.650762e+00
4.640749e+14 4.827923e-25 2.240518e-10 1.466659e+01 -9.649652e+00
4.633577e+14 4.856536e-25 2.250313e-10 1.466592e+01 -9.647757e+00
4.626426e+14 4.870582e-25 2.253339e-10 1.466525e+01 -9.647174e+00
4.619297e+14 4.800740e-25 2.217605e-10 1.466458e+01 -9.654116e+00
4.612191e+14 4.835725e-25 2.230329e-10 1.466391e+01 -9.651631e+00
4.605106e+14 4.971573e-25 2.289462e-10 1.466324e+01 -9.640267e+00
4.598043e+14 5.001715e-25 2.299810e-10 1.466257e+01 -9.638308e+00
4.591002e+14 5.066743e-25 2.326142e-10 1.466191e+01 -9.633364e+00
4.583982e+14 5.052377e-25 2.316001e-10 1.466124e+01 -9.635261e+00
4.576983e+14 4.963385e-25 2.271733e-10 1.466058e+01 -9.643643e+00
4.570006e+14 4.801588e-25 2.194328e-10 1.465992e+01 -9.658698e+00
4.563050e+14 4.886133e-25 2.229567e-10 1.465926e+01 -9.651779e+00
4.556116e+14 4.949943e-25 2.255251e-10 1.465859e+01 -9.646805e+00
4.549202e+14 4.932116e-25 2.243719e-10 1.465794e+01 -9.649032e+00
4.542309e+14 5.009004e-25 2.275244e-10 1.465728e+01 -9.642972e+00
4.535437e+14 5.046589e-25 2.288849e-10 1.465662e+01 -9.640383e+00
4.528586e+14 4.992949e-25 2.261100e-10 1.465596e+01 -9.645680e+00
4.521756e+14 4.910240e-25 2.220291e-10 1.465531e+01 -9.653590e+00
4.514946e+14 5.026759e-25 2.269555e-10 1.465465e+01 -9.644059e+00
4.508156e+14 4.950212e-25 2.231633e-10 1.465400e+01 -9.651377e+00
4.501387e+14 4.939276e-25 2.223359e-10 1.465335e+01 -9.652990e+00
4.494639e+14 4.926651e-25 2.214352e-10 1.465269e+01 -9.654753e+00
4.487910e+14 4.894131e-25 2.196442e-10 1.465204e+01 -9.658280e+00
4.481202e+14 4.973446e-25 2.228702e-10 1.465139e+01 -9.651948e+00
4.474513e+14 4.933940e-25 2.207698e-10 1.465075e+01 -9.656060e+00
4.467845e+14 4.943434e-25 2.208650e-10 1.465010e+01 -9.655873e+00
4.461196e+14 4.914516e-25 2.192462e-10 1.464945e+01 -9.659068e+00
4.454568e+14 4.973475e-25 2.215468e-10 1.464881e+01 -9.654535e+00
4.447958e+14 4.976623e-25 2.213581e-10 1.464816e+01 -9.654905e+00
4.441369e+14 4.997771e-25 2.219694e-10 1.464752e+01 -9.653707e+00
4.434799e+14 5.008331e-25 2.221094e-10 1.464687e+01 -9.653433e+00
4.428248e+14 5.114461e-25 2.264810e-10 1.464623e+01 -9.644968e+00
4.421717e+14 5.106019e-25 2.257737e-10 1.464559e+01 -9.646327e+00
4.415205e+14 5.056105e-25 2.232374e-10 1.464495e+01 -9.651233e+00
4.408712e+14 5.071009e-25 2.235662e-10 1.464431e+01 -9.650594e+00
4.402238e+14 5.130235e-25 2.258452e-10 1.464367e+01 -9.646189e+00
4.395783e+14 5.204915e-25 2.287968e-10 1.464304e+01 -9.640550e+00
4.389347e+14 5.183237e-25 2.275103e-10 1.464240e+01 -9.642999e+00
4.382930e+14 5.276364e-25 2.312593e-10 1.464176e+01 -9.635901e+00
4.376531e+14 5.214730e-25 2.282243e-10 1.464113e+01 -9.641638e+00
4.370152e+14 5.084142e-25 2.221847e-10 1.464050e+01 -9.653286e+00
4.363790e+14 5.162754e-25 2.252917e-10 1.463986e+01 -9.647255e+00
4.357448e+14 5.202057e-25 2.266769e-10 1.463923e+01 -9.644593e+00
4.351123e+14 5.208342e-25 2.266214e-10 1.463860e+01 -9.644699e+00
4.344817e+14 5.344380e-25 2.322035e-10 1.463797e+01 -9.634131e+00
4.338530e+14 5.268659e-25 2.285824e-10 1.463734e+01 -9.640957e+00
4.332260e+14 5.286709e-25 2.290340e-10 1.463671e+01 -9.640100e+00
4.326009e+14 5.347316e-25 2.313253e-10 1.463609e+01 -9.635777e+00
4.319775e+14 5.396424e-25 2.331134e-10 1.463546e+01 -9.632433e+00
4.313560e+14 5.390604e-25 2.325269e-10 1.463484e+01 -9.633527e+00
4.307362e+14 5.457481e-25 2.350735e-10 1.463421e+01 -9.628796e+00
4.301182e+14 5.438652e-25 2.339263e-10 1.463359e+01 -9.630921e+00
4.295020e+14 5.351541e-25 2.298497e-10 1.463297e+01 -9.638556e+00
4.288876e+14 5.353225e-25 2.295932e-10 1.463234e+01 -9.639041e+00
4.282749e+14 5.488995e-25 2.350799e-10 1.463172e+01 -9.628785e+00
4.276639e+14 5.499537e-25 2.351954e-10 1.463110e+01 -9.628571e+00
4.270547e+14 5.461275e-25 2.332263e-10 1.463048e+01 -9.632222e+00
4.264472e+14 5.637472e-25 2.404084e-10 1.462987e+01 -9.619050e+00
4.258415e+14 5.656408e-25 2.408733e-10 1.462925e+01 -9.618211e+00
4.252374e+14 5.718230e-25 2.431606e-10 1.462863e+01 -9.614107e+00
4.246351e+14 5.467367e-25 2.321636e-10 1.462802e+01 -9.634206e+00
4.240345e+14 5.454333e-25 2.312826e-10 1.462740e+01 -9.635857e+00
4.234356e+14 5.574883e-25 2.360604e-10 1.462679e+01 -9.626977e+00
4.228384e+14 5.400325e-25 2.283465e-10 1.462617e+01 -9.641406e+00
4.222428e+14 5.382684e-25 2.272800e-10 1.462556e+01 -9.643439e+00
4.216489e+14 5.449680e-25 2.297852e-10 1.462495e+01 -9.638678e+00
4.210567e+14 5.437855e-25 2.289646e-10 1.462434e+01 -9.640232e+00
4.204662e+14 5.245865e-25 2.205709e-10 1.462373e+01 -9.656452e+00
4.198773e+14 5.143002e-25 2.159430e-10 1.462312e+01 -9.665661e+00
4.192901e+14 5.256874e-25 2.204155e-10 1.462251e+01 -9.656758e+00
4.187045e+14 5.481807e-25 2.295257e-10 1.462191e+01 -9.639169e+00
4.181205e+14 5.417479e-25 2.265159e-10 1.462130e+01 -9.644901e+00
4.175382e+14 5.422992e-25 2.264306e-10 1.462070e+01 -9.645065e+00
4.169574e+14 5.344161e-25 2.228288e-10 1.462009e+01 -9.652029e+00
4.163783e+14 5.344543e-25 2.225352e-10 1.461949e+01 -9.652601e+00
4.158008e+14 5.347894e-25 2.223659e-10 1.461889e+01 -9.652932e+00
4.152249e+14 5.507874e-25 2.287007e-10 1.461828e+01 -9.640733e+00
4.146506e+14 5.534712e-25 2.294972e-10 1.461768e+01 -9.639223e+00
4.140779e+14 5.587282e-25 2.313570e-10 1.461708e+01 -9.635717e+00
4.135068e+14 5.441687e-25 2.250174e-10 1.461648e+01 -9.647784e+00
4.129372e+14 5.537758e-25 2.286746e-10 1.461588e+01 -9.640782e+00
4.123692e+14 5.653384e-25 2.331281e-10 1.461529e+01 -9.632405e+00
4.118027e+14 5.582511e-25 2.298893e-10 1.461469e+01 -9.638481e+00
4.112379e+14 5.688865e-25 2.339477e-10 1.461409e+01 -9.630881e+00
4.106745e+14 5.699517e-25 2.340646e-10 1.461350e+01 -9.630664e+00
4.101127e+14 5.848980e-25 2.398741e-10 1.461290e+01 -9.620017e+00
4.095525e+14 5.811312e-25 2.380037e-10 1.461231e+01 -9.623416e+00
4.089937e+14 5.912324e-25 2.418103e-10 1.461172e+01 -9.616525e+00
4.084365e+14 5.909638e-25 2.413712e-10 1.461112e+01 -9.617315e+00
4.078808e+14 5.824430e-25 2.375673e-10 1.461053e+01 -9.624213e+00
4.073266e+14 5.859221e-25 2.386617e-10 1.460994e+01 -9.622217e+00
4.067739e+14 5.924509e-25 2.409936e-10 1.460935e+01 -9.617995e+00
4.062228e+14 6.078278e-25 2.469135e-10 1.460876e+01 -9.607455e+00
4.056731e+14 6.048955e-25 2.453898e-10 1.460818e+01 -9.610143e+00
4.051249e+14 6.104888e-25 2.473242e-10 1.460759e+01 -9.606733e+00
4.045781e+14 6.162336e-25 2.493147e-10 1.460700e+01 -9.603252e+00
4.040329e+14 6.391274e-25 2.582285e-10 1.460642e+01 -9.587996e+00
4.034891e+14 6.294041e-25 2.539577e-10 1.460583e+01 -9.595239e+00
4.029468e+14 6.221362e-25 2.506878e-10 1.460525e+01 -9.600867e+00
4.024059e+14 6.291116e-25 2.531582e-10 1.460466e+01 -9.596608e+00
4.018665e+14 6.189377e-25 2.487303e-10 1.460408e+01 -9.604271e+00
4.013285e+14 6.390594e-25 2.564728e-10 1.460350e+01 -9.590959e+00
4.007920e+14 6.499618e-25 2.604995e-10 1.460292e+01 -9.584193e+00
4.002569e+14 6.396758e-25 2.560346e-10 1.460234e+01 -9.591701e+00
3.997232e+14 6.405987e-25 2.560622e-10 1.460176e+01 -9.591655e+00
3.991909e+14 6.603106e-25 2.635900e-10 1.460118e+01 -9.579071e+00
3.986601e+14 6.594352e-25 2.628905e-10 1.460060e+01 -9.580225e+00
3.981307e+14 6.470548e-25 2.576124e-10 1.460003e+01 -9.589033e+00
3.976027e+14 6.662589e-25 2.649063e-10 1.459945e+01 -9.576908e+00
3.970760e+14 6.713475e-25 2.665760e-10 1.459887e+01 -9.574179e+00
3.965508e+14 6.751245e-25 2.677212e-10 1.459830e+01 -9.572317e+00
3.960269e+14 6.670985e-25 2.641890e-10 1.459772e+01 -9.578085e+00
3.955045e+14 6.364666e-25 2.517254e-10 1.459715e+01 -9.599073e+00
3.949834e+14 6.086187e-25 2.403943e-10 1.459658e+01 -9.619076e+00
3.944637e+14 5.788006e-25 2.283158e-10 1.459601e+01 -9.641464e+00
3.939453e+14 5.981352e-25 2.356326e-10 1.459544e+01 -9.627765e+00
3.934283e+14 6.426605e-25 2.528409e-10 1.459487e+01 -9.597153e+00
3.929127e+14 6.233923e-25 2.449388e-10 1.459430e+01 -9.610942e+00
3.923984e+14 6.258434e-25 2.455800e-10 1.459373e+01 -9.609807e+00
3.918855e+14 6.379136e-25 2.499891e-10 1.459316e+01 -9.602079e+00
3.913739e+14 6.201701e-25 2.427184e-10 1.459259e+01 -9.614897e+00
3.908636e+14 6.223386e-25 2.432495e-10 1.459203e+01 -9.613948e+00
3.903547e+14 6.118006e-25 2.388192e-10 1.459146e+01 -9.621931e+00
3.898471e+14 6.122238e-25 2.386737e-10 1.459089e+01 -9.622196e+00
3.893408e+14 6.169943e-25 2.402210e-10 1.459033e+01 -9.619389e+00
3.888358e+14 6.242070e-25 2.427140e-10 1.458977e+01 -9.614905e+00
3.883321e+14 6.325618e-25 2.456441e-10 1.458920e+01 -9.609694e+00
3.878298e+14 6.419282e-25 2.489589e-10 1.458864e+01 -9.603872e+00
3.873287e+14 6.532210e-25 2.530112e-10 1.458808e+01 -9.596860e+00
3.868289e+14 6.388171e-25 2.471129e-10 1.458752e+01 -9.607105e+00
3.863304e+14 6.487444e-25 2.506297e-10 1.458696e+01 -9.600967e+00
3.858332e+14 6.581538e-25 2.539376e-10 1.458640e+01 -9.595273e+00
3.853373e+14 6.412339e-25 2.470913e-10 1.458584e+01 -9.607142e+00
3.848426e+14 6.616171e-25 2.546184e-10 1.458528e+01 -9.594110e+00
3.843492e+14 6.634585e-25 2.549998e-10 1.458473e+01 -9.593460e+00
3.838571e+14 6.659424e-25 2.556267e-10 1.458417e+01 -9.592394e+00
3.833662e+14 6.561082e-25 2.515297e-10 1.458361e+01 -9.599411e+00
3.828766e+14 6.467885e-25 2.476402e-10 1.458306e+01 -9.606179e+00
3.823883e+14 6.406368e-25 2.449720e-10 1.458250e+01 -9.610884e+00
3.819011e+14 6.461486e-25 2.467649e-10 1.458195e+01 -9.607717e+00
3.814153e+14 6.426861e-25 2.451303e-10 1.458140e+01 -9.610603e+00
3.809306e+14 6.653910e-25 2.534678e-10 1.458085e+01 -9.596077e+00
3.804472e+14 6.484927e-25 2.467172e-10 1.458029e+01 -9.607801e+00
3.799650e+14 6.573191e-25 2.497583e-10 1.457974e+01 -9.602480e+00
3.794841e+14 6.279419e-25 2.382939e-10 1.457919e+01 -9.622887e+00
3.790043e+14 6.341974e-25 2.403636e-10 1.457864e+01 -9.619131e+00
3.785258e+14 6.356558e-25 2.406121e-10 1.457810e+01 -9.618683e+00
3.780484e+14 6.560158e-25 2.480057e-10 1.457755e+01 -9.605538e+00
3.775723e+14 6.302776e-25 2.379753e-10 1.457700e+01 -9.623468e+00
3.770974e+14 6.393761e-25 2.411070e-10 1.457645e+01 -9.617790e+00
3.766236e+14 6.584791e-25 2.479988e-10 1.457591e+01 -9.605550e+00
3.761511e+14 6.721223e-25 2.528195e-10 1.457536e+01 -9.597189e+00
3.756797e+14 6.625341e-25 2.489006e-10 1.457482e+01 -9.603974e+00
3.752095e+14 6.563124e-25 2.462547e-10 1.457427e+01 -9.608616e+00
3.747405e+14 6.693633e-25 2.508375e-10 1.457373e+01 -9.600607e+00
3.742727e+14 6.786615e-25 2.540044e-10 1.457319e+01 -9.595159e+00
3.738060e+14 6.766106e-25 2.529211e-10 1.457265e+01 -9.597015e+00
3.733405e+14 6.736418e-25 2.514977e-10 1.457211e+01 -9.599466e+00
3.728761e+14 6.776551e-25 2.526814e-10 1.457156e+01 -9.597427e+00
3.724129e+14 6.592613e-25 2.455174e-10 1.457102e+01 -9.609918e+00
3.719509e+14 6.904148e-25 2.568004e-10 1.457049e+01 -9.590404e+00
3.714900e+14 6.847700e-25 2.543852e-10 1.456995e+01 -9.594508e+00
3.710302e+14 6.854034e-25 2.543054e-10 1.456941e+01 -9.594644e+00
3.705716e+14 6.906844e-25 2.559480e-10 1.456887e+01 -9.591848e+00
3.701141e+14 6.795525e-25 2.515119e-10 1.456834e+01 -9.599441e+00
3.696577e+14 6.912687e-25 2.555328e-10 1.456780e+01 -9.592553e+00
3.692025e+14 6.952019e-25 2.566703e-10 1.456726e+01 -9.590624e+00
3.687483e+14 7.009962e-25 2.584912e-10 1.456673e+01 -9.587554e+00
3.682953e+14 7.195488e-25 2.650065e-10 1.456620e+01 -9.576744e+00
3.678434e+14 7.037530e-25 2.588709e-10 1.456566e+01 -9.586917e+00
3.673926e+14 7.164957e-25 2.632353e-10 1.456513e+01 -9.579656e+00
3.669430e+14 7.069780e-25 2.594206e-10 1.456460e+01 -9.585996e+00
3.664944e+14 7.110482e-25 2.605952e-10 1.456407e+01 -9.584034e+00
3.660469e+14 7.442779e-25 2.724406e-10 1.456354e+01 -9.564728e+00
3.656005e+14 7.324671e-25 2.677903e-10 1.456301e+01 -9.572205e+00
3.651552e+14 7.168229e-25 2.617516e-10 1.456248e+01 -9.582111e+00
3.647109e+14 7.260479e-25 2.647976e-10 1.456195e+01 -9.577086e+00
3.642678e+14 7.181892e-25 2.616132e-10 1.456142e+01 -9.582340e+00
3.638257e+14 7.321955e-25 2.663915e-10 1.456089e+01 -9.574480e+00
3.633847e+14 7.369867e-25 2.678097e-10 1.456037e+01 -9.572174e+00
3.629448e+14 7.372642e-25 2.675862e-10 1.455984e+01 -9.572536e+00
3.625059e+14 7.450260e-25 2.700763e-10 1.455932e+01 -9.568513e+00
3.620681e+14 7.613645e-25 2.756658e-10 1.455879e+01 -9.559617e+00
3.616314e+14 7.124471e-25 2.576432e-10 1.455827e+01 -9.588981e+00
3.611957e+14 7.192228e-25 2.597802e-10 1.455774e+01 -9.585394e+00
3.607610e+14 7.028566e-25 2.535633e-10 1.455722e+01 -9.595914e+00
3.603274e+14 7.043073e-25 2.537812e-10 1.455670e+01 -9.595541e+00
3.598948e+14 7.443973e-25 2.679048e-10 1.455618e+01 -9.572020e+00
3.594633e+14 7.017014e-25 2.522359e-10 1.455565e+01 -9.598193e+00
3.590328e+14 7.278330e-25 2.613159e-10 1.455513e+01 -9.582834e+00
3.586033e+14 7.196445e-25 2.580669e-10 1.455461e+01 -9.588268e+00
3.581749e+14 7.518900e-25 2.693081e-10 1.455410e+01 -9.569751e+00
3.577475e+14 7.119662e-25 2.547041e-10 1.455358e+01 -9.593964e+00
3.573211e+14 7.005460e-25 2.503199e-10 1.455306e+01 -9.601505e+00
3.568957e+14 7.283559e-25 2.599471e-10 1.455254e+01 -9.585115e+00
3.564713e+14 7.372594e-25 2.628118e-10 1.455202e+01 -9.580355e+00
3.560480e+14 7.253864e-25 2.582724e-10 1.455151e+01 -9.587922e+00
3.556256e+14 7.368792e-25 2.620531e-10 1.455099e+01 -9.581611e+00
3.552043e+14 7.332346e-25 2.604481e-10 1.455048e+01 -9.584279e+00
3.547839e+14 7.264888e-25 2.577465e-10 1.454996e+01 -9.588807e+00
3.543645e+14 7.126180e-25 2.525265e-10 1.454945e+01 -9.597693e+00
3.539462e+14 7.088714e-25 2.509023e-10 1.454894e+01 -9.600495e+00
3.535288e+14 7.351749e-25 2.599055e-10 1.454842e+01 -9.585185e+00
3.531124e+14 7.156657e-25 2.527104e-10 1.454791e+01 -9.597377e+00
3.526969e+14 6.769526e-25 2.387591e-10 1.454740e+01 -9.622040e+00
3.522825e+14 6.979503e-25 2.458757e-10 1.454689e+01 -9.609284e+00
3.518690e+14 7.097391e-25 2.497352e-10 1.454638e+01 -9.602520e+00
3.514565e+14 7.172547e-25 2.520838e-10 1.454587e+01 -9.598455e+00
3.510450e+14 6.689806e-25 2.348423e-10 1.454536e+01 -9.629224e+00
3.506344e+14 7.289678e-25 2.556012e-10 1.454485e+01 -9.592437e+00
3.502248e+14 7.283693e-25 2.550930e-10 1.454435e+01 -9.593302e+00
3.498161e+14 7.534296e-25 2.635618e-10 1.454384e+01 -9.579118e+00
3.494084e+14 7.467846e-25 2.609328e-10 1.454333e+01 -9.583471e+00
3.490016e+14 7.614201e-25 2.657369e-10 1.454283e+01 -9.575548e+00
3.485958e+14 7.431190e-25 2.590482e-10 1.454232e+01 -9.586619e+00
3.481909e+14 7.440709e-25 2.590788e-10 1.454182e+01 -9.586568e+00
3.477870e+14 7.665747e-25 2.666047e-10 1.454131e+01 -9.574132e+00
3.473840e+14 7.459700e-25 2.591381e-10 1.454081e+01 -9.586469e+00
3.469819e+14 7.526566e-25 2.611583e-10 1.454031e+01 -9.583096e+00
3.465808e+14 7.476012e-25 2.591042e-10 1.453980e+01 -9.586526e+00
3.461806e+14 7.041629e-25 2.437675e-10 1.453930e+01 -9.613024e+00
3.457813e+14 7.439693e-25 2.572507e-10 1.453880e+01 -9.589643e+00
3.453829e+14 7.620993e-25 2.632161e-10 1.453830e+01 -9.579688e+00
3.449855e+14 7.476696e-25 2.579352e-10 1.453780e+01 -9.588489e+00
3.445890e+14 7.880116e-25 2.715401e-10 1.453730e+01 -9.566166e+00
3.441933e+14 7.962757e-25 2.740728e-10 1.453680e+01 -9.562134e+00
3.437986e+14 8.036857e-25 2.763060e-10 1.453630e+01 -9.558610e+00
3.434048e+14 8.126327e-25 2.790620e-10 1.453581e+01 -9.554299e+00
3.430119e+14 8.133386e-25 2.789848e-10 1.453531e+01 -9.554419e+00
3.426199e+14 8.011088e-25 2.744758e-10 1.453481e+01 -9.561496e+00
3.422288e+14 7.967727e-25 2.726785e-10 1.453432e+01 -9.564349e+00
3.418385e+14 7.993993e-25 2.732655e-10 1.453382e+01 -9.563415e+00
3.414492e+14 8.009539e-25 2.734851e-10 1.453333e+01 -9.563066e+00
3.338445e+14 8.211380e-25 2.741324e-10 1.452354e+01 -9.562040e+00
3.265712e+14 8.631283e-25 2.818729e-10 1.451398e+01 -9.549947e+00
3.196081e+14 8.724482e-25 2.788415e-10 1.450462e+01 -9.554643e+00
3.129357e+14 9.132568e-25 2.857907e-10 1.449546e+01 -9.543952e+00
3.065362e+14 9.377472e-25 2.874535e-10 1.448648e+01 -9.541432e+00
3.003932e+14 9.614094e-25 2.888008e-10 1.447769e+01 -9.539402e+00
2.944916e+14 9.956206e-25 2.932019e-10 1.446907e+01 -9.532833e+00
2.888173e+14 1.017804e-24 2.939596e-10 1.446062e+01 -9.531712e+00
2.833577e+14 1.039800e-24 2.946354e-10 1.445233e+01 -9.530715e+00
2.781006e+14 1.069331e-24 2.973814e-10 1.444420e+01 -9.526686e+00
2.730350e+14 1.073563e-24 2.931204e-10 1.443622e+01 -9.532954e+00
2.681506e+14 1.085218e-24 2.910019e-10 1.442838e+01 -9.536104e+00
2.634380e+14 1.102668e-24 2.904846e-10 1.442068e+01 -9.536877e+00
2.588881e+14 1.118022e-24 2.894427e-10 1.441311e+01 -9.538437e+00
2.544927e+14 1.132080e-24 2.881060e-10 1.440568e+01 -9.540448e+00
2.502441e+14 1.140919e-24 2.855083e-10 1.439836e+01 -9.544381e+00
2.461350e+14 1.169135e-24 2.877651e-10 1.439117e+01 -9.540962e+00
2.421586e+14 1.178743e-24 2.854428e-10 1.438410e+01 -9.544481e+00
2.383087e+14 1.176946e-24 2.804765e-10 1.437714e+01 -9.552104e+00
2.345793e+14 1.188409e-24 2.787763e-10 1.437029e+01 -9.554744e+00
2.309649e+14 1.214120e-24 2.804191e-10 1.436355e+01 -9.552192e+00
2.274601e+14 1.244741e-24 2.831288e-10 1.435691e+01 -9.548016e+00
2.240601e+14 1.255484e-24 2.813038e-10 1.435036e+01 -9.550824e+00
2.207602e+14 1.243671e-24 2.745531e-10 1.434392e+01 -9.561374e+00
2.175562e+14 1.269070e-24 2.760940e-10 1.433757e+01 -9.558943e+00
2.144438e+14 1.262006e-24 2.706294e-10 1.433131e+01 -9.567625e+00
2.114192e+14 1.250121e-24 2.642995e-10 1.432514e+01 -9.577904e+00
2.084787e+14 1.275276e-24 2.658678e-10 1.431906e+01 -9.575334e+00
2.056189e+14 1.287470e-24 2.647283e-10 1.431306e+01 -9.577200e+00
2.028365e+14 1.330414e-24 2.698566e-10 1.430715e+01 -9.568867e+00
2.001284e+14 1.352547e-24 2.706831e-10 1.430131e+01 -9.567539e+00
1.974917e+14 1.415480e-24 2.795455e-10 1.429555e+01 -9.553547e+00
1.949235e+14 1.421335e-24 2.770516e-10 1.428986e+01 -9.557439e+00
1.924213e+14 1.444402e-24 2.779338e-10 1.428425e+01 -9.556059e+00
1.899825e+14 1.485495e-24 2.822180e-10 1.427871e+01 -9.549415e+00
1.876048e+14 1.540642e-24 2.890318e-10 1.427324e+01 -9.539054e+00
1.852858e+14 1.540716e-24 2.854729e-10 1.426784e+01 -9.544435e+00
1.830234e+14 1.525594e-24 2.792194e-10 1.426251e+01 -9.554054e+00
1.808157e+14 1.562116e-24 2.824550e-10 1.425724e+01 -9.549051e+00
1.786605e+14 1.593142e-24 2.846315e-10 1.425203e+01 -9.545717e+00
1.765562e+14 1.575590e-24 2.781801e-10 1.424688e+01 -9.555674e+00
1.745008e+14 1.565476e-24 2.731768e-10 1.424180e+01 -9.563556e+00
1.724928e+14 1.541612e-24 2.659169e-10 1.423677e+01 -9.575254e+00
1.705304e+14 1.515011e-24 2.583554e-10 1.423180e+01 -9.587782e+00
1.686121e+14 1.490755e-24 2.513595e-10 1.422689e+01 -9.599705e+00
1.667366e+14 1.437487e-24 2.396817e-10 1.422203e+01 -9.620365e+00
1.649023e+14 1.454628e-24 2.398716e-10 1.421723e+01 -9.620021e+00
1.631079e+14 1.407707e-24 2.296082e-10 1.421248e+01 -9.639013e+00
1.613522e+14 1.390251e-24 2.243200e-10 1.420777e+01 -9.649132e+00
1.596339e+14 1.379667e-24 2.202415e-10 1.420313e+01 -9.657101e+00
1.579517e+14 1.368083e-24 2.160910e-10 1.419852e+01 -9.665363e+00
1.563047e+14 1.331499e-24 2.081195e-10 1.419397e+01 -9.681687e+00
1.546916e+14 1.309533e-24 2.025739e-10 1.418947e+01 -9.693417e+00
1.531115e+14 1.296060e-24 1.984418e-10 1.418501e+01 -9.702367e+00
1.515634e+14 1.272537e-24 1.928700e-10 1.418059e+01 -9.714735e+00
1.500462e+14 1.254222e-24 1.881912e-10 1.417623e+01 -9.725401e+00
1.485592e+14 1.259058e-24 1.870445e-10 1.417190e+01 -9.728055e+00
1.471013e+14 1.233334e-24 1.814249e-10 1.416762e+01 -9.741303e+00
1.456717e+14 1.231509e-24 1.793961e-10 1.416338e+01 -9.746187e+00
1.442697e+14 1.197713e-24 1.727937e-10 1.415918e+01 -9.762472e+00
1.428944e+14 1.208573e-24 1.726983e-10 1.415502e+01 -9.762712e+00
1.415450e+14 1.199848e-24 1.698325e-10 1.415089e+01 -9.769979e+00
1.402210e+14 1.182677e-24 1.658362e-10 1.414681e+01 -9.780321e+00
1.389214e+14 1.169102e-24 1.624133e-10 1.414277e+01 -9.789378e+00
1.376457e+14 1.163795e-24 1.601914e-10 1.413876e+01 -9.795361e+00
1.363933e+14 1.150936e-24 1.569799e-10 1.413479e+01 -9.804156e+00
1.351634e+14 1.139883e-24 1.540704e-10 1.413086e+01 -9.812281e+00
1.339555e+14 1.120856e-24 1.501448e-10 1.412696e+01 -9.823490e+00
1.327690e+14 1.115439e-24 1.480957e-10 1.412310e+01 -9.829458e+00
1.316033e+14 1.105060e-24 1.454296e-10 1.411927e+01 -9.837347e+00
1.304580e+14 1.005820e-24 1.312172e-10 1.411547e+01 -9.882009e+00
1.293324e+14 9.676954e-25 1.251543e-10 1.411171e+01 -9.902554e+00
1.282260e+14 9.437122e-25 1.210084e-10 1.410798e+01 -9.917184e+00
1.271384e+14 8.860863e-25 1.126556e-10 1.410428e+01 -9.948247e+00
1.260691e+14 8.702196e-25 1.097078e-10 1.410061e+01 -9.959762e+00
1.250177e+14 8.762105e-25 1.095418e-10 1.409697e+01 -9.960420e+00
1.239836e+14 8.173276e-25 1.013352e-10 1.409336e+01 -9.994239e+00
1.229665e+14 8.149786e-25 1.002151e-10 1.408979e+01 -9.999067e+00
1.219660e+14 7.932133e-25 9.674505e-11 1.408624e+01 -1.001437e+01
1.209816e+14 7.918676e-25 9.580141e-11 1.408272e+01 -1.001863e+01
1.200130e+14 7.698093e-25 9.238710e-11 1.407923e+01 -1.003439e+01
1.190597e+14 8.154228e-25 9.708402e-11 1.407576e+01 -1.001285e+01
1.181215e+14 7.954107e-25 9.395512e-11 1.407233e+01 -1.002708e+01
1.171980e+14 7.714076e-25 9.040741e-11 1.406892e+01 -1.004380e+01
1.162888e+14 7.429480e-25 8.639649e-11 1.406554e+01 -1.006350e+01
1.153935e+14 7.718185e-25 8.906286e-11 1.406218e+01 -1.005030e+01
1.145120e+14 7.746453e-25 8.870618e-11 1.405885e+01 -1.005205e+01
1.136438e+14 7.841752e-25 8.911667e-11 1.405555e+01 -1.005004e+01
1.127887e+14 7.608853e-25 8.581928e-11 1.405227e+01 -1.006642e+01
1.119464e+14 7.502393e-25 8.398657e-11 1.404901e+01 -1.007579e+01
1.111165e+14 7.379133e-25 8.199436e-11 1.404578e+01 -1.008622e+01
1.102989e+14 7.241087e-25 7.986839e-11 1.404257e+01 -1.009763e+01
1.094932e+14 7.271192e-25 7.961462e-11 1.403939e+01 -1.009901e+01
1.086992e+14 7.481482e-25 8.132312e-11 1.403623e+01 -1.008979e+01
1.079166e+14 7.237968e-25 7.810971e-11 1.403309e+01 -1.010729e+01
1.071452e+14 6.969551e-25 7.467542e-11 1.402997e+01 -1.012682e+01
1.063848e+14 7.002937e-25 7.450061e-11 1.402688e+01 -1.012784e+01
1.056351e+14 6.730200e-25 7.109453e-11 1.402381e+01 -1.014816e+01
1.048959e+14 6.775912e-25 7.107652e-11 1.402076e+01 -1.014827e+01
1.041669e+14 7.191426e-25 7.491087e-11 1.401773e+01 -1.012546e+01
1.034480e+14 7.056917e-25 7.300242e-11 1.401472e+01 -1.013666e+01
1.027390e+14 6.985041e-25 7.176361e-11 1.401174e+01 -1.014410e+01
1.020396e+14 6.953414e-25 7.095237e-11 1.400877e+01 -1.014903e+01
1.013497e+14 6.677383e-25 6.767507e-11 1.400582e+01 -1.016957e+01
1.006690e+14 6.457014e-25 6.500214e-11 1.400290e+01 -1.018707e+01
9.999746e+13 6.597434e-25 6.597267e-11 1.399999e+01 -1.018064e+01
9.933479e+13 6.508555e-25 6.465260e-11 1.399710e+01 -1.018941e+01
9.868084e+13 6.453181e-25 6.368054e-11 1.399423e+01 -1.019599e+01
9.803545e+13 6.445830e-25 6.319199e-11 1.399138e+01 -1.019934e+01
9.739844e+13 6.001762e-25 5.845623e-11 1.398855e+01 -1.023317e+01
9.676966e+13 5.951434e-25 5.759182e-11 1.398574e+01 -1.023964e+01
9.614894e+13 6.224454e-25 5.984747e-11 1.398294e+01 -1.022295e+01
9.553614e+13 6.169202e-25 5.893818e-11 1.398017e+01 -1.022960e+01
9.493110e+13 6.296887e-25 5.977704e-11 1.397741e+01 -1.022347e+01
9.433367e+13 6.056876e-25 5.713673e-11 1.397467e+01 -1.024308e+01
9.374371e+13 6.073780e-25 5.693787e-11 1.397194e+01 -1.024460e+01
9.316109e+13 6.065543e-25 5.650726e-11 1.396923e+01 -1.024790e+01
9.258567e+13 5.854145e-25 5.420099e-11 1.396654e+01 -1.026599e+01
9.201731e+13 5.712767e-25 5.256734e-11 1.396387e+01 -1.027928e+01
9.145589e+13 5.918310e-25 5.412643e-11 1.396121e+01 -1.026659e+01
9.090127e+13 5.843768e-25 5.312059e-11 1.395857e+01 -1.027474e+01
9.035335e+13 5.519851e-25 4.987370e-11 1.395594e+01 -1.030213e+01
8.981198e+13 5.724184e-25 5.141003e-11 1.395333e+01 -1.028895e+01
8.927707e+13 5.743067e-25 5.127242e-11 1.395074e+01 -1.029012e+01
8.874849e+13 5.693374e-25 5.052783e-11 1.394816e+01 -1.029647e+01
8.822613e+13 5.790582e-25 5.108807e-11 1.394560e+01 -1.029168e+01
8.770989e+13 5.511902e-25 4.834483e-11 1.394305e+01 -1.031565e+01
8.719965e+13 5.495356e-25 4.791931e-11 1.394051e+01 -1.031949e+01
8.669532e+13 5.507937e-25 4.775124e-11 1.393800e+01 -1.032102e+01
8.619678e+13 5.466147e-25 4.711642e-11 1.393549e+01 -1.032683e+01
8.570395e+13 5.389502e-25 4.619016e-11 1.393300e+01 -1.033545e+01
8.521671e+13 5.344617e-25 4.554507e-11 1.393052e+01 -1.034156e+01
8.473499e+13 5.424515e-25 4.596463e-11 1.392806e+01 -1.033758e+01
8.425868e+13 5.360665e-25 4.516826e-11 1.392561e+01 -1.034517e+01
8.378770e+13 5.298808e-25 4.439750e-11 1.392318e+01 -1.035264e+01
8.332196e+13 5.248122e-25 4.372838e-11 1.392076e+01 -1.035924e+01
8.286136e+13 5.170913e-25 4.284689e-11 1.391835e+01 -1.036808e+01
8.240583e+13 5.188153e-25 4.275341e-11 1.391596e+01 -1.036903e+01
8.195528e+13 5.087916e-25 4.169815e-11 1.391358e+01 -1.037988e+01
8.150962e+13 5.126369e-25 4.178484e-11 1.391121e+01 -1.037898e+01
8.106879e+13 4.987917e-25 4.043644e-11 1.390885e+01 -1.039323e+01
8.063271e+13 5.029133e-25 4.055126e-11 1.390651e+01 -1.039200e+01
8.020128e+13 5.005253e-25 4.014277e-11 1.390418e+01 -1.039639e+01
7.977445e+13 4.818760e-25 3.844139e-11 1.390186e+01 -1.041520e+01
7.935214e+13 4.792038e-25 3.802585e-11 1.389956e+01 -1.041992e+01
7.893428e+13 4.847949e-25 3.826694e-11 1.389727e+01 -1.041718e+01
7.852080e+13 4.785366e-25 3.757508e-11 1.389498e+01 -1.042510e+01
7.811162e+13 4.791017e-25 3.742341e-11 1.389272e+01 -1.042686e+01
7.770669e+13 4.683293e-25 3.639232e-11 1.389046e+01 -1.043899e+01
7.730593e+13 4.707449e-25 3.639137e-11 1.388821e+01 -1.043900e+01
7.690929e+13 4.547263e-25 3.497268e-11 1.388598e+01 -1.045627e+01
7.651669e+13 4.595834e-25 3.516580e-11 1.388376e+01 -1.045388e+01
7.612809e+13 4.516414e-25 3.438260e-11 1.388154e+01 -1.046366e+01
7.574341e+13 4.483933e-25 3.396283e-11 1.387934e+01 -1.046900e+01
7.536259e+13 4.472215e-25 3.370377e-11 1.387716e+01 -1.047232e+01
7.498559e+13 4.128132e-25 3.095505e-11 1.387498e+01 -1.050927e+01
7.461234e+13 3.667388e-25 2.736324e-11 1.387281e+01 -1.056283e+01
7.424279e+13 3.947122e-25 2.930453e-11 1.387065e+01 -1.053307e+01
7.387689e+13 3.537426e-25 2.613340e-11 1.386851e+01 -1.058280e+01
7.351457e+13 4.138072e-25 3.042086e-11 1.386637e+01 -1.051683e+01
7.315578e+13 3.816836e-25 2.792236e-11 1.386425e+01 -1.055405e+01
7.280049e+13 3.820599e-25 2.781415e-11 1.386213e+01 -1.055573e+01
7.244862e+13 3.710191e-25 2.687982e-11 1.386003e+01 -1.057057e+01
7.210014e+13 3.429936e-25 2.472988e-11 1.385794e+01 -1.060678e+01
7.175500e+13 3.845305e-25 2.759198e-11 1.385585e+01 -1.055922e+01
7.141315e+13 3.810353e-25 2.721093e-11 1.385378e+01 -1.056526e+01
7.107454e+13 3.627050e-25 2.577909e-11 1.385171e+01 -1.058873e+01
7.073912e+13 3.632235e-25 2.569411e-11 1.384966e+01 -1.059017e+01
7.040686e+13 3.522976e-25 2.480417e-11 1.384761e+01 -1.060548e+01
7.007770e+13 3.315235e-25 2.323240e-11 1.384558e+01 -1.063391e+01
6.975161e+13 3.322634e-25 2.317590e-11 1.384355e+01 -1.063496e+01
6.942853e+13 3.531735e-25 2.452032e-11 1.384154e+01 -1.061047e+01
6.910844e+13 3.218159e-25 2.224019e-11 1.383953e+01 -1.065286e+01
6.879128e+13 3.427111e-25 2.357554e-11 1.383753e+01 -1.062754e+01
6.847702e+13 3.018774e-25 2.067166e-11 1.383554e+01 -1.068462e+01
6.816562e+13 3.129789e-25 2.133440e-11 1.383357e+01 -1.067092e+01
6.785704e+13 3.042355e-25 2.064452e-11 1.383159e+01 -1.068520e+01
6.755124e+13 3.147973e-25 2.126495e-11 1.382963e+01 -1.067234e+01
6.724818e+13 3.005088e-25 2.020867e-11 1.382768e+01 -1.069446e+01
6.694783e+13 3.011088e-25 2.015858e-11 1.382574e+01 -1.069554e+01
6.665016e+13 2.802355e-25 1.867774e-11 1.382380e+01 -1.072868e+01
6.635511e+13 2.846354e-25 1.888702e-11 1.382187e+01 -1.072384e+01
6.606267e+13 2.559739e-25 1.691032e-11 1.381996e+01 -1.077185e+01
6.577280e+13 3.148678e-25 2.070974e-11 1.381805e+01 -1.068383e+01
6.548545e+13 2.683191e-25 1.757100e-11 1.381614e+01 -1.075520e+01
6.520061e+13 2.952973e-25 1.925356e-11 1.381425e+01 -1.071549e+01
6.491823e+13 2.809783e-25 1.824062e-11 1.381237e+01 -1.073896e+01
6.463829e+13 2.726420e-25 1.762311e-11 1.381049e+01 -1.075392e+01
6.436076e+13 2.537669e-25 1.633263e-11 1.380862e+01 -1.078694e+01
6.408559e+13 2.590100e-25 1.659881e-11 1.380676e+01 -1.077992e+01
6.381277e+13 2.766563e-25 1.765421e-11 1.380491e+01 -1.075315e+01
6.354226e+13 2.414689e-25 1.534348e-11 1.380306e+01 -1.081408e+01
6.327404e+13 2.568837e-25 1.625407e-11 1.380123e+01 -1.078904e+01
6.300807e+13 2.874602e-25 1.811231e-11 1.379940e+01 -1.074203e+01
6.274433e+13 2.717975e-25 1.705375e-11 1.379757e+01 -1.076818e+01
6.248278e+13 2.581211e-25 1.612813e-11 1.379576e+01 -1.079242e+01
6.222341e+13 2.602505e-25 1.619367e-11 1.379395e+01 -1.079065e+01
6.196618e+13 2.403841e-25 1.489568e-11 1.379215e+01 -1.082694e+01
6.171107e+13 2.508709e-25 1.548151e-11 1.379036e+01 -1.081019e+01
6.145806e+13 2.438487e-25 1.498647e-11 1.378858e+01 -1.082430e+01
6.120710e+13 2.379154e-25 1.456211e-11 1.378680e+01 -1.083678e+01
6.095819e+13 2.358613e-25 1.437768e-11 1.378503e+01 -1.084231e+01
6.071130e+13 2.545145e-25 1.545191e-11 1.378327e+01 -1.081102e+01
6.046640e+13 2.394559e-25 1.447904e-11 1.378151e+01 -1.083926e+01
6.022346e+13 2.284012e-25 1.375511e-11 1.377977e+01 -1.086154e+01
5.998247e+13 2.437717e-25 1.462203e-11 1.377802e+01 -1.083499e+01
5.974340e+13 2.462839e-25 1.471384e-11 1.377629e+01 -1.083227e+01
5.950623e+13 2.358030e-25 1.403175e-11 1.377456e+01 -1.085289e+01
5.927094e+13 2.251617e-25 1.334554e-11 1.377284e+01 -1.087466e+01
5.903750e+13 2.537107e-25 1.497845e-11 1.377113e+01 -1.082453e+01
5.880588e+13 2.205624e-25 1.297037e-11 1.376942e+01 -1.088705e+01
5.857608e+13 2.190314e-25 1.283000e-11 1.376772e+01 -1.089177e+01
5.834807e+13 2.203468e-25 1.285681e-11 1.376603e+01 -1.089087e+01
5.812183e+13 2.195241e-25 1.275914e-11 1.376434e+01 -1.089418e+01
5.789733e+13 2.172631e-25 1.257896e-11 1.376266e+01 -1.090036e+01
5.767457e+13 2.016960e-25 1.163273e-11 1.376098e+01 -1.093432e+01
5.745351e+13 2.052177e-25 1.179048e-11 1.375932e+01 -1.092847e+01
5.723414e+13 1.983879e-25 1.135456e-11 1.375766e+01 -1.094483e+01
5.701643e+13 2.322089e-25 1.323972e-11 1.375600e+01 -1.087812e+01
5.680038e+13 2.099967e-25 1.192789e-11 1.375435e+01 -1.092344e+01
5.658596e+13 1.808220e-25 1.023199e-11 1.375271e+01 -1.099004e+01
5.637315e+13 2.210328e-25 1.246032e-11 1.375107e+01 -1.090447e+01
5.616193e+13 2.170555e-25 1.219026e-11 1.374944e+01 -1.091399e+01
5.595230e+13 1.962112e-25 1.097847e-11 1.374782e+01 -1.095946e+01
5.574422e+13 2.007112e-25 1.118849e-11 1.374620e+01 -1.095123e+01
5.553768e+13 2.035306e-25 1.130362e-11 1.374459e+01 -1.094678e+01
5.533267e+13 2.031950e-25 1.124332e-11 1.374298e+01 -1.094911e+01
5.512917e+13 2.004606e-25 1.105123e-11 1.374138e+01 -1.095659e+01
5.492715e+13 2.171726e-25 1.192867e-11 1.373979e+01 -1.092341e+01
5.472662e+13 2.078602e-25 1.137548e-11 1.373820e+01 -1.094403e+01
5.452754e+13 2.185715e-25 1.191817e-11 1.373662e+01 -1.092379e+01
5.432990e+13 2.153406e-25 1.169943e-11 1.373504e+01 -1.093184e+01
5.413369e+13 2.007554e-25 1.086763e-11 1.373347e+01 -1.096387e+01
5.393890e+13 1.956585e-25 1.055360e-11 1.373190e+01 -1.097660e+01
5.374550e+13 1.889138e-25 1.015327e-11 1.373034e+01 -1.099339e+01
5.355348e+13 2.109336e-25 1.129623e-11 1.372879e+01 -1.094707e+01
5.336283e+13 1.961554e-25 1.046741e-11 1.372724e+01 -1.098016e+01
5.317354e+13 2.012575e-25 1.070157e-11 1.372570e+01 -1.097055e+01
5.298558e+13 1.839668e-25 9.747585e-12 1.372416e+01 -1.101110e+01
5.279894e+13 1.941331e-25 1.025002e-11 1.372263e+01 -1.098928e+01
5.261362e+13 2.083627e-25 1.096272e-11 1.372110e+01 -1.096008e+01
5.242959e+13 1.870131e-25 9.805023e-12 1.371958e+01 -1.100855e+01
5.224685e+13 1.889374e-25 9.871381e-12 1.371806e+01 -1.100562e+01
5.206537e+13 1.872442e-25 9.748936e-12 1.371655e+01 -1.101104e+01
5.188515e+13 1.902973e-25 9.873604e-12 1.371504e+01 -1.100552e+01
5.170617e+13 1.781063e-25 9.209194e-12 1.371354e+01 -1.103578e+01
5.152843e+13 1.765375e-25 9.096698e-12 1.371205e+01 -1.104112e+01
5.135190e+13 2.014167e-25 1.034313e-11 1.371056e+01 -1.098535e+01
5.117658e+13 1.862090e-25 9.529537e-12 1.370907e+01 -1.102093e+01
5.100245e+13 1.728720e-25 8.816896e-12 1.370759e+01 -1.105468e+01
5.082950e+13 1.731184e-25 8.799520e-12 1.370612e+01 -1.105554e+01
5.065772e+13 1.674810e-25 8.484204e-12 1.370465e+01 -1.107139e+01
5.048710e+13 1.926851e-25 9.728113e-12 1.370318e+01 -1.101197e+01
5.031762e+13 1.885681e-25 9.488298e-12 1.370172e+01 -1.102281e+01
5.014928e+13 1.840911e-25 9.232039e-12 1.370026e+01 -1.103470e+01
4.998206e+13 1.762306e-25 8.808367e-12 1.369881e+01 -1.105510e+01
4.981595e+13 1.740748e-25 8.671702e-12 1.369737e+01 -1.106190e+01
4.965094e+13 1.620254e-25 8.044714e-12 1.369593e+01 -1.109449e+01
4.948703e+13 1.881962e-25 9.313272e-12 1.369449e+01 -1.103090e+01
4.932419e+13 1.855677e-25 9.152978e-12 1.369306e+01 -1.103844e+01
4.916241e+13 1.852315e-25 9.106428e-12 1.369163e+01 -1.104065e+01
4.900170e+13 1.812597e-25 8.882035e-12 1.369021e+01 -1.105149e+01
4.884203e+13 1.771362e-25 8.651691e-12 1.368879e+01 -1.106290e+01
4.868340e+13 1.652606e-25 8.045450e-12 1.368738e+01 -1.109445e+01
4.852580e+13 1.784742e-25 8.660605e-12 1.368597e+01 -1.106245e+01
4.836922e+13 1.768571e-25 8.554438e-12 1.368457e+01 -1.106781e+01
4.821364e+13 1.742619e-25 8.401801e-12 1.368317e+01 -1.107563e+01
4.805906e+13 1.810964e-25 8.703323e-12 1.368178e+01 -1.106031e+01
4.790547e+13 1.806171e-25 8.652548e-12 1.368039e+01 -1.106286e+01
4.775285e+13 1.753455e-25 8.373247e-12 1.367900e+01 -1.107711e+01
4.760121e+13 1.639886e-25 7.806055e-12 1.367762e+01 -1.110757e+01
4.745052e+13 1.667988e-25 7.914691e-12 1.367624e+01 -1.110157e+01
4.730079e+13 1.742675e-25 8.242992e-12 1.367487e+01 -1.108392e+01
4.715200e+13 1.673164e-25 7.889304e-12 1.367350e+01 -1.110296e+01
4.700414e+13 1.638214e-25 7.700286e-12 1.367214e+01 -1.111349e+01
4.685721e+13 1.649458e-25 7.728901e-12 1.367078e+01 -1.111188e+01
4.671119e+13 1.708731e-25 7.981686e-12 1.366942e+01 -1.109791e+01
4.656608e+13 1.711672e-25 7.970585e-12 1.366807e+01 -1.109851e+01
4.642186e+13 1.579970e-25 7.334517e-12 1.366672e+01 -1.113463e+01
4.627854e+13 1.667500e-25 7.716949e-12 1.366538e+01 -1.111255e+01
4.613610e+13 1.662072e-25 7.668155e-12 1.366404e+01 -1.111531e+01
4.599454e+13 1.673804e-25 7.698585e-12 1.366271e+01 -1.111359e+01
4.585384e+13 1.632304e-25 7.484742e-12 1.366138e+01 -1.112582e+01
4.571400e+13 1.577175e-25 7.209898e-12 1.366005e+01 -1.114207e+01
4.557501e+13 1.540435e-25 7.020534e-12 1.365873e+01 -1.115363e+01
4.543686e+13 1.590895e-25 7.228527e-12 1.365741e+01 -1.114095e+01
4.529955e+13 1.574533e-25 7.132563e-12 1.365609e+01 -1.114675e+01
4.516306e+13 1.543513e-25 6.970977e-12 1.365478e+01 -1.115671e+01
4.502740e+13 1.599821e-25 7.203576e-12 1.365348e+01 -1.114245e+01
4.489254e+13 1.594381e-25 7.157581e-12 1.365217e+01 -1.114523e+01
4.475850e+13 1.565271e-25 7.005916e-12 1.365088e+01 -1.115454e+01
4.462525e+13 1.597240e-25 7.127722e-12 1.364958e+01 -1.114705e+01
4.449279e+13 1.561809e-25 6.948922e-12 1.364829e+01 -1.115808e+01
4.436111e+13 1.584927e-25 7.030912e-12 1.364700e+01 -1.115299e+01
4.423022e+13 1.518325e-25 6.715585e-12 1.364572e+01 -1.117292e+01
4.410009e+13 1.501996e-25 6.623817e-12 1.364444e+01 -1.117889e+01
4.397072e+13 1.516804e-25 6.669497e-12 1.364316e+01 -1.117591e+01
4.384212e+13 1.399889e-25 6.137411e-12 1.364189e+01 -1.121201e+01
4.371426e+13 1.408090e-25 6.155361e-12 1.364062e+01 -1.121075e+01
4.358715e+13 1.387107e-25 6.046003e-12 1.363936e+01 -1.121853e+01
4.346077e+13 1.516024e-25 6.588757e-12 1.363810e+01 -1.118120e+01
4.333513e+13 1.349208e-25 5.846809e-12 1.363684e+01 -1.123308e+01
4.321020e+13 1.465806e-25 6.333778e-12 1.363559e+01 -1.119834e+01
4.308600e+13 1.496829e-25 6.449236e-12 1.363434e+01 -1.119049e+01
4.296251e+13 1.360801e-25 5.846341e-12 1.363309e+01 -1.123312e+01
4.283973e+13 1.395426e-25 5.977965e-12 1.363185e+01 -1.122345e+01
4.271764e+13 1.348332e-25 5.759757e-12 1.363061e+01 -1.123960e+01
4.259625e+13 1.472589e-25 6.272677e-12 1.362937e+01 -1.120255e+01
4.247555e+13 1.339953e-25 5.691524e-12 1.362814e+01 -1.124477e+01
4.235552e+13 1.276941e-25 5.408550e-12 1.362691e+01 -1.126692e+01
4.223618e+13 1.305296e-25 5.513073e-12 1.362568e+01 -1.125861e+01
4.211750e+13 1.337452e-25 5.633014e-12 1.362446e+01 -1.124926e+01
4.199950e+13 1.330140e-25 5.586520e-12 1.362324e+01 -1.125286e+01
4.188215e+13 1.363270e-25 5.709667e-12 1.362203e+01 -1.124339e+01
4.176545e+13 1.417716e-25 5.921153e-12 1.362082e+01 -1.122759e+01
4.164940e+13 1.411745e-25 5.879833e-12 1.361961e+01 -1.123063e+01
4.153400e+13 1.269690e-25 5.273531e-12 1.361840e+01 -1.127790e+01
4.141923e+13 1.348141e-25 5.583895e-12 1.361720e+01 -1.125306e+01
4.130510e+13 1.342101e-25 5.543559e-12 1.361600e+01 -1.125621e+01
4.119159e+13 1.240288e-25 5.108943e-12 1.361481e+01 -1.129167e+01
4.107871e+13 1.296130e-25 5.324334e-12 1.361362e+01 -1.127373e+01
4.096644e+13 1.229004e-25 5.034793e-12 1.361243e+01 -1.129802e+01
4.085478e+13 1.284031e-25 5.245882e-12 1.361124e+01 -1.128018e+01
4.074373e+13 1.274011e-25 5.190798e-12 1.361006e+01 -1.128477e+01
4.063329e+13 1.284117e-25 5.217790e-12 1.360888e+01 -1.128251e+01
4.052344e+13 1.271961e-25 5.154425e-12 1.360771e+01 -1.128782e+01
4.041418e+13 1.285258e-25 5.194266e-12 1.360653e+01 -1.128448e+01
4.030551e+13 1.271574e-25 5.125146e-12 1.360536e+01 -1.129029e+01
4.019743e+13 1.289437e-25 5.183205e-12 1.360420e+01 -1.128540e+01
4.008992e+13 1.298968e-25 5.207551e-12 1.360304e+01 -1.128337e+01
3.998298e+13 1.257461e-25 5.027703e-12 1.360188e+01 -1.129863e+01
3.987662e+13 1.175290e-25 4.686661e-12 1.360072e+01 -1.132914e+01
3.977081e+13 1.218620e-25 4.846552e-12 1.359956e+01 -1.131457e+01
3.966557e+13 1.263692e-25 5.012505e-12 1.359841e+01 -1.129995e+01
3.956089e+13 1.208173e-25 4.779641e-12 1.359727e+01 -1.132060e+01
3.945675e+13 1.199764e-25 4.733878e-12 1.359612e+01 -1.132478e+01
3.935316e+13 1.208117e-25 4.754321e-12 1.359498e+01 -1.132291e+01
3.925012e+13 1.230779e-25 4.830822e-12 1.359384e+01 -1.131598e+01
3.914761e+13 1.175747e-25 4.602769e-12 1.359271e+01 -1.133698e+01
3.904564e+13 1.214174e-25 4.740818e-12 1.359157e+01 -1.132415e+01
3.894419e+13 1.174945e-25 4.575730e-12 1.359044e+01 -1.133954e+01
3.884328e+13 1.203264e-25 4.673872e-12 1.358932e+01 -1.133032e+01
3.874288e+13 1.195558e-25 4.631935e-12 1.358819e+01 -1.133424e+01
3.864300e+13 1.124621e-25 4.345874e-12 1.358707e+01 -1.136192e+01
3.854364e+13 1.134656e-25 4.373376e-12 1.358595e+01 -1.135918e+01
3.844478e+13 1.176626e-25 4.523513e-12 1.358484e+01 -1.134452e+01
3.834643e+13 1.108619e-25 4.251158e-12 1.358372e+01 -1.137149e+01
3.824858e+13 1.107142e-25 4.234660e-12 1.358262e+01 -1.137318e+01
3.815123e+13 1.127905e-25 4.303096e-12 1.358151e+01 -1.136622e+01
3.805438e+13 1.141606e-25 4.344313e-12 1.358040e+01 -1.136208e+01
3.795801e+13 1.124884e-25 4.269835e-12 1.357930e+01 -1.136959e+01
3.786214e+13 1.086767e-25 4.114730e-12 1.357821e+01 -1.138566e+01
3.776674e+13 1.092998e-25 4.127896e-12 1.357711e+01 -1.138427e+01
3.767183e+13 1.069740e-25 4.029906e-12 1.357602e+01 -1.139471e+01
3.757739e+13 1.080314e-25 4.059537e-12 1.357493e+01 -1.139152e+01
3.748342e+13 1.084247e-25 4.064128e-12 1.357384e+01 -1.139103e+01
3.738992e+13 1.067957e-25 3.993085e-12 1.357275e+01 -1.139869e+01
3.729689e+13 1.073292e-25 4.003045e-12 1.357167e+01 -1.139761e+01
3.720432e+13 1.108140e-25 4.122758e-12 1.357059e+01 -1.138481e+01
3.711221e+13 1.045232e-25 3.879087e-12 1.356952e+01 -1.141127e+01
3.702055e+13 1.097014e-25 4.061207e-12 1.356844e+01 -1.139134e+01
3.692934e+13 1.043326e-25 3.852933e-12 1.356737e+01 -1.141421e+01
3.683858e+13 1.064674e-25 3.922110e-12 1.356630e+01 -1.140648e+01
3.674827e+13 1.067588e-25 3.923201e-12 1.356524e+01 -1.140636e+01
3.665840e+13 9.964766e-26 3.652924e-12 1.356417e+01 -1.143736e+01
3.656897e+13 1.033456e-25 3.779243e-12 1.356311e+01 -1.142260e+01
3.647997e+13 1.017263e-25 3.710972e-12 1.356205e+01 -1.143051e+01
3.639141e+13 1.027754e-25 3.740142e-12 1.356100e+01 -1.142711e+01
3.630327e+13 1.051022e-25 3.815555e-12 1.355995e+01 -1.141844e+01
3.621556e+13 9.874677e-26 3.576169e-12 1.355890e+01 -1.144658e+01
3.612827e+13 1.042780e-25 3.767383e-12 1.355785e+01 -1.142396e+01
3.604140e+13 9.881677e-26 3.561495e-12 1.355680e+01 -1.144837e+01
3.595495e+13 1.012363e-25 3.639945e-12 1.355576e+01 -1.143891e+01
3.586892e+13 1.005832e-25 3.607811e-12 1.355472e+01 -1.144276e+01
3.578329e+13 9.738562e-26 3.484778e-12 1.355368e+01 -1.145782e+01
3.569807e+13 9.785113e-26 3.493097e-12 1.355264e+01 -1.145679e+01
3.561326e+13 9.691439e-26 3.451437e-12 1.355161e+01 -1.146200e+01
3.552885e+13 1.003614e-25 3.565725e-12 1.355058e+01 -1.144785e+01
3.544483e+13 9.825429e-26 3.482607e-12 1.354955e+01 -1.145810e+01
3.536122e+13 9.252337e-26 3.271739e-12 1.354853e+01 -1.148522e+01
3.527799e+13 1.008684e-25 3.558434e-12 1.354750e+01 -1.144874e+01
3.519516e+13 9.627230e-26 3.388319e-12 1.354648e+01 -1.147002e+01
3.511272e+13 9.697968e-26 3.405220e-12 1.354546e+01 -1.146785e+01
3.503066e+13 9.700796e-26 3.398253e-12 1.354445e+01 -1.146874e+01
3.494899e+13 9.360457e-26 3.271385e-12 1.354343e+01 -1.148527e+01
3.486769e+13 9.008011e-26 3.140885e-12 1.354242e+01 -1.150295e+01
3.478677e+13 9.396046e-26 3.268581e-12 1.354141e+01 -1.148564e+01
3.470623e+13 9.248480e-26 3.209799e-12 1.354041e+01 -1.149352e+01
3.462606e+13 9.570796e-26 3.313989e-12 1.353940e+01 -1.147965e+01
3.454625e+13 9.237831e-26 3.191325e-12 1.353840e+01 -1.149603e+01
3.446682e+13 8.727863e-26 3.008217e-12 1.353740e+01 -1.152169e+01
3.438775e+13 9.482559e-26 3.260839e-12 1.353640e+01 -1.148667e+01
3.430904e+13 9.063597e-26 3.109633e-12 1.353541e+01 -1.150729e+01
3.423069e+13 9.310649e-26 3.187099e-12 1.353442e+01 -1.149660e+01
3.415270e+13 8.985196e-26 3.068687e-12 1.353343e+01 -1.151305e+01
3.407506e+13 9.314737e-26 3.174002e-12 1.353244e+01 -1.149839e+01
3.399778e+13 8.969443e-26 3.049411e-12 1.353145e+01 -1.151578e+01
3.392084e+13 8.688059e-26 2.947063e-12 1.353047e+01 -1.153061e+01
3.384425e+13 8.513535e-26 2.881342e-12 1.352948e+01 -1.154041e+01
3.376801e+13 8.778816e-26 2.964431e-12 1.352851e+01 -1.152806e+01
3.369211e+13 9.269434e-26 3.123068e-12 1.352753e+01 -1.150542e+01
3.361655e+13 9.253708e-26 3.110778e-12 1.352655e+01 -1.150713e+01
3.354133e+13 8.936033e-26 2.997264e-12 1.352558e+01 -1.152327e+01
3.346644e+13 8.779758e-26 2.938273e-12 1.352461e+01 -1.153191e+01
3.339189e+13 8.571112e-26 2.862056e-12 1.352364e+01 -1.154332e+01
3.331767e+13 9.015852e-26 3.003872e-12 1.352267e+01 -1.152232e+01
3.324378e+13 8.371022e-26 2.782844e-12 1.352171e+01 -1.155551e+01
3.317021e+13 8.775505e-26 2.910854e-12 1.352075e+01 -1.153598e+01
3.309698e+13 8.728365e-26 2.888825e-12 1.351979e+01 -1.153928e+01
3.302406e+13 8.733351e-26 2.884107e-12 1.351883e+01 -1.153999e+01
3.295146e+13 8.426669e-26 2.776711e-12 1.351787e+01 -1.155647e+01
3.287918e+13 8.726223e-26 2.869111e-12 1.351692e+01 -1.154225e+01
3.280722e+13 8.386144e-26 2.751261e-12 1.351597e+01 -1.156047e+01
3.273558e+13 8.414099e-26 2.754404e-12 1.351502e+01 -1.155997e+01
3.266424e+13 8.540188e-26 2.789588e-12 1.351407e+01 -1.155446e+01
3.259322e+13 8.639540e-26 2.815904e-12 1.351313e+01 -1.155038e+01
3.252250e+13 8.341588e-26 2.712893e-12 1.351218e+01 -1.156657e+01
3.245209e+13 8.580634e-26 2.784595e-12 1.351124e+01 -1.155524e+01
3.238198e+13 8.055687e-26 2.608591e-12 1.351030e+01 -1.158359e+01
3.231218e+13 8.158720e-26 2.636260e-12 1.350937e+01 -1.157901e+01
3.224268e+13 8.246302e-26 2.658829e-12 1.350843e+01 -1.157531e+01
3.217347e+13 8.584242e-26 2.761849e-12 1.350750e+01 -1.155880e+01
3.210456e+13 8.487046e-26 2.724729e-12 1.350657e+01 -1.156468e+01
3.203595e+13 8.117416e-26 2.600491e-12 1.350564e+01 -1.158494e+01
3.196763e+13 8.352957e-26 2.670242e-12 1.350471e+01 -1.157345e+01
3.189960e+13 8.272357e-26 2.638848e-12 1.350379e+01 -1.157859e+01
3.183185e+13 8.481195e-26 2.699722e-12 1.350286e+01 -1.156868e+01
3.176440e+13 8.328397e-26 2.645465e-12 1.350194e+01 -1.157750e+01
3.169723e+13 8.010467e-26 2.539096e-12 1.350102e+01 -1.159532e+01
3.163034e+13 7.889500e-26 2.495476e-12 1.350010e+01 -1.160285e+01
3.156374e+13 8.124607e-26 2.564430e-12 1.349919e+01 -1.159101e+01
3.149742e+13 8.175744e-26 2.575148e-12 1.349827e+01 -1.158920e+01
3.143137e+13 8.237694e-26 2.589220e-12 1.349736e+01 -1.158683e+01
3.136560e+13 7.961521e-26 2.497179e-12 1.349645e+01 -1.160255e+01
3.130010e+13 7.892280e-26 2.470292e-12 1.349555e+01 -1.160725e+01
3.123488e+13 7.977860e-26 2.491875e-12 1.349464e+01 -1.160347e+01
3.116993e+13 7.770830e-26 2.422162e-12 1.349374e+01 -1.161580e+01
3.110525e+13 7.957924e-26 2.475332e-12 1.349283e+01 -1.160637e+01
3.104084e+13 7.917096e-26 2.457533e-12 1.349193e+01 -1.160950e+01
3.097669e+13 7.928097e-26 2.455862e-12 1.349104e+01 -1.160980e+01
3.091281e+13 7.967472e-26 2.462969e-12 1.349014e+01 -1.160854e+01
3.091281e+12 6.987882e-27 2.160151e-13 1.200000e+01 -2.000000e+01
3.091281e+11 6.987882e-27 2.160151e-13 1.100000e+01 -2.000000e+01
3.091281e+10 6.987882e-27 2.160151e-13 1.000000e+01 -2.000000e+01
3.091281e+09 6.987882e-27 2.160151e-13 9.000000e+00 -2.000000e+01
3.091281e+08 6.987882e-27 2.160151e-13 8.000000e+00 -2.000000e+01
3.091281e+07 6.987882e-27 2.160151e-13 7.000000e+00 -2.000000e+01