1.362693e+16 1.004744e-30 1.369157e-14 1.613440e+01 -1.386355e+01
1.303445e+16 8.910997e-30 1.161500e-13 1.611509e+01 -1.293498e+01
1.249135e+16 4.456135e-29 5.566314e-13 1.609661e+01 -1.225443e+01
1.199170e+16 2.211196e-28 2.651598e-12 1.607888e+01 -1.157649e+01
1.153048e+16 9.820090e-28 1.132303e-11 1.606185e+01 -1.094604e+01
1.110342e+16 2.470436e-27 2.743029e-11 1.604546e+01 -1.056177e+01
1.070687e+16 2.629421e-27 2.815287e-11 1.602966e+01 -1.055048e+01
1.033767e+16 4.103033e-27 4.241580e-11 1.601442e+01 -1.037247e+01
9.993080e+15 3.630758e-27 3.628246e-11 1.599970e+01 -1.044030e+01
9.670723e+15 4.139927e-27 4.003608e-11 1.598546e+01 -1.039755e+01
9.368512e+15 4.473357e-27 4.190870e-11 1.597167e+01 -1.037770e+01
9.084618e+15 4.995810e-27 4.538503e-11 1.595831e+01 -1.034309e+01
8.817424e+15 4.878974e-27 4.301998e-11 1.594534e+01 -1.036633e+01
8.565497e+15 5.715325e-27 4.895460e-11 1.593275e+01 -1.031021e+01
8.327567e+15 1.054113e-26 8.778197e-11 1.592052e+01 -1.005659e+01
8.102497e+15 1.538343e-26 1.246442e-10 1.590862e+01 -9.904328e+00
7.889274e+15 1.414199e-26 1.115700e-10 1.589704e+01 -9.952452e+00
7.686985e+15 1.645180e-26 1.264647e-10 1.588576e+01 -9.898031e+00
7.494810e+15 2.400702e-26 1.799280e-10 1.587476e+01 -9.744901e+00
7.312010e+15 2.788560e-26 2.038998e-10 1.586404e+01 -9.690583e+00
7.137914e+15 2.689927e-26 1.920047e-10 1.585357e+01 -9.716688e+00
6.971916e+15 2.662304e-26 1.856136e-10 1.584335e+01 -9.731390e+00
6.813464e+15 3.121359e-26 2.126727e-10 1.583337e+01 -9.672288e+00
6.662053e+15 3.340340e-26 2.225352e-10 1.582361e+01 -9.652601e+00
6.517226e+15 3.137953e-26 2.045075e-10 1.581406e+01 -9.689291e+00
6.378562e+15 3.281015e-26 2.092816e-10 1.580472e+01 -9.679269e+00
6.245675e+15 3.644891e-26 2.276481e-10 1.579558e+01 -9.642736e+00
6.118212e+15 3.499063e-26 2.140801e-10 1.578662e+01 -9.669424e+00
5.995848e+15 4.007382e-26 2.402766e-10 1.577785e+01 -9.619289e+00
5.878282e+15 4.563181e-26 2.682366e-10 1.576925e+01 -9.571482e+00
5.765238e+15 5.014782e-26 2.891142e-10 1.576082e+01 -9.538931e+00
5.656460e+15 4.708850e-26 2.663542e-10 1.575254e+01 -9.574540e+00
5.551711e+15 4.032186e-26 2.238553e-10 1.574443e+01 -9.650033e+00
5.450771e+15 3.971473e-26 2.164759e-10 1.573646e+01 -9.664590e+00
5.353436e+15 4.975715e-26 2.663717e-10 1.572863e+01 -9.574512e+00
5.259516e+15 5.628116e-26 2.960116e-10 1.572095e+01 -9.528691e+00
5.168834e+15 5.764624e-26 2.979639e-10 1.571339e+01 -9.525836e+00
5.081227e+15 5.811022e-26 2.952712e-10 1.570597e+01 -9.529779e+00
4.996540e+15 5.288347e-26 2.642344e-10 1.569867e+01 -9.578011e+00
4.914630e+15 5.067299e-26 2.490390e-10 1.569149e+01 -9.603733e+00
4.835361e+15 5.946806e-26 2.875496e-10 1.568443e+01 -9.541287e+00
4.758610e+15 5.922875e-26 2.818465e-10 1.567748e+01 -9.549987e+00
4.684256e+15 6.446406e-26 3.019662e-10 1.567064e+01 -9.520042e+00
4.612191e+15 6.334431e-26 2.921560e-10 1.566391e+01 -9.534385e+00
4.542309e+15 6.256815e-26 2.842039e-10 1.565728e+01 -9.546370e+00
4.474513e+15 6.871433e-26 3.074632e-10 1.565075e+01 -9.512207e+00
4.408712e+15 6.679468e-26 2.944785e-10 1.564431e+01 -9.530946e+00
4.344817e+15 6.710979e-26 2.915798e-10 1.563797e+01 -9.535243e+00
4.282749e+15 6.627209e-26 2.838267e-10 1.563172e+01 -9.546947e+00
4.222428e+15 6.665226e-26 2.814344e-10 1.562556e+01 -9.550623e+00
4.163783e+15 7.385736e-26 3.075261e-10 1.561949e+01 -9.512118e+00
4.106745e+15 7.536449e-26 3.095027e-10 1.561350e+01 -9.509335e+00
4.051249e+15 7.482794e-26 3.031466e-10 1.560759e+01 -9.518347e+00
3.997232e+15 7.371865e-26 2.946706e-10 1.560176e+01 -9.530663e+00
3.944637e+15 7.018008e-26 2.768349e-10 1.559601e+01 -9.557779e+00
3.893408e+15 7.045048e-26 2.742925e-10 1.559033e+01 -9.561786e+00
3.843492e+15 7.086766e-26 2.723793e-10 1.558473e+01 -9.564826e+00
3.794841e+15 7.022451e-26 2.664908e-10 1.557919e+01 -9.574318e+00
3.747405e+15 7.500329e-26 2.810677e-10 1.557373e+01 -9.551189e+00
3.701141e+15 7.719581e-26 2.857126e-10 1.556834e+01 -9.544071e+00
3.656005e+15 7.813452e-26 2.856602e-10 1.556301e+01 -9.544150e+00
3.611957e+15 7.335078e-26 2.649398e-10 1.555774e+01 -9.576853e+00
3.568957e+15 7.324658e-26 2.614139e-10 1.555254e+01 -9.582671e+00
3.526969e+15 7.795518e-26 2.749455e-10 1.554740e+01 -9.560753e+00
3.485958e+15 7.872322e-26 2.744259e-10 1.554232e+01 -9.561575e+00
3.445890e+15 8.045883e-26 2.772523e-10 1.553730e+01 -9.557125e+00
3.406732e+15 8.062309e-26 2.746612e-10 1.553234e+01 -9.561203e+00
3.368454e+15 8.065726e-26 2.716903e-10 1.552743e+01 -9.565926e+00
3.331027e+15 8.044179e-26 2.679538e-10 1.552258e+01 -9.571940e+00
3.294422e+15 7.469549e-26 2.460785e-10 1.551778e+01 -9.608926e+00
3.258613e+15 2.922511e-25 9.523333e-10 1.551303e+01 -9.021211e+00
3.223574e+15 4.269005e-25 1.376146e-09 1.550834e+01 -8.861336e+00
3.189281e+15 5.761205e-25 1.837410e-09 1.550369e+01 -8.735794e+00
3.155709e+15 7.068262e-25 2.230538e-09 1.549910e+01 -8.651590e+00
3.122838e+15 8.113238e-25 2.533632e-09 1.549455e+01 -8.596256e+00
3.090643e+15 6.911937e-25 2.136233e-09 1.549005e+01 -8.670351e+00
3.059106e+15 6.551723e-25 2.004242e-09 1.548559e+01 -8.698050e+00
3.028206e+15 7.597234e-25 2.300599e-09 1.548119e+01 -8.638159e+00
2.997924e+15 7.537141e-25 2.259577e-09 1.547682e+01 -8.645973e+00
2.968242e+15 7.939379e-25 2.356600e-09 1.547250e+01 -8.627714e+00
2.939141e+15 7.010209e-25 2.060399e-09 1.546822e+01 -8.686049e+00
2.910606e+15 6.938238e-25 2.019448e-09 1.546398e+01 -8.694767e+00
2.882619e+15 8.554110e-25 2.465824e-09 1.545979e+01 -8.608038e+00
2.855166e+15 9.116265e-25 2.602845e-09 1.545563e+01 -8.584552e+00
2.828230e+15 8.628420e-25 2.440316e-09 1.545151e+01 -8.612554e+00
2.801798e+15 8.469224e-25 2.372906e-09 1.544744e+01 -8.624720e+00
2.775856e+15 8.359228e-25 2.320401e-09 1.544340e+01 -8.634437e+00
2.750389e+15 8.352810e-25 2.297348e-09 1.543939e+01 -8.638773e+00
2.725385e+15 8.585712e-25 2.339937e-09 1.543543e+01 -8.630796e+00
2.700832e+15 8.421014e-25 2.274375e-09 1.543150e+01 -8.643138e+00
2.676718e+15 8.105812e-25 2.169697e-09 1.542760e+01 -8.663601e+00
2.653030e+15 8.130717e-25 2.157104e-09 1.542374e+01 -8.666129e+00
2.629758e+15 8.361556e-25 2.198887e-09 1.541992e+01 -8.657797e+00
2.606890e+15 8.180739e-25 2.132629e-09 1.541612e+01 -8.671085e+00
2.584417e+15 7.986611e-25 2.064073e-09 1.541236e+01 -8.685275e+00
2.562328e+15 7.174474e-25 1.838336e-09 1.540863e+01 -8.735575e+00
2.540614e+15 7.052708e-25 1.791821e-09 1.540494e+01 -8.746705e+00
2.519264e+15 7.436698e-25 1.873501e-09 1.540127e+01 -8.727346e+00
2.498270e+15 7.040505e-25 1.758908e-09 1.539764e+01 -8.754757e+00
2.477623e+15 6.112813e-25 1.514525e-09 1.539404e+01 -8.819724e+00
2.457315e+15 1.931556e-25 4.746440e-10 1.539046e+01 -9.323632e+00
2.437337e+15 2.673611e-25 6.516489e-10 1.538692e+01 -9.185986e+00
2.417681e+15 7.902804e-25 1.910646e-09 1.538340e+01 -8.718820e+00
2.398339e+15 9.232124e-25 2.214176e-09 1.537991e+01 -8.654788e+00
2.379305e+15 7.976693e-25 1.897898e-09 1.537645e+01 -8.721727e+00
2.360570e+15 8.575420e-25 2.024288e-09 1.537302e+01 -8.693728e+00
2.342128e+15 8.571668e-25 2.007594e-09 1.536961e+01 -8.697324e+00
2.323972e+15 8.969769e-25 2.084549e-09 1.536623e+01 -8.680988e+00
2.306095e+15 7.825754e-25 1.804693e-09 1.536288e+01 -8.743597e+00
2.288492e+15 8.222495e-25 1.881711e-09 1.535955e+01 -8.725447e+00
2.271155e+15 8.102905e-25 1.840295e-09 1.535625e+01 -8.735113e+00
2.254078e+15 7.795464e-25 1.757159e-09 1.535297e+01 -8.755189e+00
2.237257e+15 7.017856e-25 1.570075e-09 1.534972e+01 -8.804080e+00
2.220684e+15 7.874567e-25 1.748693e-09 1.534649e+01 -8.757286e+00
2.204356e+15 7.086700e-25 1.562161e-09 1.534328e+01 -8.806274e+00
2.188266e+15 6.576901e-25 1.439201e-09 1.534010e+01 -8.841879e+00
2.172409e+15 6.351581e-25 1.379823e-09 1.533694e+01 -8.860177e+00
2.156780e+15 5.788991e-25 1.248558e-09 1.533381e+01 -8.903591e+00
2.141374e+15 6.865811e-25 1.470227e-09 1.533069e+01 -8.832616e+00
2.126187e+15 6.839180e-25 1.454138e-09 1.532760e+01 -8.837394e+00
2.111214e+15 6.708682e-25 1.416346e-09 1.532453e+01 -8.848830e+00
2.096450e+15 6.765389e-25 1.418330e-09 1.532148e+01 -8.848223e+00
2.081892e+15 6.787872e-25 1.413161e-09 1.531846e+01 -8.849808e+00
2.067534e+15 6.392619e-25 1.321696e-09 1.531545e+01 -8.878869e+00
2.053373e+15 6.317208e-25 1.297158e-09 1.531247e+01 -8.887007e+00
2.039404e+15 6.962884e-25 1.420013e-09 1.530950e+01 -8.847708e+00
2.025624e+15 7.336073e-25 1.486013e-09 1.530656e+01 -8.827977e+00
2.012030e+15 7.696757e-25 1.548610e-09 1.530363e+01 -8.810058e+00
1.998616e+15 7.097960e-25 1.418610e-09 1.530073e+01 -8.848137e+00
1.985380e+15 7.527592e-25 1.494513e-09 1.529784e+01 -8.825500e+00
1.972318e+15 7.363861e-25 1.452388e-09 1.529498e+01 -8.837917e+00
1.959427e+15 5.347648e-25 1.047833e-09 1.529213e+01 -8.979708e+00
1.946704e+15 3.138500e-25 6.109730e-10 1.528930e+01 -9.213978e+00
1.934145e+15 7.716183e-25 1.492421e-09 1.528649e+01 -8.826109e+00
1.921746e+15 8.320696e-25 1.599027e-09 1.528370e+01 -8.796144e+00
1.909506e+15 7.282004e-25 1.390503e-09 1.528092e+01 -8.856828e+00
1.897420e+15 7.186034e-25 1.363493e-09 1.527816e+01 -8.865347e+00
1.885487e+15 7.091744e-25 1.337139e-09 1.527542e+01 -8.873823e+00
1.873702e+15 6.754769e-25 1.265643e-09 1.527270e+01 -8.897689e+00
1.862065e+15 6.232521e-25 1.160536e-09 1.526999e+01 -8.935341e+00
1.850570e+15 6.328528e-25 1.171139e-09 1.526731e+01 -8.931392e+00
1.839217e+15 6.286190e-25 1.156167e-09 1.526463e+01 -8.936980e+00
1.828002e+15 6.354158e-25 1.161542e-09 1.526198e+01 -8.934965e+00
1.816924e+15 6.628519e-25 1.204351e-09 1.525934e+01 -8.919247e+00
1.805978e+15 6.147341e-25 1.110196e-09 1.525671e+01 -8.954600e+00
1.795164e+15 6.328842e-25 1.136131e-09 1.525410e+01 -8.944572e+00
1.784479e+15 6.822429e-25 1.217448e-09 1.525151e+01 -8.914550e+00
1.773920e+15 6.594462e-25 1.169805e-09 1.524893e+01 -8.931887e+00
1.763485e+15 6.420234e-25 1.132198e-09 1.524637e+01 -8.946077e+00
1.753172e+15 5.933934e-25 1.040321e-09 1.524382e+01 -8.982833e+00
1.742979e+15 5.927720e-25 1.033189e-09 1.524129e+01 -8.985820e+00
1.732904e+15 6.572126e-25 1.138886e-09 1.523877e+01 -8.943520e+00
1.722945e+15 6.598947e-25 1.136962e-09 1.523627e+01 -8.944254e+00
1.713099e+15 6.475228e-25 1.109271e-09 1.523378e+01 -8.954962e+00
1.703366e+15 6.700999e-25 1.141425e-09 1.523131e+01 -8.942552e+00
1.693742e+15 6.558386e-25 1.110822e-09 1.522885e+01 -8.954356e+00
1.684227e+15 6.569954e-25 1.106529e-09 1.522640e+01 -8.956037e+00
1.674818e+15 5.669780e-25 9.495848e-10 1.522397e+01 -9.022466e+00
1.665513e+15 6.205105e-25 1.033469e-09 1.522155e+01 -8.985703e+00
1.656312e+15 6.098686e-25 1.010132e-09 1.521914e+01 -8.995622e+00
1.647211e+15 6.386209e-25 1.051943e-09 1.521675e+01 -8.978008e+00
1.638210e+15 6.343443e-25 1.039189e-09 1.521437e+01 -8.983305e+00
1.629307e+15 6.148711e-25 1.001814e-09 1.521200e+01 -8.999213e+00
1.620499e+15 5.920689e-25 9.594473e-10 1.520965e+01 -9.017979e+00
1.611787e+15 5.831721e-25 9.399493e-10 1.520731e+01 -9.026896e+00
1.603168e+15 5.955702e-25 9.547990e-10 1.520498e+01 -9.020088e+00
1.594640e+15 5.920753e-25 9.441472e-10 1.520266e+01 -9.024960e+00
1.586203e+15 5.784166e-25 9.174862e-10 1.520036e+01 -9.037400e+00
1.577855e+15 5.681525e-25 8.964620e-10 1.519807e+01 -9.047468e+00
1.569594e+15 5.681990e-25 8.918416e-10 1.519579e+01 -9.049712e+00
1.561419e+15 5.548394e-25 8.663367e-10 1.519352e+01 -9.062313e+00
1.553328e+15 5.667090e-25 8.802853e-10 1.519126e+01 -9.055377e+00
1.545322e+15 5.813656e-25 8.983968e-10 1.518902e+01 -9.046532e+00
1.537397e+15 5.873745e-25 9.030277e-10 1.518679e+01 -9.044299e+00
1.529553e+15 5.867015e-25 8.973910e-10 1.518456e+01 -9.047018e+00
1.521789e+15 5.809489e-25 8.840815e-10 1.518235e+01 -9.053508e+00
1.514103e+15 5.918855e-25 8.961757e-10 1.518016e+01 -9.047607e+00
1.506494e+15 5.904980e-25 8.895820e-10 1.517797e+01 -9.050814e+00
1.498962e+15 5.992435e-25 8.982432e-10 1.517579e+01 -9.046606e+00
1.491504e+15 5.953673e-25 8.879930e-10 1.517362e+01 -9.051590e+00
1.484121e+15 5.989294e-25 8.888836e-10 1.517147e+01 -9.051155e+00
1.476810e+15 5.986333e-25 8.840676e-10 1.516932e+01 -9.053515e+00
1.469571e+15 5.996977e-25 8.812981e-10 1.516719e+01 -9.054877e+00
1.462402e+15 5.781759e-25 8.455255e-10 1.516507e+01 -9.072873e+00
1.455303e+15 5.457652e-25 7.942537e-10 1.516295e+01 -9.100041e+00
1.448272e+15 5.765341e-25 8.349785e-10 1.516085e+01 -9.078325e+00
1.441310e+15 5.921979e-25 8.535406e-10 1.515876e+01 -9.068776e+00
1.434413e+15 5.597416e-25 8.029009e-10 1.515667e+01 -9.095338e+00
1.427583e+15 5.527811e-25 7.891408e-10 1.515460e+01 -9.102845e+00
1.420817e+15 5.730988e-25 8.142686e-10 1.515254e+01 -9.089232e+00
1.414115e+15 5.534126e-25 7.825891e-10 1.515048e+01 -9.106466e+00
1.407476e+15 5.834862e-25 8.212429e-10 1.514844e+01 -9.085528e+00
1.400899e+15 5.446978e-25 7.630667e-10 1.514641e+01 -9.117438e+00
1.394383e+15 5.438769e-25 7.583729e-10 1.514438e+01 -9.120117e+00
1.387928e+15 5.494915e-25 7.626545e-10 1.514237e+01 -9.117672e+00
1.381532e+15 5.233783e-25 7.230637e-10 1.514036e+01 -9.140823e+00
1.375194e+15 5.092238e-25 7.002818e-10 1.513836e+01 -9.154727e+00
1.368915e+15 5.499993e-25 7.529024e-10 1.513638e+01 -9.123261e+00
1.362693e+15 5.880740e-25 8.013642e-10 1.513440e+01 -9.096170e+00
1.356527e+15 5.360805e-25 7.272075e-10 1.513243e+01 -9.138342e+00
1.350416e+15 5.105141e-25 6.894065e-10 1.513047e+01 -9.161525e+00
1.344361e+15 5.204534e-25 6.996769e-10 1.512852e+01 -9.155102e+00
1.338359e+15 5.267682e-25 7.050049e-10 1.512657e+01 -9.151808e+00
1.332411e+15 5.326025e-25 7.096453e-10 1.512464e+01 -9.148959e+00
1.326515e+15 5.316948e-25 7.053011e-10 1.512271e+01 -9.151625e+00
1.320671e+15 5.142601e-25 6.791686e-10 1.512079e+01 -9.168022e+00
1.314879e+15 5.169843e-25 6.797717e-10 1.511889e+01 -9.167637e+00
1.309137e+15 5.236062e-25 6.854723e-10 1.511699e+01 -9.164010e+00
1.303445e+15 5.154944e-25 6.719187e-10 1.511509e+01 -9.172683e+00
1.297803e+15 5.265759e-25 6.833916e-10 1.511321e+01 -9.165330e+00
1.292209e+15 5.435598e-25 7.023926e-10 1.511133e+01 -9.153420e+00
1.286663e+15 5.525563e-25 7.109535e-10 1.510946e+01 -9.148159e+00
1.281164e+15 5.497825e-25 7.043616e-10 1.510760e+01 -9.152204e+00
1.275712e+15 5.241904e-25 6.687162e-10 1.510575e+01 -9.174758e+00
1.270307e+15 5.336571e-25 6.779082e-10 1.510391e+01 -9.168829e+00
1.264947e+15 5.506869e-25 6.965897e-10 1.510207e+01 -9.157023e+00
1.259632e+15 5.224165e-25 6.580525e-10 1.510024e+01 -9.181739e+00
1.254362e+15 4.890863e-25 6.134910e-10 1.509842e+01 -9.212192e+00
1.249135e+15 5.167398e-25 6.454778e-10 1.509661e+01 -9.190119e+00
1.243952e+15 5.102293e-25 6.347006e-10 1.509480e+01 -9.197431e+00
1.238812e+15 5.099696e-25 6.317562e-10 1.509301e+01 -9.199450e+00
1.233714e+15 5.322842e-25 6.566863e-10 1.509121e+01 -9.182642e+00
1.228657e+15 5.232886e-25 6.429423e-10 1.508943e+01 -9.191828e+00
1.223642e+15 5.221324e-25 6.389034e-10 1.508765e+01 -9.194565e+00
1.218668e+15 5.498790e-25 6.701201e-10 1.508589e+01 -9.173847e+00
1.213734e+15 5.213814e-25 6.328186e-10 1.508412e+01 -9.198721e+00
1.208840e+15 5.088460e-25 6.151136e-10 1.508237e+01 -9.211045e+00
1.203986e+15 4.890507e-25 5.888099e-10 1.508062e+01 -9.230025e+00
1.199170e+15 4.983745e-25 5.976355e-10 1.507888e+01 -9.223564e+00
1.194392e+15 4.832141e-25 5.771471e-10 1.507715e+01 -9.238713e+00
1.189652e+15 4.736820e-25 5.635170e-10 1.507542e+01 -9.249093e+00
1.184950e+15 4.913182e-25 5.821876e-10 1.507370e+01 -9.234937e+00
1.180285e+15 4.984416e-25 5.883032e-10 1.507199e+01 -9.230399e+00
1.175656e+15 4.973746e-25 5.847416e-10 1.507028e+01 -9.233036e+00
1.171064e+15 4.826549e-25 5.652199e-10 1.506858e+01 -9.247783e+00
1.166507e+15 4.957431e-25 5.782880e-10 1.506689e+01 -9.237856e+00
1.161986e+15 4.282692e-25 4.976428e-10 1.506520e+01 -9.303082e+00
1.157500e+15 4.390193e-25 5.081647e-10 1.506352e+01 -9.293996e+00
1.153048e+15 4.440697e-25 5.120335e-10 1.506185e+01 -9.290702e+00
1.148630e+15 4.609035e-25 5.294075e-10 1.506018e+01 -9.276210e+00
1.144246e+15 4.749975e-25 5.435139e-10 1.505852e+01 -9.264789e+00
1.139895e+15 4.740375e-25 5.403530e-10 1.505686e+01 -9.267322e+00
1.135577e+15 4.623040e-25 5.249819e-10 1.505522e+01 -9.279856e+00
1.131292e+15 4.662220e-25 5.274332e-10 1.505357e+01 -9.277833e+00
1.127039e+15 4.550754e-25 5.128878e-10 1.505194e+01 -9.289978e+00
1.122818e+15 4.492852e-25 5.044655e-10 1.505031e+01 -9.297169e+00
1.118628e+15 4.478877e-25 5.010199e-10 1.504869e+01 -9.300145e+00
1.114470e+15 4.539339e-25 5.058957e-10 1.504707e+01 -9.295939e+00
1.110342e+15 4.437273e-25 4.926892e-10 1.504546e+01 -9.307427e+00
1.106245e+15 4.483891e-25 4.960282e-10 1.504385e+01 -9.304494e+00
1.102178e+15 4.425686e-25 4.877893e-10 1.504225e+01 -9.311768e+00
1.098141e+15 4.383621e-25 4.813833e-10 1.504066e+01 -9.317509e+00
1.094133e+15 4.333583e-25 4.741516e-10 1.503907e+01 -9.324083e+00
1.090154e+15 4.432228e-25 4.831811e-10 1.503749e+01 -9.315890e+00
1.086204e+15 4.416601e-25 4.797331e-10 1.503591e+01 -9.319000e+00
1.082283e+15 4.328888e-25 4.685082e-10 1.503434e+01 -9.329283e+00
1.078390e+15 4.422321e-25 4.768987e-10 1.503278e+01 -9.321574e+00
1.074525e+15 4.357166e-25 4.681883e-10 1.503122e+01 -9.329579e+00
1.070687e+15 4.082497e-25 4.371078e-10 1.502966e+01 -9.359411e+00
1.066877e+15 4.319595e-25 4.608476e-10 1.502811e+01 -9.336443e+00
1.063094e+15 4.567173e-25 4.855333e-10 1.502657e+01 -9.313781e+00
1.059337e+15 4.243221e-25 4.495002e-10 1.502503e+01 -9.347270e+00
1.055607e+15 4.428294e-25 4.674538e-10 1.502350e+01 -9.330261e+00
1.051903e+15 4.330848e-25 4.555633e-10 1.502198e+01 -9.341451e+00
1.048225e+15 4.354623e-25 4.564626e-10 1.502045e+01 -9.340595e+00
1.044573e+15 4.379371e-25 4.574572e-10 1.501894e+01 -9.339650e+00
1.040946e+15 4.399314e-25 4.579448e-10 1.501743e+01 -9.339187e+00
1.037344e+15 4.423107e-25 4.588283e-10 1.501592e+01 -9.338350e+00
1.033767e+15 4.417520e-25 4.566686e-10 1.501442e+01 -9.340399e+00
1.030214e+15 4.416471e-25 4.549912e-10 1.501293e+01 -9.341997e+00
1.026686e+15 4.355496e-25 4.471728e-10 1.501144e+01 -9.349525e+00
1.023182e+15 4.426383e-25 4.528997e-10 1.500995e+01 -9.343998e+00
1.019702e+15 4.321721e-25 4.406868e-10 1.500847e+01 -9.355870e+00
1.016245e+15 4.383611e-25 4.454825e-10 1.500700e+01 -9.351169e+00
1.012812e+15 4.497076e-25 4.554694e-10 1.500553e+01 -9.341541e+00
1.009402e+15 4.378514e-25 4.419681e-10 1.500406e+01 -9.354609e+00
1.006015e+15 4.310805e-25 4.336733e-10 1.500260e+01 -9.362837e+00
1.002650e+15 4.403314e-25 4.414984e-10 1.500115e+01 -9.355071e+00
9.993080e+14 4.379347e-25 4.376316e-10 1.499970e+01 -9.358891e+00
9.959880e+14 4.364262e-25 4.346753e-10 1.499825e+01 -9.361835e+00
9.926901e+14 4.282812e-25 4.251505e-10 1.499681e+01 -9.371457e+00
9.894139e+14 4.245982e-25 4.201033e-10 1.499538e+01 -9.376644e+00
9.861592e+14 4.243910e-25 4.185171e-10 1.499395e+01 -9.378287e+00
9.829259e+14 4.267541e-25 4.194677e-10 1.499252e+01 -9.377301e+00
9.797137e+14 4.235577e-25 4.149653e-10 1.499110e+01 -9.381988e+00
9.765225e+14 4.228172e-25 4.128905e-10 1.498968e+01 -9.384165e+00
9.733519e+14 4.274548e-25 4.160640e-10 1.498827e+01 -9.380840e+00
9.702019e+14 4.337944e-25 4.208681e-10 1.498686e+01 -9.375854e+00
9.670723e+14 4.296657e-25 4.155178e-10 1.498546e+01 -9.381410e+00
9.639627e+14 4.348084e-25 4.191391e-10 1.498406e+01 -9.377642e+00
9.608731e+14 4.277433e-25 4.110070e-10 1.498267e+01 -9.386151e+00
9.578032e+14 4.431578e-25 4.244580e-10 1.498128e+01 -9.372165e+00
9.547529e+14 4.459940e-25 4.258141e-10 1.497989e+01 -9.370780e+00
9.517219e+14 4.443312e-25 4.228798e-10 1.497851e+01 -9.373783e+00
9.487101e+14 4.357569e-25 4.134070e-10 1.497713e+01 -9.383622e+00
9.457174e+14 4.576005e-25 4.327608e-10 1.497576e+01 -9.363752e+00
9.427434e+14 4.637907e-25 4.372356e-10 1.497439e+01 -9.359285e+00
9.397881e+14 4.555689e-25 4.281382e-10 1.497303e+01 -9.368416e+00
9.368512e+14 4.476936e-25 4.194223e-10 1.497167e+01 -9.377348e+00
9.339327e+14 4.629798e-25 4.323920e-10 1.497032e+01 -9.364122e+00
9.310323e+14 4.564476e-25 4.249675e-10 1.496896e+01 -9.371644e+00
9.281498e+14 4.615963e-25 4.284306e-10 1.496762e+01 -9.368120e+00
9.252852e+14 4.651927e-25 4.304359e-10 1.496628e+01 -9.366092e+00
9.224382e+14 4.587171e-25 4.231382e-10 1.496494e+01 -9.373518e+00
9.196086e+14 4.619158e-25 4.247817e-10 1.496360e+01 -9.371834e+00
9.167963e+14 4.569063e-25 4.188900e-10 1.496227e+01 -9.377900e+00
9.140012e+14 4.529374e-25 4.139853e-10 1.496095e+01 -9.383015e+00
9.112231e+14 4.506597e-25 4.106515e-10 1.495962e+01 -9.386527e+00
9.084618e+14 4.507393e-25 4.094794e-10 1.495831e+01 -9.387768e+00
9.057172e+14 4.473489e-25 4.051716e-10 1.495699e+01 -9.392361e+00
9.029892e+14 4.528809e-25 4.089465e-10 1.495568e+01 -9.388333e+00
9.002775e+14 4.583259e-25 4.126205e-10 1.495438e+01 -9.384449e+00
8.975820e+14 4.522458e-25 4.059277e-10 1.495307e+01 -9.391551e+00
8.949027e+14 4.567882e-25 4.087810e-10 1.495178e+01 -9.388509e+00
8.922393e+14 4.546532e-25 4.056595e-10 1.495048e+01 -9.391838e+00
8.895917e+14 4.545852e-25 4.043952e-10 1.494919e+01 -9.393194e+00
8.869598e+14 4.536937e-25 4.024081e-10 1.494790e+01 -9.395333e+00
8.843434e+14 4.553112e-25 4.026515e-10 1.494662e+01 -9.395071e+00
8.817424e+14 4.532881e-25 3.996833e-10 1.494534e+01 -9.398284e+00
8.791566e+14 4.529783e-25 3.982388e-10 1.494407e+01 -9.399856e+00
8.765860e+14 4.568652e-25 4.004816e-10 1.494279e+01 -9.397417e+00
8.740303e+14 4.447391e-25 3.887154e-10 1.494153e+01 -9.410368e+00
8.714895e+14 4.434762e-25 3.864848e-10 1.494026e+01 -9.412868e+00
8.689635e+14 4.484154e-25 3.896566e-10 1.493900e+01 -9.409318e+00
8.664520e+14 4.486479e-25 3.887318e-10 1.493774e+01 -9.410350e+00
8.639550e+14 4.473174e-25 3.864621e-10 1.493649e+01 -9.412893e+00
8.614724e+14 4.436919e-25 3.822283e-10 1.493524e+01 -9.417677e+00
8.590040e+14 4.476644e-25 3.845455e-10 1.493400e+01 -9.415052e+00
8.565497e+14 4.522314e-25 3.873586e-10 1.493275e+01 -9.411887e+00
8.541094e+14 4.509441e-25 3.851556e-10 1.493151e+01 -9.414364e+00
8.516830e+14 4.519295e-25 3.849007e-10 1.493028e+01 -9.414651e+00
8.492703e+14 4.529042e-25 3.846381e-10 1.492905e+01 -9.414948e+00
8.468712e+14 4.525542e-25 3.832551e-10 1.492782e+01 -9.416512e+00
8.444856e+14 4.529124e-25 3.824780e-10 1.492659e+01 -9.417394e+00
8.421135e+14 4.522195e-25 3.808202e-10 1.492537e+01 -9.419280e+00
8.397546e+14 4.525366e-25 3.800197e-10 1.492415e+01 -9.420194e+00
8.374089e+14 4.522386e-25 3.787087e-10 1.492294e+01 -9.421695e+00
8.350763e+14 4.532673e-25 3.785128e-10 1.492173e+01 -9.421919e+00
8.327567e+14 4.562489e-25 3.799443e-10 1.492052e+01 -9.420280e+00
8.304499e+14 4.562062e-25 3.788564e-10 1.491931e+01 -9.421525e+00
8.281558e+14 4.555314e-25 3.772510e-10 1.491811e+01 -9.423370e+00
8.258744e+14 4.565166e-25 3.770253e-10 1.491691e+01 -9.423629e+00
8.236055e+14 4.564113e-25 3.759029e-10 1.491572e+01 -9.424924e+00
8.213490e+14 2.911528e-25 2.391380e-10 1.491453e+01 -9.621351e+00
8.191049e+14 2.893172e-25 2.369811e-10 1.491334e+01 -9.625286e+00
8.168730e+14 2.855656e-25 2.332708e-10 1.491215e+01 -9.632140e+00
8.146533e+14 2.797092e-25 2.278660e-10 1.491097e+01 -9.642320e+00
8.124455e+14 2.772659e-25 2.252635e-10 1.490979e+01 -9.647309e+00
8.102497e+14 2.759001e-25 2.235480e-10 1.490862e+01 -9.650629e+00
8.080658e+14 2.743470e-25 2.216904e-10 1.490745e+01 -9.654253e+00
8.058935e+14 2.763115e-25 2.226777e-10 1.490628e+01 -9.652323e+00
8.037330e+14 2.753679e-25 2.213223e-10 1.490511e+01 -9.654975e+00
8.015840e+14 2.765205e-25 2.216544e-10 1.490395e+01 -9.654324e+00
7.994464e+14 2.784927e-25 2.226400e-10 1.490279e+01 -9.652397e+00
7.973202e+14 2.770155e-25 2.208700e-10 1.490163e+01 -9.655863e+00
7.952053e+14 2.796499e-25 2.223791e-10 1.490048e+01 -9.652906e+00
7.931016e+14 2.884593e-25 2.287775e-10 1.489933e+01 -9.640587e+00
7.910090e+14 2.863062e-25 2.264708e-10 1.489818e+01 -9.644988e+00
7.889274e+14 2.807539e-25 2.214945e-10 1.489704e+01 -9.654637e+00
7.868567e+14 2.957618e-25 2.327222e-10 1.489590e+01 -9.633162e+00
7.847969e+14 3.008862e-25 2.361346e-10 1.489476e+01 -9.626840e+00
7.827478e+14 2.802488e-25 2.193641e-10 1.489362e+01 -9.658834e+00
7.807094e+14 2.775915e-25 2.167183e-10 1.489249e+01 -9.664104e+00
7.786816e+14 2.956157e-25 2.301905e-10 1.489136e+01 -9.637913e+00
7.766642e+14 3.007984e-25 2.336194e-10 1.489023e+01 -9.631491e+00
7.746574e+14 2.967759e-25 2.298996e-10 1.488911e+01 -9.638462e+00
7.726608e+14 2.805988e-25 2.168077e-10 1.488799e+01 -9.663925e+00
7.706746e+14 2.661819e-25 2.051396e-10 1.488687e+01 -9.687950e+00
7.686985e+14 2.796009e-25 2.149288e-10 1.488576e+01 -9.667705e+00
7.667325e+14 2.943938e-25 2.257213e-10 1.488464e+01 -9.646427e+00
7.647765e+14 2.935745e-25 2.245189e-10 1.488353e+01 -9.648747e+00
7.628305e+14 2.914758e-25 2.223466e-10 1.488243e+01 -9.652969e+00
7.608944e+14 2.935035e-25 2.233252e-10 1.488132e+01 -9.651062e+00
7.589681e+14 2.960858e-25 2.247197e-10 1.488022e+01 -9.648359e+00
7.570515e+14 2.807803e-25 2.125651e-10 1.487913e+01 -9.672508e+00
7.551446e+14 2.647577e-25 1.999303e-10 1.487803e+01 -9.699121e+00
7.532472e+14 2.814092e-25 2.119707e-10 1.487694e+01 -9.673724e+00
7.513594e+14 2.987746e-25 2.244871e-10 1.487585e+01 -9.648809e+00
7.494810e+14 3.008333e-25 2.254688e-10 1.487476e+01 -9.646914e+00
7.476120e+14 2.985928e-25 2.232316e-10 1.487368e+01 -9.651244e+00
7.457522e+14 2.914241e-25 2.173301e-10 1.487259e+01 -9.662880e+00
7.439017e+14 2.909838e-25 2.164633e-10 1.487152e+01 -9.664616e+00
7.420604e+14 2.971831e-25 2.205278e-10 1.487044e+01 -9.656537e+00
7.402281e+14 2.977007e-25 2.203664e-10 1.486937e+01 -9.656855e+00
7.384049e+14 2.964843e-25 2.189255e-10 1.486829e+01 -9.659704e+00
7.365907e+14 2.927364e-25 2.156269e-10 1.486723e+01 -9.666297e+00
7.347853e+14 2.893287e-25 2.125945e-10 1.486616e+01 -9.672448e+00
7.329888e+14 2.788615e-25 2.044024e-10 1.486510e+01 -9.689514e+00
7.312010e+14 2.596651e-25 1.898674e-10 1.486404e+01 -9.721550e+00
7.294219e+14 2.705756e-25 1.973638e-10 1.486298e+01 -9.704733e+00
7.276515e+14 2.898883e-25 2.109377e-10 1.486192e+01 -9.675846e+00
7.258896e+14 2.956687e-25 2.146228e-10 1.486087e+01 -9.668324e+00
7.241362e+14 2.929093e-25 2.121062e-10 1.485982e+01 -9.673447e+00
7.223913e+14 2.893102e-25 2.089952e-10 1.485877e+01 -9.679864e+00
7.206548e+14 2.882870e-25 2.077554e-10 1.485773e+01 -9.682448e+00
7.189266e+14 2.886618e-25 2.075267e-10 1.485668e+01 -9.682926e+00
7.172067e+14 2.876054e-25 2.062725e-10 1.485564e+01 -9.685559e+00
7.154950e+14 2.840747e-25 2.032541e-10 1.485461e+01 -9.691961e+00
7.137914e+14 2.813224e-25 2.008055e-10 1.485357e+01 -9.697224e+00
7.120960e+14 2.843155e-25 2.024599e-10 1.485254e+01 -9.693661e+00
7.104085e+14 2.858752e-25 2.030882e-10 1.485151e+01 -9.692315e+00
7.087291e+14 2.845219e-25 2.016490e-10 1.485048e+01 -9.695404e+00
7.070575e+14 2.844028e-25 2.010891e-10 1.484945e+01 -9.696611e+00
7.053939e+14 2.846938e-25 2.008213e-10 1.484843e+01 -9.697190e+00
7.037380e+14 2.832868e-25 1.993597e-10 1.484741e+01 -9.700363e+00
7.020899e+14 2.831315e-25 1.987838e-10 1.484639e+01 -9.701619e+00
7.004495e+14 2.825386e-25 1.979041e-10 1.484538e+01 -9.703545e+00
6.988168e+14 2.825741e-25 1.974675e-10 1.484436e+01 -9.704504e+00
6.971916e+14 2.821698e-25 1.967264e-10 1.484335e+01 -9.706137e+00
6.955740e+14 2.767754e-25 1.925177e-10 1.484234e+01 -9.715529e+00
6.939639e+14 2.739305e-25 1.900979e-10 1.484134e+01 -9.721023e+00
6.923612e+14 2.572903e-25 1.781378e-10 1.484033e+01 -9.749244e+00
6.907659e+14 2.453147e-25 1.694550e-10 1.483933e+01 -9.770946e+00
6.891779e+14 2.581296e-25 1.778972e-10 1.483833e+01 -9.749831e+00
6.875972e+14 2.734905e-25 1.880513e-10 1.483733e+01 -9.725724e+00
6.860238e+14 2.734117e-25 1.875669e-10 1.483634e+01 -9.726844e+00
6.844575e+14 2.722061e-25 1.863135e-10 1.483535e+01 -9.729756e+00
6.828984e+14 2.682868e-25 1.832126e-10 1.483436e+01 -9.737045e+00
6.813464e+14 2.701870e-25 1.840910e-10 1.483337e+01 -9.734968e+00
6.798014e+14 2.696041e-25 1.832772e-10 1.483238e+01 -9.736891e+00
6.782633e+14 2.655937e-25 1.801425e-10 1.483140e+01 -9.744384e+00
6.767323e+14 2.635962e-25 1.783840e-10 1.483042e+01 -9.748644e+00
6.752081e+14 2.629504e-25 1.775462e-10 1.482944e+01 -9.750689e+00
6.736908e+14 2.662123e-25 1.793448e-10 1.482846e+01 -9.746311e+00
6.721803e+14 2.643977e-25 1.777229e-10 1.482749e+01 -9.750257e+00
6.706765e+14 2.579034e-25 1.729698e-10 1.482651e+01 -9.762030e+00
6.691795e+14 2.583572e-25 1.728874e-10 1.482554e+01 -9.762237e+00
6.676891e+14 2.604513e-25 1.739005e-10 1.482457e+01 -9.759699e+00
6.662053e+14 2.599615e-25 1.731877e-10 1.482361e+01 -9.761483e+00
6.647282e+14 2.587486e-25 1.719975e-10 1.482264e+01 -9.764478e+00
6.632575e+14 2.568033e-25 1.703267e-10 1.482168e+01 -9.768717e+00
6.617934e+14 2.543551e-25 1.683305e-10 1.482072e+01 -9.773837e+00
6.603357e+14 2.513974e-25 1.660067e-10 1.481976e+01 -9.779875e+00
6.588844e+14 2.527472e-25 1.665312e-10 1.481881e+01 -9.778504e+00
6.574395e+14 2.565240e-25 1.686490e-10 1.481786e+01 -9.773016e+00
6.560009e+14 2.549741e-25 1.672632e-10 1.481690e+01 -9.776600e+00
6.545686e+14 2.543806e-25 1.665096e-10 1.481596e+01 -9.778561e+00
6.531425e+14 2.535292e-25 1.655907e-10 1.481501e+01 -9.780964e+00
6.517226e+14 2.524166e-25 1.645056e-10 1.481406e+01 -9.783819e+00
6.503089e+14 2.557434e-25 1.663122e-10 1.481312e+01 -9.779076e+00
6.489013e+14 2.558596e-25 1.660276e-10 1.481218e+01 -9.779820e+00
6.474998e+14 2.564689e-25 1.660636e-10 1.481124e+01 -9.779726e+00
6.461043e+14 2.558223e-25 1.652879e-10 1.481030e+01 -9.781759e+00
6.447148e+14 2.531479e-25 1.632082e-10 1.480937e+01 -9.787258e+00
6.433313e+14 2.516322e-25 1.618829e-10 1.480843e+01 -9.790799e+00
6.419537e+14 2.499949e-25 1.604852e-10 1.480750e+01 -9.794565e+00
6.405821e+14 2.472395e-25 1.583772e-10 1.480657e+01 -9.800307e+00
6.392162e+14 2.461960e-25 1.573725e-10 1.480565e+01 -9.803071e+00
6.378562e+14 2.487396e-25 1.586601e-10 1.480472e+01 -9.799532e+00
6.365019e+14 2.473957e-25 1.574679e-10 1.480380e+01 -9.802808e+00
6.351534e+14 2.472016e-25 1.570110e-10 1.480288e+01 -9.804070e+00
6.338106e+14 2.486151e-25 1.575749e-10 1.480196e+01 -9.802513e+00
6.324734e+14 2.465266e-25 1.559215e-10 1.480104e+01 -9.807094e+00
6.311419e+14 2.460434e-25 1.552883e-10 1.480013e+01 -9.808861e+00
6.298160e+14 2.447842e-25 1.541690e-10 1.479921e+01 -9.812003e+00
6.284956e+14 2.464499e-25 1.548927e-10 1.479830e+01 -9.809969e+00
6.271808e+14 2.457542e-25 1.541323e-10 1.479739e+01 -9.812106e+00
6.258714e+14 2.432821e-25 1.522633e-10 1.479649e+01 -9.817405e+00
6.245675e+14 2.416955e-25 1.509551e-10 1.479558e+01 -9.821152e+00
6.232690e+14 2.409787e-25 1.501945e-10 1.479468e+01 -9.823346e+00
6.219759e+14 2.405202e-25 1.495978e-10 1.479377e+01 -9.825075e+00
6.206882e+14 2.383396e-25 1.479346e-10 1.479287e+01 -9.829930e+00
6.194058e+14 2.360528e-25 1.462125e-10 1.479198e+01 -9.835016e+00
6.181287e+14 2.240406e-25 1.384859e-10 1.479108e+01 -9.858594e+00
6.168568e+14 2.102447e-25 1.296909e-10 1.479018e+01 -9.887091e+00
6.155901e+14 2.177693e-25 1.340566e-10 1.478929e+01 -9.872712e+00
6.143287e+14 2.315647e-25 1.422569e-10 1.478840e+01 -9.846927e+00
6.130724e+14 2.331554e-25 1.429412e-10 1.478751e+01 -9.844843e+00
6.118212e+14 2.334947e-25 1.428570e-10 1.478662e+01 -9.845099e+00
6.105752e+14 2.331287e-25 1.423426e-10 1.478574e+01 -9.846665e+00
6.093341e+14 2.311748e-25 1.408627e-10 1.478486e+01 -9.851204e+00
6.080982e+14 2.330498e-25 1.417172e-10 1.478397e+01 -9.848578e+00
6.068672e+14 2.337688e-25 1.418666e-10 1.478309e+01 -9.848120e+00
6.056412e+14 2.323756e-25 1.407362e-10 1.478222e+01 -9.851594e+00
6.044202e+14 2.308794e-25 1.395482e-10 1.478134e+01 -9.855276e+00
6.032040e+14 2.304013e-25 1.389790e-10 1.478046e+01 -9.857051e+00
6.019928e+14 2.296826e-25 1.382673e-10 1.477959e+01 -9.859281e+00
6.007864e+14 2.297648e-25 1.380395e-10 1.477872e+01 -9.859996e+00
5.995848e+14 2.292013e-25 1.374256e-10 1.477785e+01 -9.861932e+00
5.983880e+14 2.283939e-25 1.366682e-10 1.477698e+01 -9.864333e+00
5.971960e+14 2.276625e-25 1.359592e-10 1.477612e+01 -9.866592e+00
5.960087e+14 2.277747e-25 1.357557e-10 1.477525e+01 -9.867242e+00
5.948262e+14 2.264915e-25 1.347231e-10 1.477439e+01 -9.870558e+00
5.936483e+14 2.261731e-25 1.342673e-10 1.477353e+01 -9.872030e+00
5.924751e+14 2.251906e-25 1.334198e-10 1.477267e+01 -9.874780e+00
5.913065e+14 2.247640e-25 1.329044e-10 1.477181e+01 -9.876461e+00
5.901425e+14 2.247797e-25 1.326521e-10 1.477096e+01 -9.877286e+00
5.889831e+14 2.240660e-25 1.319711e-10 1.477010e+01 -9.879521e+00
5.878282e+14 2.231595e-25 1.311795e-10 1.476925e+01 -9.882134e+00
5.866779e+14 2.219366e-25 1.302053e-10 1.476840e+01 -9.885371e+00
5.855320e+14 2.230504e-25 1.306032e-10 1.476755e+01 -9.884046e+00
5.843906e+14 2.224510e-25 1.299983e-10 1.476670e+01 -9.886062e+00
5.832537e+14 2.224881e-25 1.297670e-10 1.476586e+01 -9.886836e+00
5.821212e+14 2.225513e-25 1.295518e-10 1.476501e+01 -9.887556e+00
5.809930e+14 2.213693e-25 1.286140e-10 1.476417e+01 -9.890712e+00
5.798692e+14 2.209827e-25 1.281411e-10 1.476333e+01 -9.892312e+00
5.787498e+14 2.206193e-25 1.276834e-10 1.476249e+01 -9.893866e+00
5.776347e+14 2.194637e-25 1.267698e-10 1.476165e+01 -9.896984e+00
5.765238e+14 2.193967e-25 1.264874e-10 1.476082e+01 -9.897953e+00
5.754173e+14 2.176168e-25 1.252205e-10 1.475998e+01 -9.902325e+00
5.743149e+14 2.173737e-25 1.248410e-10 1.475915e+01 -9.903643e+00
5.732168e+14 2.169328e-25 1.243495e-10 1.475832e+01 -9.905356e+00
5.721229e+14 2.157480e-25 1.234344e-10 1.475749e+01 -9.908564e+00
5.710331e+14 2.172145e-25 1.240367e-10 1.475666e+01 -9.906450e+00
5.699475e+14 2.173659e-25 1.238872e-10 1.475583e+01 -9.906974e+00
5.688660e+14 2.166078e-25 1.232208e-10 1.475501e+01 -9.909316e+00
5.677886e+14 2.153846e-25 1.222929e-10 1.475419e+01 -9.912599e+00
5.667153e+14 2.154841e-25 1.221181e-10 1.475336e+01 -9.913220e+00
5.656460e+14 2.147615e-25 1.214790e-10 1.475254e+01 -9.915499e+00
5.645808e+14 2.142917e-25 1.209850e-10 1.475173e+01 -9.917269e+00
5.635195e+14 2.140775e-25 1.206369e-10 1.475091e+01 -9.918520e+00
5.624623e+14 2.135593e-25 1.201190e-10 1.475009e+01 -9.920388e+00
5.614090e+14 2.131323e-25 1.196544e-10 1.474928e+01 -9.922071e+00
5.603596e+14 2.130643e-25 1.193927e-10 1.474847e+01 -9.923022e+00
5.593142e+14 2.124894e-25 1.188483e-10 1.474766e+01 -9.925007e+00
5.582726e+14 2.122416e-25 1.184887e-10 1.474685e+01 -9.926323e+00
5.572349e+14 2.117852e-25 1.180141e-10 1.474604e+01 -9.928066e+00
5.562011e+14 2.118964e-25 1.178570e-10 1.474523e+01 -9.928645e+00
5.551711e+14 2.107811e-25 1.170196e-10 1.474443e+01 -9.931741e+00
5.541449e+14 2.077438e-25 1.151202e-10 1.474362e+01 -9.938849e+00
5.531225e+14 2.071436e-25 1.145758e-10 1.474282e+01 -9.940907e+00
5.521039e+14 2.100383e-25 1.159629e-10 1.474202e+01 -9.935681e+00
5.510890e+14 2.094336e-25 1.154166e-10 1.474122e+01 -9.937732e+00
5.500778e+14 2.088203e-25 1.148674e-10 1.474042e+01 -9.939803e+00
5.490703e+14 2.081634e-25 1.142963e-10 1.473963e+01 -9.941968e+00
5.480665e+14 2.076021e-25 1.137797e-10 1.473883e+01 -9.943935e+00
5.470664e+14 2.069975e-25 1.132414e-10 1.473804e+01 -9.945995e+00
5.460699e+14 2.070163e-25 1.130454e-10 1.473725e+01 -9.946747e+00
5.450771e+14 2.075949e-25 1.131552e-10 1.473646e+01 -9.946325e+00
5.440878e+14 2.076785e-25 1.129954e-10 1.473567e+01 -9.946939e+00
5.431022e+14 2.076876e-25 1.127956e-10 1.473488e+01 -9.947708e+00
5.421201e+14 2.079777e-25 1.127489e-10 1.473410e+01 -9.947888e+00
5.411415e+14 2.081942e-25 1.126625e-10 1.473331e+01 -9.948220e+00
5.401665e+14 2.074035e-25 1.120324e-10 1.473253e+01 -9.950656e+00
5.391950e+14 2.076474e-25 1.119624e-10 1.473175e+01 -9.950928e+00
5.382269e+14 2.084673e-25 1.122027e-10 1.473097e+01 -9.949997e+00
5.372624e+14 2.083097e-25 1.119170e-10 1.473019e+01 -9.951104e+00
5.363013e+14 2.067637e-25 1.108876e-10 1.472941e+01 -9.955117e+00
5.353436e+14 2.058236e-25 1.101864e-10 1.472863e+01 -9.957872e+00
5.343893e+14 2.059728e-25 1.100696e-10 1.472786e+01 -9.958332e+00
5.334384e+14 2.055671e-25 1.096574e-10 1.472708e+01 -9.959962e+00
5.324909e+14 2.051547e-25 1.092430e-10 1.472631e+01 -9.961606e+00
5.315468e+14 2.050689e-25 1.090037e-10 1.472554e+01 -9.962559e+00
5.306060e+14 2.046067e-25 1.085655e-10 1.472477e+01 -9.964308e+00
5.296686e+14 2.043986e-25 1.082635e-10 1.472400e+01 -9.965518e+00
5.287344e+14 2.042601e-25 1.079994e-10 1.472324e+01 -9.966579e+00
5.278035e+14 2.037034e-25 1.075154e-10 1.472247e+01 -9.968529e+00
5.268759e+14 2.040441e-25 1.075059e-10 1.472171e+01 -9.968568e+00
5.259516e+14 2.032102e-25 1.068787e-10 1.472095e+01 -9.971109e+00
5.250305e+14 2.029743e-25 1.065677e-10 1.472018e+01 -9.972374e+00
5.241126e+14 2.028473e-25 1.063148e-10 1.471942e+01 -9.973406e+00
5.231979e+14 2.026392e-25 1.060204e-10 1.471867e+01 -9.974610e+00
5.222864e+14 2.019654e-25 1.054838e-10 1.471791e+01 -9.976814e+00
5.213781e+14 2.011291e-25 1.048643e-10 1.471715e+01 -9.979372e+00
5.204729e+14 2.003219e-25 1.042621e-10 1.471640e+01 -9.981873e+00
5.195709e+14 1.998934e-25 1.038588e-10 1.471564e+01 -9.983557e+00
5.186720e+14 1.994582e-25 1.034534e-10 1.471489e+01 -9.985255e+00
5.177762e+14 1.996803e-25 1.033897e-10 1.471414e+01 -9.985523e+00
5.168834e+14 1.999396e-25 1.033455e-10 1.471339e+01 -9.985709e+00
5.159938e+14 2.002364e-25 1.033207e-10 1.471264e+01 -9.985813e+00
5.151072e+14 2.005711e-25 1.033156e-10 1.471190e+01 -9.985834e+00
5.142237e+14 2.001523e-25 1.029231e-10 1.471115e+01 -9.987487e+00
5.133432e+14 1.997668e-25 1.025489e-10 1.471041e+01 -9.989069e+00
5.124656e+14 1.986176e-25 1.017847e-10 1.470966e+01 -9.992317e+00
5.115911e+14 1.973771e-25 1.009764e-10 1.470892e+01 -9.995780e+00
5.107196e+14 1.965661e-25 1.003902e-10 1.470818e+01 -9.998309e+00
5.098510e+14 1.957462e-25 9.980138e-11 1.470744e+01 -1.000086e+01
5.089854e+14 1.960892e-25 9.980655e-11 1.470671e+01 -1.000084e+01
5.081227e+14 1.964718e-25 9.983177e-11 1.470597e+01 -1.000073e+01
5.072629e+14 1.973011e-25 1.000835e-10 1.470523e+01 -9.999637e+00
5.064061e+14 1.981326e-25 1.003356e-10 1.470450e+01 -9.998545e+00
5.055521e+14 1.976965e-25 9.994590e-11 1.470377e+01 -1.000024e+01
5.047010e+14 1.972952e-25 9.957507e-11 1.470303e+01 -1.000185e+01
5.038528e+14 1.969290e-25 9.922322e-11 1.470230e+01 -1.000339e+01
5.030074e+14 1.965156e-25 9.884880e-11 1.470157e+01 -1.000503e+01
5.021648e+14 1.961791e-25 9.851426e-11 1.470085e+01 -1.000650e+01
5.013251e+14 1.958371e-25 9.817805e-11 1.470012e+01 -1.000799e+01
5.004881e+14 1.956567e-25 9.792384e-11 1.469939e+01 -1.000911e+01
4.996540e+14 1.954717e-25 9.766823e-11 1.469867e+01 -1.001025e+01
4.988226e+14 1.951981e-25 9.736925e-11 1.469795e+01 -1.001158e+01
4.979940e+14 1.949617e-25 9.708975e-11 1.469722e+01 -1.001283e+01
4.971682e+14 1.947628e-25 9.682985e-11 1.469650e+01 -1.001399e+01
4.963450e+14 1.946018e-25 9.658964e-11 1.469578e+01 -1.001507e+01
4.955246e+14 1.946071e-25 9.643262e-11 1.469507e+01 -1.001578e+01
4.947069e+14 1.946521e-25 9.629572e-11 1.469435e+01 -1.001639e+01
4.938919e+14 1.949087e-25 9.626383e-11 1.469363e+01 -1.001654e+01
4.930796e+14 1.951639e-25 9.623132e-11 1.469292e+01 -1.001668e+01
4.922700e+14 1.956768e-25 9.632579e-11 1.469220e+01 -1.001626e+01
4.914630e+14 1.961899e-25 9.642005e-11 1.469149e+01 -1.001583e+01
4.906586e+14 1.961813e-25 9.625804e-11 1.469078e+01 -1.001656e+01
4.898569e+14 1.960822e-25 9.605223e-11 1.469007e+01 -1.001749e+01
4.890577e+14 1.949288e-25 9.533143e-11 1.468936e+01 -1.002076e+01
4.882612e+14 1.937647e-25 9.460778e-11 1.468865e+01 -1.002407e+01
4.874673e+14 1.932948e-25 9.422491e-11 1.468795e+01 -1.002583e+01
4.866760e+14 1.927304e-25 9.379726e-11 1.468724e+01 -1.002781e+01
4.858872e+14 1.920262e-25 9.330309e-11 1.468654e+01 -1.003010e+01
4.851010e+14 1.913589e-25 9.282840e-11 1.468583e+01 -1.003232e+01
4.843173e+14 1.914431e-25 9.271920e-11 1.468513e+01 -1.003283e+01
4.835361e+14 1.915248e-25 9.260915e-11 1.468443e+01 -1.003335e+01
4.827575e+14 1.920532e-25 9.271514e-11 1.468373e+01 -1.003285e+01
4.819814e+14 1.925821e-25 9.282100e-11 1.468303e+01 -1.003235e+01
4.812077e+14 1.926141e-25 9.268738e-11 1.468233e+01 -1.003298e+01
4.804365e+14 1.926886e-25 9.257465e-11 1.468164e+01 -1.003351e+01
4.796678e+14 1.920325e-25 9.211183e-11 1.468094e+01 -1.003568e+01
4.789016e+14 1.914150e-25 9.166893e-11 1.468025e+01 -1.003778e+01
4.781378e+14 1.905615e-25 9.111465e-11 1.467955e+01 -1.004041e+01
4.773764e+14 1.896996e-25 9.055814e-11 1.467886e+01 -1.004307e+01
4.766175e+14 1.900738e-25 9.059250e-11 1.467817e+01 -1.004291e+01
4.758610e+14 1.904937e-25 9.064852e-11 1.467748e+01 -1.004264e+01
4.751068e+14 1.904032e-25 9.046185e-11 1.467679e+01 -1.004353e+01
4.743551e+14 1.903557e-25 9.029621e-11 1.467610e+01 -1.004433e+01
4.736057e+14 1.904452e-25 9.019591e-11 1.467542e+01 -1.004481e+01
4.728587e+14 1.905323e-25 9.009484e-11 1.467473e+01 -1.004530e+01
4.721140e+14 1.904762e-25 8.992647e-11 1.467405e+01 -1.004611e+01
4.713717e+14 1.904169e-25 8.975712e-11 1.467336e+01 -1.004693e+01
4.706317e+14 1.904962e-25 8.965354e-11 1.467268e+01 -1.004743e+01
4.698940e+14 1.905257e-25 8.952690e-11 1.467200e+01 -1.004805e+01
4.691587e+14 1.903624e-25 8.931017e-11 1.467132e+01 -1.004910e+01
4.684256e+14 1.901475e-25 8.906996e-11 1.467064e+01 -1.005027e+01
4.676949e+14 1.899763e-25 8.885095e-11 1.466996e+01 -1.005134e+01
4.669664e+14 1.898013e-25 8.863083e-11 1.466929e+01 -1.005242e+01
4.662401e+14 1.896706e-25 8.843204e-11 1.466861e+01 -1.005339e+01
4.655161e+14 1.895363e-25 8.823221e-11 1.466793e+01 -1.005437e+01
4.647944e+14 1.889622e-25 8.782859e-11 1.466726e+01 -1.005636e+01
4.640749e+14 1.883819e-25 8.742330e-11 1.466659e+01 -1.005837e+01
4.633577e+14 1.879902e-25 8.710671e-11 1.466592e+01 -1.005995e+01
4.626426e+14 1.875446e-25 8.676610e-11 1.466525e+01 -1.006165e+01
4.619297e+14 1.879276e-25 8.680934e-11 1.466458e+01 -1.006143e+01
4.612191e+14 1.883103e-25 8.685229e-11 1.466391e+01 -1.006122e+01
4.605106e+14 1.883471e-25 8.673582e-11 1.466324e+01 -1.006180e+01
4.598043e+14 1.882328e-25 8.655027e-11 1.466257e+01 -1.006273e+01
4.591002e+14 1.870224e-25 8.586202e-11 1.466191e+01 -1.006620e+01
4.583982e+14 1.857521e-25 8.514842e-11 1.466124e+01 -1.006982e+01
4.576983e+14 1.849212e-25 8.463812e-11 1.466058e+01 -1.007243e+01
4.570006e+14 1.839322e-25 8.405712e-11 1.465992e+01 -1.007543e+01
4.563050e+14 1.858511e-25 8.480477e-11 1.465926e+01 -1.007158e+01
4.556116e+14 1.877791e-25 8.555431e-11 1.465859e+01 -1.006776e+01
4.549202e+14 1.890585e-25 8.600654e-11 1.465794e+01 -1.006547e+01
4.542309e+14 1.905461e-25 8.655195e-11 1.465728e+01 -1.006272e+01
4.535437e+14 1.904114e-25 8.635990e-11 1.465662e+01 -1.006369e+01
4.528586e+14 1.902732e-25 8.616687e-11 1.465596e+01 -1.006466e+01
4.521756e+14 1.897732e-25 8.581079e-11 1.465531e+01 -1.006646e+01
4.514946e+14 1.889593e-25 8.531410e-11 1.465465e+01 -1.006898e+01
4.508156e+14 1.876228e-25 8.458328e-11 1.465400e+01 -1.007272e+01
4.501387e+14 1.862756e-25 8.384988e-11 1.465335e+01 -1.007650e+01
4.494639e+14 1.859544e-25 8.357978e-11 1.465269e+01 -1.007790e+01
4.487910e+14 1.855767e-25 8.328516e-11 1.465204e+01 -1.007943e+01
4.481202e+14 1.864977e-25 8.357339e-11 1.465139e+01 -1.007793e+01
4.474513e+14 1.874217e-25 8.386211e-11 1.465075e+01 -1.007643e+01
4.467845e+14 1.875096e-25 8.377637e-11 1.465010e+01 -1.007688e+01
4.461196e+14 1.875954e-25 8.369000e-11 1.464945e+01 -1.007733e+01
4.454568e+14 1.872572e-25 8.341497e-11 1.464881e+01 -1.007876e+01
4.447958e+14 1.869673e-25 8.316230e-11 1.464816e+01 -1.008007e+01
4.441369e+14 1.868326e-25 8.297923e-11 1.464752e+01 -1.008103e+01
4.434799e+14 1.867477e-25 8.281886e-11 1.464687e+01 -1.008187e+01
4.428248e+14 1.863930e-25 8.253943e-11 1.464623e+01 -1.008334e+01
4.421717e+14 1.860872e-25 8.228250e-11 1.464559e+01 -1.008469e+01
4.415205e+14 1.857772e-25 8.202444e-11 1.464495e+01 -1.008606e+01
4.408712e+14 1.854630e-25 8.176527e-11 1.464431e+01 -1.008743e+01
4.402238e+14 1.857927e-25 8.179038e-11 1.464367e+01 -1.008730e+01
4.395783e+14 1.861762e-25 8.183903e-11 1.464304e+01 -1.008704e+01
4.389347e+14 1.877551e-25 8.241224e-11 1.464240e+01 -1.008401e+01
4.382930e+14 1.893409e-25 8.298677e-11 1.464176e+01 -1.008099e+01
4.376531e+14 1.866699e-25 8.169665e-11 1.464113e+01 -1.008780e+01
4.370152e+14 1.839808e-25 8.040240e-11 1.464050e+01 -1.009473e+01
4.363790e+14 1.825383e-25 7.965587e-11 1.463986e+01 -1.009878e+01
4.357448e+14 1.810298e-25 7.888279e-11 1.463923e+01 -1.010302e+01
4.351123e+14 1.820542e-25 7.921401e-11 1.463860e+01 -1.010120e+01
4.344817e+14 1.830822e-25 7.954586e-11 1.463797e+01 -1.009938e+01
4.338530e+14 1.841138e-25 7.987833e-11 1.463734e+01 -1.009757e+01
4.332260e+14 1.852050e-25 8.023561e-11 1.463671e+01 -1.009563e+01
4.326009e+14 1.846217e-25 7.986751e-11 1.463609e+01 -1.009763e+01
4.319775e+14 1.840889e-25 7.952225e-11 1.463546e+01 -1.009951e+01
4.313560e+14 1.842259e-25 7.946693e-11 1.463484e+01 -1.009981e+01
4.307362e+14 1.843614e-25 7.941112e-11 1.463421e+01 -1.010012e+01
4.301182e+14 1.841558e-25 7.920877e-11 1.463359e+01 -1.010123e+01
4.295020e+14 1.839468e-25 7.900552e-11 1.463297e+01 -1.010234e+01
4.288876e+14 1.836205e-25 7.875253e-11 1.463234e+01 -1.010374e+01
4.282749e+14 1.832329e-25 7.847404e-11 1.463172e+01 -1.010527e+01
4.276639e+14 1.832988e-25 7.839030e-11 1.463110e+01 -1.010574e+01
4.270547e+14 1.834203e-25 7.833051e-11 1.463048e+01 -1.010607e+01
4.264472e+14 1.827918e-25 7.795106e-11 1.462987e+01 -1.010818e+01
4.258415e+14 1.821575e-25 7.757021e-11 1.462925e+01 -1.011031e+01
4.252374e+14 1.820963e-25 7.743418e-11 1.462863e+01 -1.011107e+01
4.246351e+14 1.820326e-25 7.729746e-11 1.462802e+01 -1.011183e+01
4.240345e+14 1.821993e-25 7.725880e-11 1.462740e+01 -1.011205e+01
4.234356e+14 1.823647e-25 7.721972e-11 1.462679e+01 -1.011227e+01
4.228384e+14 1.825289e-25 7.718022e-11 1.462617e+01 -1.011249e+01
4.222428e+14 1.826918e-25 7.714030e-11 1.462556e+01 -1.011272e+01
4.216489e+14 1.827357e-25 7.705030e-11 1.462495e+01 -1.011323e+01
4.210567e+14 1.827776e-25 7.695974e-11 1.462434e+01 -1.011374e+01
4.204662e+14 1.822846e-25 7.664452e-11 1.462373e+01 -1.011552e+01
4.198773e+14 1.817867e-25 7.632811e-11 1.462312e+01 -1.011732e+01
4.192901e+14 1.816412e-25 7.616033e-11 1.462251e+01 -1.011827e+01
4.187045e+14 1.815524e-25 7.601680e-11 1.462191e+01 -1.011909e+01
4.181205e+14 1.812813e-25 7.579744e-11 1.462130e+01 -1.012035e+01
4.175382e+14 1.810066e-25 7.557717e-11 1.462070e+01 -1.012161e+01
4.169574e+14 1.809692e-25 7.545644e-11 1.462009e+01 -1.012230e+01
4.163783e+14 1.809294e-25 7.533508e-11 1.461949e+01 -1.012300e+01
4.158008e+14 1.808873e-25 7.521309e-11 1.461889e+01 -1.012371e+01
4.152249e+14 1.809036e-25 7.511569e-11 1.461828e+01 -1.012427e+01
4.146506e+14 1.803090e-25 7.476523e-11 1.461768e+01 -1.012630e+01
4.140779e+14 1.797700e-25 7.443879e-11 1.461708e+01 -1.012820e+01
4.135068e+14 1.795322e-25 7.423777e-11 1.461648e+01 -1.012938e+01
4.129372e+14 1.792296e-25 7.401056e-11 1.461588e+01 -1.013071e+01
4.123692e+14 1.794774e-25 7.401094e-11 1.461529e+01 -1.013070e+01
4.118027e+14 1.797245e-25 7.401105e-11 1.461469e+01 -1.013070e+01
4.112379e+14 1.805281e-25 7.424001e-11 1.461409e+01 -1.012936e+01
4.106745e+14 1.813342e-25 7.446932e-11 1.461350e+01 -1.012802e+01
4.101127e+14 1.815201e-25 7.444368e-11 1.461290e+01 -1.012817e+01
4.095525e+14 1.816425e-25 7.439214e-11 1.461231e+01 -1.012847e+01
4.089937e+14 1.810751e-25 7.405858e-11 1.461172e+01 -1.013042e+01
4.084365e+14 1.805653e-25 7.374947e-11 1.461112e+01 -1.013224e+01
4.078808e+14 1.806801e-25 7.369593e-11 1.461053e+01 -1.013256e+01
4.073266e+14 1.807934e-25 7.364197e-11 1.460994e+01 -1.013287e+01
4.067739e+14 1.806523e-25 7.348464e-11 1.460935e+01 -1.013380e+01
4.062228e+14 1.805084e-25 7.332661e-11 1.460876e+01 -1.013474e+01
4.056731e+14 1.804253e-25 7.319369e-11 1.460818e+01 -1.013553e+01
4.051249e+14 1.802760e-25 7.303429e-11 1.460759e+01 -1.013647e+01
4.045781e+14 1.803798e-25 7.297772e-11 1.460700e+01 -1.013681e+01
4.040329e+14 1.804821e-25 7.292072e-11 1.460642e+01 -1.013715e+01
4.034891e+14 1.805188e-25 7.283736e-11 1.460583e+01 -1.013765e+01
4.029468e+14 1.804892e-25 7.272752e-11 1.460525e+01 -1.013830e+01
4.024059e+14 1.803928e-25 7.259111e-11 1.460466e+01 -1.013912e+01
4.018665e+14 1.802939e-25 7.245407e-11 1.460408e+01 -1.013994e+01
4.013285e+14 1.804525e-25 7.242075e-11 1.460350e+01 -1.014014e+01
4.007920e+14 1.805449e-25 7.236096e-11 1.460292e+01 -1.014050e+01
4.002569e+14 1.801784e-25 7.211765e-11 1.460234e+01 -1.014196e+01
3.997232e+14 1.798080e-25 7.187342e-11 1.460176e+01 -1.014343e+01
3.991909e+14 1.804192e-25 7.202171e-11 1.460118e+01 -1.014254e+01
3.986601e+14 1.810317e-25 7.217014e-11 1.460060e+01 -1.014164e+01
3.981307e+14 1.817777e-25 7.237130e-11 1.460003e+01 -1.014043e+01
3.976027e+14 1.825258e-25 7.257274e-11 1.459945e+01 -1.013923e+01
3.970760e+14 1.836079e-25 7.290630e-11 1.459887e+01 -1.013723e+01
3.965508e+14 1.845607e-25 7.318768e-11 1.459830e+01 -1.013556e+01
3.960269e+14 1.827128e-25 7.235918e-11 1.459772e+01 -1.014051e+01
3.955045e+14 1.805185e-25 7.139587e-11 1.459715e+01 -1.014633e+01
3.949834e+14 1.748881e-25 6.907790e-11 1.459658e+01 -1.016066e+01
3.944637e+14 1.690916e-25 6.670049e-11 1.459601e+01 -1.017587e+01
3.939453e+14 1.750689e-25 6.896758e-11 1.459544e+01 -1.016136e+01
3.934283e+14 1.813465e-25 7.134684e-11 1.459487e+01 -1.014663e+01
3.929127e+14 1.812802e-25 7.122730e-11 1.459430e+01 -1.014735e+01
3.923984e+14 1.814157e-25 7.118724e-11 1.459373e+01 -1.014760e+01
3.918855e+14 1.808683e-25 7.087966e-11 1.459316e+01 -1.014948e+01
3.913739e+14 1.803162e-25 7.057104e-11 1.459259e+01 -1.015137e+01
3.908636e+14 1.770180e-25 6.918990e-11 1.459203e+01 -1.015996e+01
3.903547e+14 1.735634e-25 6.775128e-11 1.459146e+01 -1.016908e+01
3.898471e+14 1.756690e-25 6.848406e-11 1.459089e+01 -1.016441e+01
3.893408e+14 1.777839e-25 6.921851e-11 1.459033e+01 -1.015978e+01
3.888358e+14 1.787307e-25 6.949689e-11 1.458977e+01 -1.015803e+01
3.883321e+14 1.797500e-25 6.980271e-11 1.458920e+01 -1.015613e+01
3.878298e+14 1.800072e-25 6.981214e-11 1.458864e+01 -1.015607e+01
3.873287e+14 1.803336e-25 6.984839e-11 1.458808e+01 -1.015584e+01
3.868289e+14 1.799603e-25 6.961385e-11 1.458752e+01 -1.015730e+01
3.863304e+14 1.796534e-25 6.940556e-11 1.458696e+01 -1.015861e+01
3.858332e+14 1.797650e-25 6.935932e-11 1.458640e+01 -1.015890e+01
3.853373e+14 1.798755e-25 6.931273e-11 1.458584e+01 -1.015919e+01
3.848426e+14 1.801261e-25 6.932021e-11 1.458528e+01 -1.015914e+01
3.843492e+14 1.804471e-25 6.935471e-11 1.458473e+01 -1.015892e+01
3.838571e+14 1.803416e-25 6.922542e-11 1.458417e+01 -1.015973e+01
3.833662e+14 1.801626e-25 6.906826e-11 1.458361e+01 -1.016072e+01
3.828766e+14 1.800523e-25 6.893782e-11 1.458306e+01 -1.016154e+01
3.823883e+14 1.799397e-25 6.880682e-11 1.458250e+01 -1.016237e+01
3.819011e+14 1.782454e-25 6.807213e-11 1.458195e+01 -1.016703e+01
3.814153e+14 1.776923e-25 6.777454e-11 1.458140e+01 -1.016893e+01
3.809306e+14 1.772067e-25 6.750346e-11 1.458085e+01 -1.017067e+01
3.804472e+14 1.767170e-25 6.723148e-11 1.458029e+01 -1.017243e+01
3.799650e+14 1.765131e-25 6.706880e-11 1.457974e+01 -1.017348e+01
3.794841e+14 1.762338e-25 6.687791e-11 1.457919e+01 -1.017472e+01
3.790043e+14 1.767531e-25 6.699019e-11 1.457864e+01 -1.017399e+01
3.785258e+14 1.772734e-25 6.710254e-11 1.457810e+01 -1.017326e+01
3.780484e+14 1.772085e-25 6.699340e-11 1.457755e+01 -1.017397e+01
3.775723e+14 1.771416e-25 6.688377e-11 1.457700e+01 -1.017468e+01
3.770974e+14 1.775881e-25 6.696801e-11 1.457645e+01 -1.017413e+01
3.766236e+14 1.780352e-25 6.705225e-11 1.457591e+01 -1.017359e+01
3.761511e+14 1.775208e-25 6.677464e-11 1.457536e+01 -1.017539e+01
3.756797e+14 1.770763e-25 6.652399e-11 1.457482e+01 -1.017702e+01
3.752095e+14 1.778179e-25 6.671897e-11 1.457427e+01 -1.017575e+01
3.747405e+14 1.784869e-25 6.688629e-11 1.457373e+01 -1.017466e+01
3.742727e+14 1.784102e-25 6.677408e-11 1.457319e+01 -1.017539e+01
3.738060e+14 1.783315e-25 6.666138e-11 1.457265e+01 -1.017613e+01
3.733405e+14 1.788516e-25 6.677254e-11 1.457211e+01 -1.017540e+01
3.728761e+14 1.792973e-25 6.685569e-11 1.457156e+01 -1.017486e+01
3.724129e+14 1.795172e-25 6.685451e-11 1.457102e+01 -1.017487e+01
3.719509e+14 1.797364e-25 6.685311e-11 1.457049e+01 -1.017488e+01
3.714900e+14 1.796516e-25 6.673877e-11 1.456995e+01 -1.017562e+01
3.710302e+14 1.794887e-25 6.659572e-11 1.456941e+01 -1.017655e+01
3.705716e+14 1.785609e-25 6.616958e-11 1.456887e+01 -1.017934e+01
3.701141e+14 1.775504e-25 6.571389e-11 1.456834e+01 -1.018234e+01
3.696577e+14 1.782189e-25 6.587999e-11 1.456780e+01 -1.018125e+01
3.692025e+14 1.788123e-25 6.601794e-11 1.456726e+01 -1.018034e+01
3.687483e+14 1.792530e-25 6.609924e-11 1.456673e+01 -1.017980e+01
3.682953e+14 1.796942e-25 6.618055e-11 1.456620e+01 -1.017927e+01
3.678434e+14 1.784337e-25 6.563566e-11 1.456566e+01 -1.018286e+01
3.673926e+14 1.772429e-25 6.511774e-11 1.456513e+01 -1.018630e+01
3.669430e+14 1.775221e-25 6.514048e-11 1.456460e+01 -1.018615e+01
3.664944e+14 1.778010e-25 6.516307e-11 1.456407e+01 -1.018600e+01
3.660469e+14 1.784704e-25 6.532854e-11 1.456354e+01 -1.018490e+01
3.656005e+14 1.767916e-25 6.463509e-11 1.456301e+01 -1.018953e+01
3.651552e+14 1.234358e-25 4.507323e-11 1.456248e+01 -1.034608e+01
3.647109e+14 1.222412e-25 4.458269e-11 1.456195e+01 -1.035083e+01
3.642678e+14 1.223809e-25 4.457944e-11 1.456142e+01 -1.035087e+01
3.638257e+14 1.225203e-25 4.457605e-11 1.456089e+01 -1.035090e+01
3.633847e+14 1.236108e-25 4.491827e-11 1.456037e+01 -1.034758e+01
3.629448e+14 1.247849e-25 4.529004e-11 1.455984e+01 -1.034400e+01
3.625059e+14 1.233344e-25 4.470946e-11 1.455932e+01 -1.034960e+01
3.620681e+14 1.225147e-25 4.435868e-11 1.455879e+01 -1.035302e+01
3.616314e+14 1.227308e-25 4.438331e-11 1.455827e+01 -1.035278e+01
3.611957e+14 1.228666e-25 4.437887e-11 1.455774e+01 -1.035282e+01
3.607610e+14 1.228410e-25 4.431625e-11 1.455722e+01 -1.035344e+01
3.603274e+14 1.227336e-25 4.422430e-11 1.455670e+01 -1.035434e+01
3.598948e+14 1.225439e-25 4.410290e-11 1.455618e+01 -1.035553e+01
3.594633e+14 1.222711e-25 4.395196e-11 1.455565e+01 -1.035702e+01
3.590328e+14 1.210212e-25 4.345059e-11 1.455513e+01 -1.036200e+01
3.586033e+14 1.199272e-25 4.300629e-11 1.455461e+01 -1.036647e+01
3.581749e+14 1.210304e-25 4.335005e-11 1.455410e+01 -1.036301e+01
3.577475e+14 1.221378e-25 4.369450e-11 1.455358e+01 -1.035957e+01
3.573211e+14 1.223475e-25 4.371734e-11 1.455306e+01 -1.035935e+01
3.568957e+14 1.224749e-25 4.371078e-11 1.455254e+01 -1.035941e+01
3.564713e+14 1.229315e-25 4.382155e-11 1.455202e+01 -1.035831e+01
3.560480e+14 1.234718e-25 4.396188e-11 1.455151e+01 -1.035692e+01
3.556256e+14 1.229374e-25 4.371968e-11 1.455099e+01 -1.035932e+01
3.552043e+14 1.223164e-25 4.344731e-11 1.455048e+01 -1.036204e+01
3.547839e+14 1.224401e-25 4.343977e-11 1.454996e+01 -1.036211e+01
3.543645e+14 1.226467e-25 4.346163e-11 1.454945e+01 -1.036189e+01
3.539462e+14 1.215160e-25 4.301013e-11 1.454894e+01 -1.036643e+01
3.535288e+14 1.204628e-25 4.258706e-11 1.454842e+01 -1.037072e+01
3.531124e+14 1.214188e-25 4.287449e-11 1.454791e+01 -1.036780e+01
3.526969e+14 1.222942e-25 4.313278e-11 1.454740e+01 -1.036519e+01
3.522825e+14 1.224977e-25 4.315381e-11 1.454689e+01 -1.036498e+01
3.518690e+14 1.227012e-25 4.317476e-11 1.454638e+01 -1.036477e+01
3.514565e+14 1.220571e-25 4.289775e-11 1.454587e+01 -1.036757e+01
3.510450e+14 1.213239e-25 4.259014e-11 1.454536e+01 -1.037069e+01
3.506344e+14 1.212675e-25 4.252057e-11 1.454485e+01 -1.037140e+01
3.502248e+14 1.212099e-25 4.245072e-11 1.454435e+01 -1.037211e+01
3.498161e+14 1.208944e-25 4.229080e-11 1.454384e+01 -1.037375e+01
3.494084e+14 1.204906e-25 4.210043e-11 1.454333e+01 -1.037571e+01
3.490016e+14 1.199121e-25 4.184951e-11 1.454283e+01 -1.037831e+01
3.485958e+14 1.192437e-25 4.156784e-11 1.454232e+01 -1.038124e+01
3.481909e+14 1.199529e-25 4.176653e-11 1.454182e+01 -1.037917e+01
3.477870e+14 1.206645e-25 4.196556e-11 1.454131e+01 -1.037711e+01
3.473840e+14 1.210314e-25 4.204438e-11 1.454081e+01 -1.037629e+01
3.469819e+14 1.212251e-25 4.206293e-11 1.454031e+01 -1.037610e+01
3.465808e+14 1.207214e-25 4.183973e-11 1.453980e+01 -1.037841e+01
3.461806e+14 1.202144e-25 4.161590e-11 1.453930e+01 -1.038074e+01
3.457813e+14 1.206673e-25 4.172451e-11 1.453880e+01 -1.037961e+01
3.453829e+14 1.213847e-25 4.192421e-11 1.453830e+01 -1.037754e+01
3.449855e+14 1.218405e-25 4.203321e-11 1.453780e+01 -1.037641e+01
3.445890e+14 1.224738e-25 4.220311e-11 1.453730e+01 -1.037466e+01
3.441933e+14 1.223136e-25 4.209953e-11 1.453680e+01 -1.037572e+01
3.437986e+14 1.221517e-25 4.199559e-11 1.453630e+01 -1.037680e+01
3.434048e+14 1.213666e-25 4.167789e-11 1.453581e+01 -1.038009e+01
3.430119e+14 1.205770e-25 4.135935e-11 1.453531e+01 -1.038343e+01
3.426199e+14 1.202288e-25 4.119276e-11 1.453481e+01 -1.038518e+01
3.422288e+14 1.199674e-25 4.105628e-11 1.453432e+01 -1.038662e+01
3.418385e+14 1.208686e-25 4.131754e-11 1.453382e+01 -1.038387e+01
3.414492e+14 1.218628e-25 4.160996e-11 1.453333e+01 -1.038080e+01
3.338445e+14 1.201505e-25 4.011159e-11 1.452354e+01 -1.039673e+01
3.265712e+14 1.186900e-25 3.876073e-11 1.451398e+01 -1.041161e+01
3.196081e+14 1.174607e-25 3.754140e-11 1.450462e+01 -1.042549e+01
3.129357e+14 1.163221e-25 3.640134e-11 1.449546e+01 -1.043888e+01
3.065362e+14 1.153242e-25 3.535104e-11 1.448648e+01 -1.045160e+01
3.003932e+14 1.143342e-25 3.434520e-11 1.447769e+01 -1.046413e+01
2.944916e+14 1.136145e-25 3.345850e-11 1.446907e+01 -1.047549e+01
2.888173e+14 1.130141e-25 3.264042e-11 1.446062e+01 -1.048624e+01
2.833577e+14 1.124820e-25 3.187264e-11 1.445233e+01 -1.049658e+01
2.781006e+14 1.118066e-25 3.109347e-11 1.444420e+01 -1.050733e+01
2.730350e+14 1.108815e-25 3.027453e-11 1.443622e+01 -1.051892e+01
2.681506e+14 1.100361e-25 2.950626e-11 1.442838e+01 -1.053009e+01
2.634380e+14 1.095276e-25 2.885372e-11 1.442068e+01 -1.053980e+01
2.588881e+14 1.090841e-25 2.824058e-11 1.441311e+01 -1.054913e+01
2.544927e+14 1.086978e-25 2.766279e-11 1.440568e+01 -1.055810e+01
2.502441e+14 1.083740e-25 2.711994e-11 1.439836e+01 -1.056671e+01
2.461350e+14 1.080996e-25 2.660710e-11 1.439117e+01 -1.057500e+01
2.421586e+14 1.078759e-25 2.612308e-11 1.438410e+01 -1.058298e+01
2.383087e+14 1.076839e-25 2.566202e-11 1.437714e+01 -1.059071e+01
2.345793e+14 1.075581e-25 2.523090e-11 1.437029e+01 -1.059807e+01
2.309649e+14 1.074769e-25 2.482339e-11 1.436355e+01 -1.060514e+01
2.274601e+14 1.074148e-25 2.443258e-11 1.435691e+01 -1.061203e+01
2.240601e+14 1.074252e-25 2.406970e-11 1.435036e+01 -1.061853e+01
2.207602e+14 1.074382e-25 2.371808e-11 1.434392e+01 -1.062492e+01
2.175562e+14 1.075071e-25 2.338883e-11 1.433757e+01 -1.063099e+01
2.144438e+14 1.075995e-25 2.307405e-11 1.433131e+01 -1.063688e+01
2.114192e+14 1.077254e-25 2.277522e-11 1.432514e+01 -1.064254e+01
2.084787e+14 1.078709e-25 2.248878e-11 1.431906e+01 -1.064803e+01
2.056189e+14 1.080692e-25 2.222108e-11 1.431306e+01 -1.065323e+01
2.028365e+14 8.329083e-26 1.689442e-11 1.430715e+01 -1.077226e+01
2.001284e+14 8.297225e-26 1.660511e-11 1.430131e+01 -1.077976e+01
1.974917e+14 8.265242e-26 1.632317e-11 1.429555e+01 -1.078720e+01
1.949235e+14 8.239222e-26 1.606018e-11 1.428986e+01 -1.079425e+01
1.924213e+14 8.211715e-26 1.580109e-11 1.428425e+01 -1.080131e+01
1.899825e+14 8.188931e-26 1.555754e-11 1.427871e+01 -1.080806e+01
1.876048e+14 8.165791e-26 1.531941e-11 1.427324e+01 -1.081476e+01
1.852858e+14 8.145791e-26 1.509299e-11 1.426784e+01 -1.082122e+01
1.830234e+14 8.129625e-26 1.487912e-11 1.426251e+01 -1.082742e+01
1.808157e+14 8.111601e-26 1.466705e-11 1.425724e+01 -1.083366e+01
1.786605e+14 8.095271e-26 1.446306e-11 1.425203e+01 -1.083974e+01
1.765562e+14 8.081153e-26 1.426778e-11 1.424688e+01 -1.084564e+01
1.745008e+14 8.069781e-26 1.408183e-11 1.424180e+01 -1.085134e+01
1.724928e+14 8.058187e-26 1.389979e-11 1.423677e+01 -1.085699e+01
1.705304e+14 8.046696e-26 1.372206e-11 1.423180e+01 -1.086258e+01
1.686121e+14 8.039325e-26 1.355528e-11 1.422689e+01 -1.086789e+01
1.667366e+14 8.032904e-26 1.339379e-11 1.422203e+01 -1.087310e+01
1.649023e+14 8.027793e-26 1.323802e-11 1.421723e+01 -1.087818e+01
1.631079e+14 8.020428e-26 1.308195e-11 1.421248e+01 -1.088333e+01
1.613522e+14 8.018976e-26 1.293879e-11 1.420777e+01 -1.088811e+01
1.596339e+14 8.028198e-26 1.281572e-11 1.420313e+01 -1.089226e+01
1.579517e+14 8.036437e-26 1.269369e-11 1.419852e+01 -1.089641e+01
1.563047e+14 8.048133e-26 1.257961e-11 1.419397e+01 -1.090033e+01
1.546916e+14 8.059341e-26 1.246713e-11 1.418947e+01 -1.090423e+01
1.531115e+14 8.074695e-26 1.236329e-11 1.418501e+01 -1.090787e+01
1.515634e+14 8.085531e-26 1.225471e-11 1.418059e+01 -1.091170e+01
1.500462e+14 8.101053e-26 1.215533e-11 1.417623e+01 -1.091523e+01
1.485592e+14 8.116984e-26 1.205852e-11 1.417190e+01 -1.091871e+01
1.471013e+14 8.133518e-26 1.196451e-11 1.416762e+01 -1.092211e+01
1.456717e+14 8.150854e-26 1.187349e-11 1.416338e+01 -1.092542e+01
1.442697e+14 8.169199e-26 1.178568e-11 1.415918e+01 -1.092865e+01
1.428944e+14 8.188762e-26 1.170128e-11 1.415502e+01 -1.093177e+01
1.415450e+14 8.204534e-26 1.161311e-11 1.415089e+01 -1.093505e+01
1.402210e+14 8.227090e-26 1.153610e-11 1.414681e+01 -1.093794e+01
1.389214e+14 8.246104e-26 1.145560e-11 1.414277e+01 -1.094098e+01
1.376457e+14 8.267033e-26 1.137922e-11 1.413876e+01 -1.094389e+01
1.363933e+14 8.290113e-26 1.130716e-11 1.413479e+01 -1.094665e+01
1.351634e+14 8.315586e-26 1.123963e-11 1.413086e+01 -1.094925e+01
1.339555e+14 8.337863e-26 1.116903e-11 1.412696e+01 -1.095198e+01
1.327690e+14 8.362822e-26 1.110324e-11 1.412310e+01 -1.095455e+01
1.316033e+14 8.384675e-26 1.103451e-11 1.411927e+01 -1.095725e+01
1.304580e+14 7.117636e-26 9.285522e-12 1.411547e+01 -1.103219e+01
1.293324e+14 7.110621e-26 9.196334e-12 1.411171e+01 -1.103639e+01
1.282260e+14 7.112864e-26 9.120542e-12 1.410798e+01 -1.103998e+01
1.271384e+14 7.112009e-26 9.042096e-12 1.410428e+01 -1.104373e+01
1.260691e+14 7.108001e-26 8.960995e-12 1.410061e+01 -1.104764e+01
1.250177e+14 7.107487e-26 8.885616e-12 1.409697e+01 -1.105131e+01
1.239836e+14 7.110750e-26 8.816166e-12 1.409336e+01 -1.105472e+01
1.229665e+14 7.111156e-26 8.744341e-12 1.408979e+01 -1.105827e+01
1.219660e+14 7.115694e-26 8.678726e-12 1.408624e+01 -1.106154e+01
1.209816e+14 7.115363e-26 8.608280e-12 1.408272e+01 -1.106508e+01
1.200130e+14 7.117283e-26 8.541663e-12 1.407923e+01 -1.106846e+01
1.190597e+14 7.120178e-26 8.477264e-12 1.407576e+01 -1.107174e+01
1.181215e+14 7.122678e-26 8.413415e-12 1.407233e+01 -1.107503e+01
1.171980e+14 7.126373e-26 8.351965e-12 1.406892e+01 -1.107821e+01
1.162888e+14 7.130628e-26 8.292119e-12 1.406554e+01 -1.108133e+01
1.153935e+14 7.134761e-26 8.233052e-12 1.406218e+01 -1.108444e+01
1.145120e+14 7.138841e-26 8.174829e-12 1.405885e+01 -1.108752e+01
1.136438e+14 7.143753e-26 8.118434e-12 1.405555e+01 -1.109053e+01
1.127887e+14 7.149606e-26 8.063949e-12 1.405227e+01 -1.109345e+01
1.119464e+14 7.154844e-26 8.009588e-12 1.404901e+01 -1.109639e+01
1.111165e+14 7.161201e-26 7.957278e-12 1.404578e+01 -1.109924e+01
1.102989e+14 7.167075e-26 7.905205e-12 1.404257e+01 -1.110209e+01
1.094932e+14 7.173381e-26 7.854365e-12 1.403939e+01 -1.110489e+01
1.086992e+14 7.181089e-26 7.805786e-12 1.403623e+01 -1.110758e+01
1.079166e+14 7.191219e-26 7.760521e-12 1.403309e+01 -1.111011e+01
1.071452e+14 7.202112e-26 7.716721e-12 1.402997e+01 -1.111257e+01
1.063848e+14 7.212932e-26 7.673464e-12 1.402688e+01 -1.111501e+01
1.056351e+14 7.224667e-26 7.631784e-12 1.402381e+01 -1.111737e+01
1.048959e+14 7.235506e-26 7.589747e-12 1.402076e+01 -1.111977e+01
1.041669e+14 7.247391e-26 7.549384e-12 1.401773e+01 -1.112209e+01
1.034480e+14 7.259438e-26 7.509746e-12 1.401472e+01 -1.112437e+01
1.027390e+14 7.271703e-26 7.470875e-12 1.401174e+01 -1.112663e+01
1.020396e+14 7.284242e-26 7.432813e-12 1.400877e+01 -1.112885e+01
1.013497e+14 7.297112e-26 7.395601e-12 1.400582e+01 -1.113103e+01
1.006690e+14 7.310373e-26 7.359283e-12 1.400290e+01 -1.113316e+01
9.999746e+13 7.323037e-26 7.322851e-12 1.399999e+01 -1.113532e+01
9.933479e+13 7.336183e-26 7.287383e-12 1.399710e+01 -1.113743e+01
9.868084e+13 7.349875e-26 7.252918e-12 1.399423e+01 -1.113949e+01
9.803545e+13 7.364173e-26 7.219500e-12 1.399138e+01 -1.114149e+01
9.739844e+13 7.378040e-26 7.186096e-12 1.398855e+01 -1.114351e+01
9.676966e+13 7.391496e-26 7.152725e-12 1.398574e+01 -1.114553e+01
9.614894e+13 7.405696e-26 7.120499e-12 1.398294e+01 -1.114749e+01
9.553614e+13 7.420708e-26 7.089458e-12 1.398017e+01 -1.114939e+01
9.493110e+13 7.435438e-26 7.058543e-12 1.397741e+01 -1.115128e+01
9.433367e+13 7.449910e-26 7.027774e-12 1.397467e+01 -1.115318e+01
9.374371e+13 7.465341e-26 6.998288e-12 1.397194e+01 -1.115501e+01
9.316109e+13 7.480595e-26 6.969004e-12 1.396923e+01 -1.115683e+01
9.258567e+13 7.495699e-26 6.939943e-12 1.396654e+01 -1.115864e+01
9.201731e+13 7.510680e-26 6.911126e-12 1.396387e+01 -1.116045e+01
9.145589e+13 7.526818e-26 6.883719e-12 1.396121e+01 -1.116218e+01
9.090127e+13 6.791543e-26 6.173599e-12 1.395857e+01 -1.120946e+01
9.035335e+13 6.795932e-26 6.140352e-12 1.395594e+01 -1.121181e+01
8.981198e+13 6.801525e-26 6.108584e-12 1.395333e+01 -1.121406e+01
8.927707e+13 6.808398e-26 6.078338e-12 1.395074e+01 -1.121622e+01
8.874849e+13 6.813970e-26 6.047296e-12 1.394816e+01 -1.121844e+01
8.822613e+13 6.819571e-26 6.016644e-12 1.394560e+01 -1.122065e+01
8.770989e+13 6.825232e-26 5.986403e-12 1.394305e+01 -1.122283e+01
8.719965e+13 6.830985e-26 5.956595e-12 1.394051e+01 -1.122500e+01
8.669532e+13 6.838256e-26 5.928448e-12 1.393800e+01 -1.122706e+01
8.619678e+13 6.844309e-26 5.899574e-12 1.393549e+01 -1.122918e+01
8.570395e+13 6.850554e-26 5.871195e-12 1.393300e+01 -1.123127e+01
8.521671e+13 6.857027e-26 5.843333e-12 1.393052e+01 -1.123334e+01
8.473499e+13 6.863762e-26 5.816008e-12 1.392806e+01 -1.123538e+01
8.425868e+13 6.870794e-26 5.789241e-12 1.392561e+01 -1.123738e+01
8.378770e+13 6.878161e-26 5.763053e-12 1.392318e+01 -1.123935e+01
8.332196e+13 6.884390e-26 5.736208e-12 1.392076e+01 -1.124138e+01
8.286136e+13 6.890993e-26 5.709970e-12 1.391835e+01 -1.124337e+01
8.240583e+13 6.899550e-26 5.685631e-12 1.391596e+01 -1.124522e+01
8.195528e+13 6.905474e-26 5.659400e-12 1.391358e+01 -1.124723e+01
8.150962e+13 6.913428e-26 5.635109e-12 1.391121e+01 -1.124910e+01
8.106879e+13 6.920317e-26 5.610217e-12 1.390885e+01 -1.125102e+01
8.063271e+13 6.929349e-26 5.587322e-12 1.390651e+01 -1.125280e+01
8.020128e+13 6.935735e-26 5.562548e-12 1.390418e+01 -1.125473e+01
7.977445e+13 6.944344e-26 5.539813e-12 1.390186e+01 -1.125650e+01
7.935214e+13 6.951946e-26 5.516519e-12 1.389956e+01 -1.125833e+01
7.893428e+13 6.960210e-26 5.493992e-12 1.389727e+01 -1.126011e+01
7.852080e+13 6.967480e-26 5.470920e-12 1.389498e+01 -1.126194e+01
7.811162e+13 6.975460e-26 5.448645e-12 1.389272e+01 -1.126371e+01
7.770669e+13 6.984193e-26 5.427185e-12 1.389046e+01 -1.126543e+01
7.730593e+13 6.991972e-26 5.405209e-12 1.388821e+01 -1.126719e+01
7.690929e+13 7.000555e-26 5.384077e-12 1.388598e+01 -1.126889e+01
7.651669e+13 7.008200e-26 5.362443e-12 1.388376e+01 -1.127064e+01
7.612809e+13 7.016701e-26 5.341680e-12 1.388154e+01 -1.127232e+01
7.574341e+13 7.026105e-26 5.321811e-12 1.387934e+01 -1.127394e+01
7.536259e+13 7.034614e-26 5.301468e-12 1.387716e+01 -1.127560e+01
7.498559e+13 7.044080e-26 5.282045e-12 1.387498e+01 -1.127720e+01
7.461234e+13 7.052669e-26 5.262161e-12 1.387281e+01 -1.127884e+01
7.424279e+13 7.060371e-26 5.241817e-12 1.387065e+01 -1.128052e+01
7.387689e+13 7.069097e-26 5.222428e-12 1.386851e+01 -1.128213e+01
7.351457e+13 7.078893e-26 5.204017e-12 1.386637e+01 -1.128366e+01
7.315578e+13 7.087851e-26 5.185173e-12 1.386425e+01 -1.128524e+01
7.280049e+13 7.095963e-26 5.165896e-12 1.386213e+01 -1.128685e+01
7.244862e+13 7.105215e-26 5.147630e-12 1.386003e+01 -1.128839e+01
7.210014e+13 7.115656e-26 5.130398e-12 1.385794e+01 -1.128985e+01
7.175500e+13 7.123269e-26 5.111302e-12 1.385585e+01 -1.129147e+01
7.141315e+13 7.134146e-26 5.094719e-12 1.385378e+01 -1.129288e+01
7.107454e+13 7.142180e-26 5.076271e-12 1.385171e+01 -1.129446e+01
7.073912e+13 7.151486e-26 5.058899e-12 1.384966e+01 -1.129594e+01
7.040686e+13 7.162118e-26 5.042622e-12 1.384761e+01 -1.129734e+01
7.007770e+13 7.171994e-26 5.025968e-12 1.384558e+01 -1.129878e+01
6.975161e+13 7.181107e-26 5.008937e-12 1.384355e+01 -1.130025e+01
6.942853e+13 7.189449e-26 4.991529e-12 1.384154e+01 -1.130177e+01
6.910844e+13 7.199206e-26 4.975259e-12 1.383953e+01 -1.130318e+01
6.879128e+13 7.210430e-26 4.960147e-12 1.383753e+01 -1.130451e+01
6.847702e+13 7.218709e-26 4.943157e-12 1.383554e+01 -1.130600e+01
6.816562e+13 7.228483e-26 4.927340e-12 1.383357e+01 -1.130739e+01
6.785704e+13 7.239804e-26 4.912717e-12 1.383159e+01 -1.130868e+01
6.755124e+13 7.248140e-26 4.896208e-12 1.382963e+01 -1.131014e+01
6.724818e+13 7.258051e-26 4.880907e-12 1.382768e+01 -1.131150e+01
6.694783e+13 6.793052e-26 4.547801e-12 1.382574e+01 -1.134220e+01
6.665016e+13 6.799658e-26 4.531983e-12 1.382380e+01 -1.134371e+01
6.635511e+13 6.805569e-26 4.515843e-12 1.382187e+01 -1.134526e+01
6.606267e+13 6.810778e-26 4.499382e-12 1.381996e+01 -1.134685e+01
6.577280e+13 6.815279e-26 4.482599e-12 1.381805e+01 -1.134847e+01
6.548545e+13 6.821507e-26 4.467095e-12 1.381614e+01 -1.134997e+01
6.520061e+13 6.827057e-26 4.451282e-12 1.381425e+01 -1.135151e+01
6.491823e+13 6.831922e-26 4.435163e-12 1.381237e+01 -1.135309e+01
6.463829e+13 6.836097e-26 4.418736e-12 1.381049e+01 -1.135470e+01
6.436076e+13 6.842102e-26 4.403629e-12 1.380862e+01 -1.135619e+01
6.408559e+13 6.847449e-26 4.388228e-12 1.380676e+01 -1.135771e+01
6.381277e+13 6.854701e-26 4.374175e-12 1.380491e+01 -1.135910e+01
6.354226e+13 6.858733e-26 4.358194e-12 1.380306e+01 -1.136069e+01
6.327404e+13 6.864703e-26 4.343575e-12 1.380123e+01 -1.136215e+01
6.300807e+13 6.872672e-26 4.330338e-12 1.379940e+01 -1.136348e+01
6.274433e+13 6.877382e-26 4.315167e-12 1.379757e+01 -1.136500e+01
6.248278e+13 6.884124e-26 4.301392e-12 1.379576e+01 -1.136639e+01
6.222341e+13 6.890256e-26 4.287352e-12 1.379395e+01 -1.136781e+01
6.196618e+13 6.895772e-26 4.273047e-12 1.379215e+01 -1.136926e+01
6.171107e+13 6.900667e-26 4.258476e-12 1.379036e+01 -1.137075e+01
6.145806e+13 6.907708e-26 4.245343e-12 1.378858e+01 -1.137209e+01
6.120710e+13 6.914163e-26 4.231959e-12 1.378680e+01 -1.137346e+01
6.095819e+13 6.920026e-26 4.218323e-12 1.378503e+01 -1.137486e+01
6.071130e+13 6.925294e-26 4.204436e-12 1.378327e+01 -1.137629e+01
6.046640e+13 6.929960e-26 4.190297e-12 1.378151e+01 -1.137776e+01
6.022346e+13 6.936907e-26 4.177646e-12 1.377977e+01 -1.137907e+01
5.998247e+13 6.943290e-26 4.164757e-12 1.377802e+01 -1.138041e+01
5.974340e+13 6.949102e-26 4.151630e-12 1.377629e+01 -1.138178e+01
5.950623e+13 6.957298e-26 4.140026e-12 1.377456e+01 -1.138300e+01
5.927094e+13 6.961981e-26 4.126431e-12 1.377284e+01 -1.138443e+01
5.903750e+13 6.969084e-26 4.114373e-12 1.377113e+01 -1.138570e+01
5.880588e+13 6.975647e-26 4.102091e-12 1.376942e+01 -1.138699e+01
5.857608e+13 6.981664e-26 4.089585e-12 1.376772e+01 -1.138832e+01
5.834807e+13 6.990206e-26 4.078651e-12 1.376603e+01 -1.138948e+01
5.812183e+13 6.995143e-26 4.065705e-12 1.376434e+01 -1.139086e+01
5.789733e+13 7.002644e-26 4.054344e-12 1.376266e+01 -1.139208e+01
5.767457e+13 7.009630e-26 4.042774e-12 1.376098e+01 -1.139332e+01
5.745351e+13 7.016097e-26 4.030994e-12 1.375932e+01 -1.139459e+01
5.723414e+13 7.022041e-26 4.019005e-12 1.375766e+01 -1.139588e+01
5.701643e+13 7.030679e-26 4.008642e-12 1.375600e+01 -1.139700e+01
5.680038e+13 7.035588e-26 3.996241e-12 1.375435e+01 -1.139835e+01
5.658596e+13 7.043231e-26 3.985480e-12 1.375271e+01 -1.139952e+01
5.637315e+13 7.050384e-26 3.974523e-12 1.375107e+01 -1.140071e+01
5.616193e+13 7.057043e-26 3.963372e-12 1.374944e+01 -1.140194e+01
5.595230e+13 7.063203e-26 3.952024e-12 1.374782e+01 -1.140318e+01
5.574422e+13 7.072230e-26 3.942359e-12 1.374620e+01 -1.140424e+01
5.553768e+13 7.077407e-26 3.930628e-12 1.374459e+01 -1.140554e+01
5.533267e+13 7.085493e-26 3.920593e-12 1.374298e+01 -1.140665e+01
5.512917e+13 7.093116e-26 3.910376e-12 1.374138e+01 -1.140778e+01
5.492715e+13 7.100273e-26 3.899978e-12 1.373979e+01 -1.140894e+01
5.472662e+13 7.106958e-26 3.889398e-12 1.373820e+01 -1.141012e+01
5.452754e+13 7.113170e-26 3.878636e-12 1.373662e+01 -1.141132e+01
5.432990e+13 7.118903e-26 3.867693e-12 1.373504e+01 -1.141255e+01
5.413369e+13 7.127728e-26 3.858503e-12 1.373347e+01 -1.141358e+01
5.393890e+13 7.136120e-26 3.849145e-12 1.373190e+01 -1.141464e+01
5.374550e+13 7.140450e-26 3.837671e-12 1.373034e+01 -1.141593e+01
5.355348e+13 7.147939e-26 3.827970e-12 1.372879e+01 -1.141703e+01
5.336283e+13 7.154984e-26 3.818102e-12 1.372724e+01 -1.141815e+01
5.317354e+13 7.165285e-26 3.810035e-12 1.372570e+01 -1.141907e+01
5.298558e+13 7.171459e-26 3.799839e-12 1.372416e+01 -1.142023e+01
5.279894e+13 7.177179e-26 3.789475e-12 1.372263e+01 -1.142142e+01
5.261362e+13 7.186225e-26 3.780933e-12 1.372110e+01 -1.142240e+01
5.242959e+13 7.191055e-26 3.770241e-12 1.371958e+01 -1.142363e+01
5.224685e+13 7.199257e-26 3.761385e-12 1.371806e+01 -1.142465e+01
5.206537e+13 7.207046e-26 3.752375e-12 1.371655e+01 -1.142569e+01
5.188515e+13 7.214418e-26 3.743212e-12 1.371504e+01 -1.142676e+01
5.170617e+13 7.221371e-26 3.733895e-12 1.371354e+01 -1.142784e+01
5.152843e+13 7.227902e-26 3.724424e-12 1.371205e+01 -1.142894e+01
5.135190e+13 7.237977e-26 3.716839e-12 1.371056e+01 -1.142983e+01
5.117658e+13 6.927869e-26 3.545446e-12 1.370907e+01 -1.145033e+01
5.100245e+13 6.930980e-26 3.534970e-12 1.370759e+01 -1.145161e+01
5.082950e+13 6.937702e-26 3.526399e-12 1.370612e+01 -1.145267e+01
5.065772e+13 6.939954e-26 3.515622e-12 1.370465e+01 -1.145400e+01
5.048710e+13 6.945865e-26 3.506766e-12 1.370318e+01 -1.145509e+01
5.031762e+13 6.951380e-26 3.497769e-12 1.370172e+01 -1.145621e+01
5.014928e+13 6.956497e-26 3.488633e-12 1.370026e+01 -1.145734e+01
4.998206e+13 6.961213e-26 3.479357e-12 1.369881e+01 -1.145850e+01
4.981595e+13 6.965524e-26 3.469942e-12 1.369737e+01 -1.145968e+01
4.965094e+13 6.969428e-26 3.460387e-12 1.369593e+01 -1.146088e+01
4.948703e+13 6.977198e-26 3.452808e-12 1.369449e+01 -1.146183e+01
4.932419e+13 6.980308e-26 3.442980e-12 1.369306e+01 -1.146307e+01
4.916241e+13 6.987335e-26 3.435142e-12 1.369163e+01 -1.146406e+01
4.900170e+13 6.989640e-26 3.425042e-12 1.369021e+01 -1.146533e+01
4.884203e+13 6.995913e-26 3.416946e-12 1.368879e+01 -1.146636e+01
4.868340e+13 7.001821e-26 3.408725e-12 1.368738e+01 -1.146741e+01
4.852580e+13 7.007359e-26 3.400377e-12 1.368597e+01 -1.146847e+01
4.836922e+13 7.012526e-26 3.391904e-12 1.368457e+01 -1.146956e+01
4.821364e+13 7.017319e-26 3.383305e-12 1.368317e+01 -1.147066e+01
4.805906e+13 7.021736e-26 3.374580e-12 1.368178e+01 -1.147178e+01
4.790547e+13 7.025774e-26 3.365730e-12 1.368039e+01 -1.147292e+01
4.775285e+13 7.029431e-26 3.356754e-12 1.367900e+01 -1.147408e+01
4.760121e+13 7.037324e-26 3.349851e-12 1.367762e+01 -1.147497e+01
4.745052e+13 7.040240e-26 3.340631e-12 1.367624e+01 -1.147617e+01
4.730079e+13 7.047446e-26 3.333498e-12 1.367487e+01 -1.147710e+01
4.715200e+13 7.049612e-26 3.324033e-12 1.367350e+01 -1.147833e+01
4.700414e+13 7.056122e-26 3.316669e-12 1.367214e+01 -1.147930e+01
4.685721e+13 7.062295e-26 3.309194e-12 1.367078e+01 -1.148028e+01
4.671119e+13 7.068130e-26 3.301607e-12 1.366942e+01 -1.148127e+01
4.656608e+13 7.073623e-26 3.293909e-12 1.366807e+01 -1.148229e+01
4.642186e+13 7.078773e-26 3.286098e-12 1.366672e+01 -1.148332e+01
4.627854e+13 7.083577e-26 3.278176e-12 1.366538e+01 -1.148437e+01
4.613610e+13 7.088033e-26 3.270142e-12 1.366404e+01 -1.148543e+01
4.599454e+13 7.092139e-26 3.261997e-12 1.366271e+01 -1.148652e+01
4.585384e+13 7.095893e-26 3.253739e-12 1.366138e+01 -1.148762e+01
4.571400e+13 7.104302e-26 3.247660e-12 1.366005e+01 -1.148843e+01
4.557501e+13 7.107374e-26 3.239186e-12 1.365873e+01 -1.148956e+01
4.543686e+13 7.115159e-26 3.232905e-12 1.365741e+01 -1.149041e+01
4.529955e+13 7.117543e-26 3.224215e-12 1.365609e+01 -1.149158e+01
4.516306e+13 7.124695e-26 3.217731e-12 1.365478e+01 -1.149245e+01
4.502740e+13 7.126381e-26 3.208824e-12 1.365348e+01 -1.149365e+01
4.489254e+13 7.132893e-26 3.202137e-12 1.365217e+01 -1.149456e+01
4.475850e+13 7.139098e-26 3.195353e-12 1.365088e+01 -1.149548e+01
4.462525e+13 7.144993e-26 3.188471e-12 1.364958e+01 -1.149642e+01
4.449279e+13 7.150576e-26 3.181491e-12 1.364829e+01 -1.149737e+01
4.436111e+13 7.155846e-26 3.174413e-12 1.364700e+01 -1.149834e+01
4.423022e+13 7.160801e-26 3.167238e-12 1.364572e+01 -1.149932e+01
4.410009e+13 7.165438e-26 3.159964e-12 1.364444e+01 -1.150032e+01
4.397072e+13 7.169755e-26 3.152593e-12 1.364316e+01 -1.150133e+01
4.384212e+13 7.179198e-26 3.147513e-12 1.364189e+01 -1.150203e+01
4.371426e+13 7.182903e-26 3.139953e-12 1.364062e+01 -1.150308e+01
4.358715e+13 7.186282e-26 3.132295e-12 1.363936e+01 -1.150414e+01
4.346077e+13 7.194878e-26 3.126949e-12 1.363810e+01 -1.150488e+01
4.333513e+13 7.197633e-26 3.119103e-12 1.363684e+01 -1.150597e+01
4.321020e+13 7.205665e-26 3.113583e-12 1.363559e+01 -1.150674e+01
4.308600e+13 7.207789e-26 3.105548e-12 1.363434e+01 -1.150786e+01
4.296251e+13 7.215250e-26 3.099853e-12 1.363309e+01 -1.150866e+01
4.283973e+13 7.216735e-26 3.091629e-12 1.363185e+01 -1.150981e+01
4.271764e+13 7.223618e-26 3.085759e-12 1.363061e+01 -1.151064e+01
4.259625e+13 7.230227e-26 3.079806e-12 1.362937e+01 -1.151148e+01
4.247555e+13 7.236559e-26 3.073768e-12 1.362814e+01 -1.151233e+01
4.235552e+13 7.242612e-26 3.067646e-12 1.362691e+01 -1.151319e+01
4.223618e+13 7.248386e-26 3.061441e-12 1.362568e+01 -1.151407e+01
4.211750e+13 7.253877e-26 3.055152e-12 1.362446e+01 -1.151497e+01
4.199950e+13 7.259085e-26 3.048779e-12 1.362324e+01 -1.151587e+01
4.188215e+13 7.264008e-26 3.042322e-12 1.362203e+01 -1.151679e+01
4.176545e+13 7.268644e-26 3.035782e-12 1.362082e+01 -1.151773e+01
4.164940e+13 7.272991e-26 3.029157e-12 1.361961e+01 -1.151868e+01
4.153400e+13 7.277049e-26 3.022449e-12 1.361840e+01 -1.151964e+01
4.141923e+13 7.286917e-26 3.018185e-12 1.361720e+01 -1.152025e+01
4.130510e+13 7.290423e-26 3.011316e-12 1.361600e+01 -1.152124e+01
4.119159e+13 7.293633e-26 3.004364e-12 1.361481e+01 -1.152225e+01
4.107871e+13 7.302751e-26 2.999876e-12 1.361362e+01 -1.152290e+01
4.096644e+13 7.305401e-26 2.992763e-12 1.361243e+01 -1.152393e+01
4.085478e+13 7.314023e-26 2.988128e-12 1.361124e+01 -1.152460e+01
4.074373e+13 7.316104e-26 2.980854e-12 1.361006e+01 -1.152566e+01
4.063329e+13 7.324224e-26 2.976073e-12 1.360888e+01 -1.152636e+01
4.052344e+13 7.332108e-26 2.971222e-12 1.360771e+01 -1.152706e+01
4.041418e+13 7.102574e-26 2.870447e-12 1.360653e+01 -1.154205e+01
4.030551e+13 7.108700e-26 2.865198e-12 1.360536e+01 -1.154285e+01
4.019743e+13 7.114583e-26 2.859879e-12 1.360420e+01 -1.154365e+01
4.008992e+13 7.120220e-26 2.854490e-12 1.360304e+01 -1.154447e+01
3.998298e+13 7.119062e-26 2.846413e-12 1.360188e+01 -1.154570e+01
3.987662e+13 7.124169e-26 2.840878e-12 1.360072e+01 -1.154655e+01
3.977081e+13 7.129028e-26 2.835272e-12 1.359956e+01 -1.154741e+01
3.966557e+13 7.133635e-26 2.829597e-12 1.359841e+01 -1.154828e+01
3.956089e+13 7.137990e-26 2.823852e-12 1.359727e+01 -1.154916e+01
3.945675e+13 7.142092e-26 2.818037e-12 1.359612e+01 -1.155005e+01
3.935316e+13 7.145938e-26 2.812153e-12 1.359498e+01 -1.155096e+01
3.925012e+13 7.149528e-26 2.806198e-12 1.359384e+01 -1.155188e+01
3.914761e+13 7.152860e-26 2.800174e-12 1.359271e+01 -1.155281e+01
3.904564e+13 7.155933e-26 2.794080e-12 1.359157e+01 -1.155376e+01
3.894419e+13 7.165649e-26 2.790604e-12 1.359044e+01 -1.155430e+01
3.884328e+13 7.168235e-26 2.784377e-12 1.358932e+01 -1.155527e+01
3.874288e+13 7.170557e-26 2.778080e-12 1.358819e+01 -1.155626e+01
3.864300e+13 7.172615e-26 2.771714e-12 1.358707e+01 -1.155725e+01
3.854364e+13 7.181454e-26 2.767994e-12 1.358595e+01 -1.155783e+01
3.844478e+13 7.183015e-26 2.761494e-12 1.358484e+01 -1.155886e+01
3.834643e+13 7.184306e-26 2.754925e-12 1.358372e+01 -1.155989e+01
3.824858e+13 7.192484e-26 2.751023e-12 1.358262e+01 -1.156051e+01
3.815123e+13 7.193270e-26 2.744321e-12 1.358151e+01 -1.156157e+01
3.805438e+13 7.199568e-26 2.739751e-12 1.358040e+01 -1.156229e+01
3.795801e+13 7.204196e-26 2.734570e-12 1.357930e+01 -1.156311e+01
3.786214e+13 7.207862e-26 2.729051e-12 1.357821e+01 -1.156399e+01
3.776674e+13 7.212023e-26 2.723746e-12 1.357711e+01 -1.156483e+01
3.767183e+13 7.216687e-26 2.718658e-12 1.357602e+01 -1.156565e+01
3.757739e+13 7.220382e-26 2.713231e-12 1.357493e+01 -1.156651e+01
3.748342e+13 7.224586e-26 2.708022e-12 1.357384e+01 -1.156735e+01
3.738992e+13 7.228559e-26 2.702753e-12 1.357275e+01 -1.156819e+01
3.729689e+13 7.233054e-26 2.697704e-12 1.357167e+01 -1.156901e+01
3.720432e+13 7.237324e-26 2.692597e-12 1.357059e+01 -1.156983e+01
3.711221e+13 7.241368e-26 2.687431e-12 1.356952e+01 -1.157066e+01
3.702055e+13 7.245948e-26 2.682490e-12 1.356844e+01 -1.157146e+01
3.692934e+13 7.249540e-26 2.677207e-12 1.356737e+01 -1.157232e+01
3.683858e+13 7.254444e-26 2.672435e-12 1.356630e+01 -1.157309e+01
3.674827e+13 7.258358e-26 2.667321e-12 1.356524e+01 -1.157392e+01
3.665840e+13 7.262826e-26 2.662436e-12 1.356417e+01 -1.157472e+01
3.656897e+13 7.267076e-26 2.657495e-12 1.356311e+01 -1.157553e+01
3.647997e+13 7.271108e-26 2.652498e-12 1.356205e+01 -1.157634e+01
3.639141e+13 7.274919e-26 2.647445e-12 1.356100e+01 -1.157717e+01
3.630327e+13 7.279303e-26 2.642625e-12 1.355995e+01 -1.157796e+01
3.621556e+13 7.283472e-26 2.637750e-12 1.355890e+01 -1.157877e+01
3.612827e+13 7.288228e-26 2.633111e-12 1.355785e+01 -1.157953e+01
3.604140e+13 7.291968e-26 2.628128e-12 1.355680e+01 -1.158035e+01
3.595495e+13 7.296300e-26 2.623381e-12 1.355576e+01 -1.158114e+01
3.586892e+13 7.300421e-26 2.618582e-12 1.355472e+01 -1.158193e+01
3.578329e+13 7.305148e-26 2.614022e-12 1.355368e+01 -1.158269e+01
3.569807e+13 7.308847e-26 2.609117e-12 1.355264e+01 -1.158351e+01
3.561326e+13 7.313157e-26 2.604453e-12 1.355161e+01 -1.158428e+01
3.552885e+13 7.317259e-26 2.599738e-12 1.355058e+01 -1.158507e+01
3.544483e+13 7.321986e-26 2.595266e-12 1.354955e+01 -1.158582e+01
3.536122e+13 7.326511e-26 2.590744e-12 1.354853e+01 -1.158658e+01
3.527799e+13 7.330833e-26 2.586171e-12 1.354750e+01 -1.158734e+01
3.519516e+13 7.334952e-26 2.581548e-12 1.354648e+01 -1.158812e+01
3.511272e+13 7.338865e-26 2.576875e-12 1.354546e+01 -1.158891e+01
3.503066e+13 7.343426e-26 2.572451e-12 1.354445e+01 -1.158965e+01
3.494899e+13 7.347787e-26 2.567977e-12 1.354343e+01 -1.159041e+01
3.486769e+13 7.351949e-26 2.563455e-12 1.354242e+01 -1.159117e+01
3.478677e+13 7.355910e-26 2.558884e-12 1.354141e+01 -1.159195e+01
3.470623e+13 7.360538e-26 2.554565e-12 1.354041e+01 -1.159268e+01
3.462606e+13 7.364972e-26 2.550199e-12 1.353940e+01 -1.159343e+01
3.454625e+13 7.369210e-26 2.545786e-12 1.353840e+01 -1.159418e+01
3.446682e+13 7.373251e-26 2.541325e-12 1.353740e+01 -1.159494e+01
3.438775e+13 7.377980e-26 2.537121e-12 1.353640e+01 -1.159566e+01
3.430904e+13 7.382518e-26 2.532871e-12 1.353541e+01 -1.159639e+01
3.423069e+13 7.386865e-26 2.528575e-12 1.353442e+01 -1.159712e+01
3.415270e+13 7.391020e-26 2.524233e-12 1.353343e+01 -1.159787e+01
3.407506e+13 7.394981e-26 2.519844e-12 1.353244e+01 -1.159863e+01
3.399778e+13 7.399654e-26 2.515718e-12 1.353145e+01 -1.159934e+01
3.392084e+13 7.404140e-26 2.511547e-12 1.353047e+01 -1.160006e+01
3.384425e+13 7.408439e-26 2.507331e-12 1.352948e+01 -1.160079e+01
3.376801e+13 7.412549e-26 2.503070e-12 1.352851e+01 -1.160153e+01
3.369211e+13 7.416469e-26 2.498765e-12 1.352753e+01 -1.160227e+01
3.361655e+13 7.421126e-26 2.494727e-12 1.352655e+01 -1.160298e+01
3.354133e+13 7.425599e-26 2.490645e-12 1.352558e+01 -1.160369e+01
3.346644e+13 7.429889e-26 2.486520e-12 1.352461e+01 -1.160441e+01
3.339189e+13 7.433994e-26 2.482351e-12 1.352364e+01 -1.160514e+01
3.331767e+13 7.438856e-26 2.478454e-12 1.352267e+01 -1.160582e+01
3.324378e+13 7.442593e-26 2.474199e-12 1.352171e+01 -1.160657e+01
3.317021e+13 7.447094e-26 2.470217e-12 1.352075e+01 -1.160726e+01
3.309698e+13 7.451416e-26 2.466193e-12 1.351979e+01 -1.160797e+01
3.302406e+13 7.455557e-26 2.462127e-12 1.351883e+01 -1.160869e+01
3.295146e+13 7.460481e-26 2.458337e-12 1.351787e+01 -1.160936e+01
3.287918e+13 7.307364e-26 2.402602e-12 1.351692e+01 -1.161932e+01
3.280722e+13 7.310274e-26 2.398298e-12 1.351597e+01 -1.162010e+01
3.273558e+13 7.313974e-26 2.394272e-12 1.351502e+01 -1.162083e+01
3.266424e+13 7.316516e-26 2.389884e-12 1.351407e+01 -1.162162e+01
3.259322e+13 7.319857e-26 2.385777e-12 1.351313e+01 -1.162237e+01
3.252250e+13 7.324007e-26 2.381950e-12 1.351218e+01 -1.162307e+01
3.245209e+13 7.326992e-26 2.377762e-12 1.351124e+01 -1.162383e+01
3.238198e+13 7.329796e-26 2.373533e-12 1.351030e+01 -1.162460e+01
3.231218e+13 7.333422e-26 2.369588e-12 1.350937e+01 -1.162533e+01
3.224268e+13 7.336873e-26 2.365604e-12 1.350843e+01 -1.162606e+01
3.217347e+13 7.340149e-26 2.361581e-12 1.350750e+01 -1.162680e+01
3.210456e+13 7.343250e-26 2.357518e-12 1.350657e+01 -1.162754e+01
3.203595e+13 7.346174e-26 2.353417e-12 1.350564e+01 -1.162830e+01
3.196763e+13 7.349946e-26 2.349603e-12 1.350471e+01 -1.162901e+01
3.189960e+13 7.353549e-26 2.345752e-12 1.350379e+01 -1.162972e+01
3.183185e+13 7.356982e-26 2.341864e-12 1.350286e+01 -1.163044e+01
3.176440e+13 7.360245e-26 2.337937e-12 1.350194e+01 -1.163117e+01
3.169723e+13 7.363336e-26 2.333973e-12 1.350102e+01 -1.163190e+01
3.163034e+13 7.366254e-26 2.329972e-12 1.350010e+01 -1.163265e+01
3.156374e+13 7.370051e-26 2.326264e-12 1.349919e+01 -1.163334e+01
3.149742e+13 7.373683e-26 2.322520e-12 1.349827e+01 -1.163404e+01
3.143137e+13 7.377150e-26 2.318739e-12 1.349736e+01 -1.163475e+01
3.136560e+13 7.380450e-26 2.314922e-12 1.349645e+01 -1.163546e+01
3.130010e+13 7.383584e-26 2.311069e-12 1.349555e+01 -1.163619e+01
3.123488e+13 7.386549e-26 2.307180e-12 1.349464e+01 -1.163692e+01
3.116993e+13 7.390424e-26 2.303590e-12 1.349374e+01 -1.163759e+01
3.110525e+13 7.393057e-26 2.299629e-12 1.349283e+01 -1.163834e+01
3.104084e+13 7.396606e-26 2.295968e-12 1.349193e+01 -1.163903e+01
3.097669e+13 7.399994e-26 2.292273e-12 1.349104e+01 -1.163973e+01
3.091281e+13 7.403219e-26 2.288543e-12 1.349014e+01 -1.164044e+01
3.091281e+12 6.987882e-27 2.160151e-13 1.200000e+01 -2.000000e+01
3.091281e+11 6.987882e-27 2.160151e-13 1.100000e+01 -2.000000e+01
3.091281e+10 6.987882e-27 2.160151e-13 1.000000e+01 -2.000000e+01
3.091281e+09 6.987882e-27 2.160151e-13 9.000000e+00 -2.000000e+01
3.091281e+08 6.987882e-27 2.160151e-13 8.000000e+00 -2.000000e+01
3.091281e+07 6.987882e-27 2.160151e-13 7.000000e+00 -2.000000e+01