1.362693e+16 6.196485e-29 8.443905e-13 1.613440e+01 -1.207346e+01
1.303445e+16 3.002994e-28 3.914238e-12 1.611509e+01 -1.140735e+01
1.249135e+16 3.043001e-28 3.801119e-12 1.609661e+01 -1.142009e+01
1.199170e+16 3.120574e-28 3.742098e-12 1.607888e+01 -1.142688e+01
1.153048e+16 3.383876e-28 3.901770e-12 1.606185e+01 -1.140874e+01
1.110342e+16 3.891213e-28 4.320578e-12 1.604546e+01 -1.136446e+01
1.070687e+16 3.943674e-28 4.222441e-12 1.602966e+01 -1.137444e+01
1.033767e+16 4.497857e-28 4.649736e-12 1.601442e+01 -1.133257e+01
9.993080e+15 4.357329e-28 4.354314e-12 1.599970e+01 -1.136108e+01
9.670723e+15 4.723188e-28 4.567664e-12 1.598546e+01 -1.134031e+01
9.368512e+15 4.920693e-28 4.609957e-12 1.597167e+01 -1.133630e+01
9.084618e+15 5.164536e-28 4.691784e-12 1.595831e+01 -1.132866e+01
8.817424e+15 5.163121e-28 4.552542e-12 1.594534e+01 -1.134175e+01
8.565497e+15 5.595453e-28 4.792784e-12 1.593275e+01 -1.131941e+01
8.327567e+15 8.018325e-28 6.677313e-12 1.592052e+01 -1.117540e+01
8.102497e+15 1.042839e-27 8.449597e-12 1.590862e+01 -1.107316e+01
7.889274e+15 9.859190e-28 7.778185e-12 1.589704e+01 -1.110912e+01
7.686985e+15 1.114505e-27 8.567186e-12 1.588576e+01 -1.106716e+01
7.494810e+15 1.497270e-27 1.122175e-11 1.587476e+01 -1.094994e+01
7.312010e+15 1.693502e-27 1.238290e-11 1.586404e+01 -1.090718e+01
7.137914e+15 1.649096e-27 1.177111e-11 1.585357e+01 -1.092918e+01
6.971916e+15 1.632492e-27 1.138160e-11 1.584335e+01 -1.094380e+01
6.813464e+15 1.859509e-27 1.266970e-11 1.583337e+01 -1.089723e+01
6.662053e+15 1.976603e-27 1.316824e-11 1.582361e+01 -1.088047e+01
6.517226e+15 1.875870e-27 1.222547e-11 1.581406e+01 -1.091273e+01
6.378562e+15 1.952140e-27 1.245184e-11 1.580472e+01 -1.090477e+01
6.245675e+15 2.145064e-27 1.339737e-11 1.579558e+01 -1.087298e+01
6.118212e+15 2.057203e-27 1.258641e-11 1.578662e+01 -1.090010e+01
5.995848e+15 2.350842e-27 1.409529e-11 1.577785e+01 -1.085093e+01
5.878282e+15 3.193620e-27 1.877300e-11 1.576925e+01 -1.072647e+01
5.765238e+15 3.685487e-27 2.124771e-11 1.576082e+01 -1.067269e+01
5.656460e+15 3.458829e-27 1.956473e-11 1.575254e+01 -1.070853e+01
5.551711e+15 3.156111e-27 1.752182e-11 1.574443e+01 -1.075642e+01
5.450771e+15 3.258581e-27 1.776178e-11 1.573646e+01 -1.075051e+01
5.353436e+15 4.051445e-27 2.168915e-11 1.572863e+01 -1.066376e+01
5.259516e+15 4.507791e-27 2.370880e-11 1.572095e+01 -1.062509e+01
5.168834e+15 4.553700e-27 2.353732e-11 1.571339e+01 -1.062824e+01
5.081227e+15 4.614755e-27 2.344862e-11 1.570597e+01 -1.062988e+01
4.996540e+15 4.210547e-27 2.103817e-11 1.569867e+01 -1.067699e+01
4.914630e+15 4.304820e-27 2.115660e-11 1.569149e+01 -1.067455e+01
4.835361e+15 5.051203e-27 2.442439e-11 1.568443e+01 -1.061218e+01
4.758610e+15 5.104492e-27 2.429028e-11 1.567748e+01 -1.061457e+01
4.684256e+15 5.425287e-27 2.541344e-11 1.567064e+01 -1.059494e+01
4.612191e+15 5.359903e-27 2.472090e-11 1.566391e+01 -1.060694e+01
4.542309e+15 5.312964e-27 2.413313e-11 1.565728e+01 -1.061739e+01
4.474513e+15 5.872617e-27 2.627711e-11 1.565075e+01 -1.058042e+01
4.408712e+15 5.699094e-27 2.512566e-11 1.564431e+01 -1.059988e+01
4.344817e+15 5.768114e-27 2.506140e-11 1.563797e+01 -1.060099e+01
4.282749e+15 5.731023e-27 2.454453e-11 1.563172e+01 -1.061005e+01
4.222428e+15 5.841322e-27 2.466456e-11 1.562556e+01 -1.060793e+01
4.163783e+15 6.624818e-27 2.758431e-11 1.561949e+01 -1.055934e+01
4.106745e+15 6.760455e-27 2.776347e-11 1.561350e+01 -1.055653e+01
4.051249e+15 6.768324e-27 2.742016e-11 1.560759e+01 -1.056193e+01
3.997232e+15 6.742799e-27 2.695253e-11 1.560176e+01 -1.056940e+01
3.944637e+15 6.554402e-27 2.585474e-11 1.559601e+01 -1.058746e+01
3.893408e+15 6.634778e-27 2.583189e-11 1.559033e+01 -1.058784e+01
3.843492e+15 6.801850e-27 2.614286e-11 1.558473e+01 -1.058265e+01
3.794841e+15 6.863229e-27 2.604486e-11 1.557919e+01 -1.058428e+01
3.747405e+15 7.165572e-27 2.685230e-11 1.557373e+01 -1.057102e+01
3.701141e+15 7.321373e-27 2.709743e-11 1.556834e+01 -1.056707e+01
3.656005e+15 7.483681e-27 2.736038e-11 1.556301e+01 -1.056288e+01
3.611957e+15 6.960299e-27 2.514030e-11 1.555774e+01 -1.059963e+01
3.568957e+15 6.959699e-27 2.483887e-11 1.555254e+01 -1.060487e+01
3.526969e+15 7.603618e-27 2.681773e-11 1.554740e+01 -1.057158e+01
3.485958e+15 7.749115e-27 2.701309e-11 1.554232e+01 -1.056843e+01
3.445890e+15 7.963881e-27 2.744266e-11 1.553730e+01 -1.056157e+01
3.406732e+15 8.074037e-27 2.750608e-11 1.553234e+01 -1.056057e+01
3.368454e+15 8.181992e-27 2.756066e-11 1.552743e+01 -1.055971e+01
3.331027e+15 8.206478e-27 2.733600e-11 1.552258e+01 -1.056327e+01
3.294422e+15 7.952856e-27 2.620006e-11 1.551778e+01 -1.058170e+01
3.258613e+15 4.209244e-26 1.371630e-10 1.551303e+01 -9.862763e+00
3.223574e+15 7.729953e-26 2.491808e-10 1.550834e+01 -9.603485e+00
3.189281e+15 1.229030e-25 3.919721e-10 1.550369e+01 -9.406745e+00
3.155709e+15 1.698990e-25 5.361520e-10 1.549910e+01 -9.270712e+00
3.122838e+15 2.076353e-25 6.484114e-10 1.549455e+01 -9.188149e+00
3.090643e+15 1.524660e-25 4.712179e-10 1.549005e+01 -9.326778e+00
3.059106e+15 1.441021e-25 4.408237e-10 1.548559e+01 -9.355735e+00
3.028206e+15 2.067717e-25 6.261474e-10 1.548119e+01 -9.203323e+00
2.997924e+15 2.262307e-25 6.782225e-10 1.547682e+01 -9.168628e+00
2.968242e+15 2.462265e-25 7.308598e-10 1.547250e+01 -9.136166e+00
2.939141e+15 1.867692e-25 5.489411e-10 1.546822e+01 -9.260474e+00
2.910606e+15 1.699337e-25 4.946100e-10 1.546398e+01 -9.305737e+00
2.882619e+15 2.618271e-25 7.547478e-10 1.545979e+01 -9.122198e+00
2.855166e+15 3.133796e-25 8.947508e-10 1.545563e+01 -9.048298e+00
2.828230e+15 2.878321e-25 8.140556e-10 1.545151e+01 -9.089346e+00
2.801798e+15 2.814183e-25 7.884773e-10 1.544744e+01 -9.103211e+00
2.775856e+15 2.814038e-25 7.811363e-10 1.544340e+01 -9.107273e+00
2.750389e+15 2.859471e-25 7.864657e-10 1.543939e+01 -9.104320e+00
2.725385e+15 3.046088e-25 8.301765e-10 1.543543e+01 -9.080830e+00
2.700832e+15 2.981157e-25 8.051605e-10 1.543150e+01 -9.094118e+00
2.676718e+15 2.821764e-25 7.553066e-10 1.542760e+01 -9.121877e+00
2.653030e+15 2.922953e-25 7.754681e-10 1.542374e+01 -9.110436e+00
2.629758e+15 3.059697e-25 8.046261e-10 1.541992e+01 -9.094406e+00
2.606890e+15 2.996523e-25 7.811607e-10 1.541612e+01 -9.107260e+00
2.584417e+15 3.067674e-25 7.928148e-10 1.541236e+01 -9.100828e+00
2.562328e+15 2.671092e-25 6.844215e-10 1.540863e+01 -9.164676e+00
2.540614e+15 2.598537e-25 6.601878e-10 1.540494e+01 -9.180333e+00
2.519264e+15 2.682358e-25 6.757569e-10 1.540127e+01 -9.170210e+00
2.498270e+15 2.209279e-25 5.519376e-10 1.539764e+01 -9.258110e+00
2.477623e+15 1.666867e-25 4.129869e-10 1.539404e+01 -9.384064e+00
2.457315e+15 1.574547e-25 3.869158e-10 1.539046e+01 -9.412384e+00
2.437337e+15 2.176604e-25 5.305118e-10 1.538692e+01 -9.275305e+00
2.417681e+15 3.458820e-25 8.362323e-10 1.538340e+01 -9.077673e+00
2.398339e+15 3.707775e-25 8.892503e-10 1.537991e+01 -9.050976e+00
2.379305e+15 3.301275e-25 7.854738e-10 1.537645e+01 -9.104868e+00
2.360570e+15 3.755974e-25 8.866240e-10 1.537302e+01 -9.052261e+00
2.342128e+15 3.836351e-25 8.985226e-10 1.536961e+01 -9.046471e+00
2.323972e+15 3.855818e-25 8.960814e-10 1.536623e+01 -9.047653e+00
2.306095e+15 3.246457e-25 7.486640e-10 1.536288e+01 -9.125713e+00
2.288492e+15 3.570478e-25 8.171009e-10 1.535955e+01 -9.087724e+00
2.271155e+15 3.860653e-25 8.768139e-10 1.535625e+01 -9.057093e+00
2.254078e+15 3.513419e-25 7.919522e-10 1.535297e+01 -9.101301e+00
2.237257e+15 3.520433e-25 7.876112e-10 1.534972e+01 -9.103688e+00
2.220684e+15 3.796098e-25 8.429935e-10 1.534649e+01 -9.074176e+00
2.204356e+15 3.548737e-25 7.822678e-10 1.534328e+01 -9.106645e+00
2.188266e+15 3.397774e-25 7.435232e-10 1.534010e+01 -9.128705e+00
2.172409e+15 3.325540e-25 7.224432e-10 1.533694e+01 -9.141196e+00
2.156780e+15 2.876490e-25 6.203955e-10 1.533381e+01 -9.207331e+00
2.141374e+15 3.230836e-25 6.918428e-10 1.533069e+01 -9.159993e+00
2.126187e+15 3.423064e-25 7.278075e-10 1.532760e+01 -9.137983e+00
2.111214e+15 3.305013e-25 6.977589e-10 1.532453e+01 -9.156295e+00
2.096450e+15 3.335051e-25 6.991768e-10 1.532148e+01 -9.155413e+00
2.081892e+15 3.466404e-25 7.216678e-10 1.531846e+01 -9.141663e+00
2.067534e+15 3.468180e-25 7.170579e-10 1.531545e+01 -9.144446e+00
2.053373e+15 3.456585e-25 7.097658e-10 1.531247e+01 -9.148885e+00
2.039404e+15 3.597239e-25 7.336223e-10 1.530950e+01 -9.134527e+00
2.025624e+15 3.674415e-25 7.442985e-10 1.530656e+01 -9.128253e+00
2.012030e+15 3.863896e-25 7.774274e-10 1.530363e+01 -9.109340e+00
1.998616e+15 3.656445e-25 7.307830e-10 1.530073e+01 -9.136212e+00
1.985380e+15 3.654893e-25 7.256352e-10 1.529784e+01 -9.139282e+00
1.972318e+15 3.676548e-25 7.251323e-10 1.529498e+01 -9.139583e+00
1.959427e+15 3.002427e-25 5.883039e-10 1.529213e+01 -9.230398e+00
1.946704e+15 2.533731e-25 4.932424e-10 1.528930e+01 -9.306940e+00
1.934145e+15 3.557225e-25 6.880186e-10 1.528649e+01 -9.162400e+00
1.921746e+15 3.804557e-25 7.311392e-10 1.528370e+01 -9.136000e+00
1.909506e+15 3.606544e-25 6.886717e-10 1.528092e+01 -9.161988e+00
1.897420e+15 3.658450e-25 6.941618e-10 1.527816e+01 -9.158539e+00
1.885487e+15 3.651895e-25 6.885600e-10 1.527542e+01 -9.162058e+00
1.873702e+15 3.498165e-25 6.554521e-10 1.527270e+01 -9.183459e+00
1.862065e+15 3.306498e-25 6.156912e-10 1.526999e+01 -9.210637e+00
1.850570e+15 3.359929e-25 6.217784e-10 1.526731e+01 -9.206364e+00
1.839217e+15 3.370586e-25 6.199240e-10 1.526463e+01 -9.207662e+00
1.828002e+15 3.440269e-25 6.288820e-10 1.526198e+01 -9.201431e+00
1.816924e+15 3.510895e-25 6.379028e-10 1.525934e+01 -9.195245e+00
1.805978e+15 3.306403e-25 5.971291e-10 1.525671e+01 -9.223932e+00
1.795164e+15 3.382097e-25 6.071418e-10 1.525410e+01 -9.216710e+00
1.784479e+15 3.685755e-25 6.577152e-10 1.525151e+01 -9.181962e+00
1.773920e+15 3.639930e-25 6.456943e-10 1.524893e+01 -9.189973e+00
1.763485e+15 3.619167e-25 6.382346e-10 1.524637e+01 -9.195020e+00
1.753172e+15 3.508583e-25 6.151150e-10 1.524382e+01 -9.211044e+00
1.742979e+15 3.456688e-25 6.024935e-10 1.524129e+01 -9.220048e+00
1.732904e+15 3.744543e-25 6.488934e-10 1.523877e+01 -9.187827e+00
1.722945e+15 3.862024e-25 6.654054e-10 1.523627e+01 -9.176914e+00
1.713099e+15 3.927948e-25 6.728966e-10 1.523378e+01 -9.172052e+00
1.703366e+15 3.987401e-25 6.792004e-10 1.523131e+01 -9.168002e+00
1.693742e+15 3.992696e-25 6.762598e-10 1.522885e+01 -9.169886e+00
1.684227e+15 4.100685e-25 6.906484e-10 1.522640e+01 -9.160743e+00
1.674818e+15 3.701220e-25 6.198870e-10 1.522397e+01 -9.207687e+00
1.665513e+15 4.148060e-25 6.908649e-10 1.522155e+01 -9.160607e+00
1.656312e+15 4.011088e-25 6.643612e-10 1.521914e+01 -9.177596e+00
1.647211e+15 4.175153e-25 6.877358e-10 1.521675e+01 -9.162578e+00
1.638210e+15 4.127530e-25 6.761759e-10 1.521437e+01 -9.169940e+00
1.629307e+15 3.932178e-25 6.406723e-10 1.521200e+01 -9.193364e+00
1.620499e+15 3.780868e-25 6.126895e-10 1.520965e+01 -9.212760e+00
1.611787e+15 3.820644e-25 6.158065e-10 1.520731e+01 -9.210556e+00
1.603168e+15 4.021524e-25 6.447179e-10 1.520498e+01 -9.190630e+00
1.594640e+15 3.997949e-25 6.375291e-10 1.520266e+01 -9.195500e+00
1.586203e+15 3.909514e-25 6.201283e-10 1.520036e+01 -9.207518e+00
1.577855e+15 3.862680e-25 6.094748e-10 1.519807e+01 -9.215044e+00
1.569594e+15 3.893247e-25 6.110816e-10 1.519579e+01 -9.213901e+00
1.561419e+15 3.882158e-25 6.061675e-10 1.519352e+01 -9.217407e+00
1.553328e+15 3.782110e-25 5.874860e-10 1.519126e+01 -9.231003e+00
1.545322e+15 4.152862e-25 6.417507e-10 1.518902e+01 -9.192634e+00
1.537397e+15 4.215719e-25 6.481233e-10 1.518679e+01 -9.188342e+00
1.529553e+15 4.159270e-25 6.361825e-10 1.518456e+01 -9.196418e+00
1.521789e+15 4.214931e-25 6.414235e-10 1.518235e+01 -9.192855e+00
1.514103e+15 4.365156e-25 6.609296e-10 1.518016e+01 -9.179845e+00
1.506494e+15 4.320324e-25 6.508544e-10 1.517797e+01 -9.186516e+00
1.498962e+15 4.237108e-25 6.351264e-10 1.517579e+01 -9.197140e+00
1.491504e+15 4.222637e-25 6.298082e-10 1.517362e+01 -9.200792e+00
1.484121e+15 4.329879e-25 6.426064e-10 1.517147e+01 -9.192055e+00
1.476810e+15 4.297006e-25 6.345861e-10 1.516932e+01 -9.197509e+00
1.469571e+15 4.359807e-25 6.407044e-10 1.516719e+01 -9.193342e+00
1.462402e+15 4.396780e-25 6.429860e-10 1.516507e+01 -9.191798e+00
1.455303e+15 4.164920e-25 6.061221e-10 1.516295e+01 -9.217440e+00
1.448272e+15 4.391143e-25 6.359572e-10 1.516085e+01 -9.196572e+00
1.441310e+15 4.668032e-25 6.728079e-10 1.515876e+01 -9.172109e+00
1.434413e+15 4.636696e-25 6.650939e-10 1.515667e+01 -9.177117e+00
1.427583e+15 4.335427e-25 6.189182e-10 1.515460e+01 -9.208367e+00
1.420817e+15 4.508550e-25 6.405825e-10 1.515254e+01 -9.193425e+00
1.414115e+15 4.521543e-25 6.393983e-10 1.515048e+01 -9.194229e+00
1.407476e+15 4.609224e-25 6.487373e-10 1.514844e+01 -9.187931e+00
1.400899e+15 4.210872e-25 5.899006e-10 1.514641e+01 -9.229221e+00
1.394383e+15 4.390864e-25 6.122547e-10 1.514438e+01 -9.213068e+00
1.387928e+15 4.475285e-25 6.211372e-10 1.514237e+01 -9.206812e+00
1.381532e+15 4.195364e-25 5.796029e-10 1.514036e+01 -9.236869e+00
1.375194e+15 4.157720e-25 5.717674e-10 1.513836e+01 -9.242781e+00
1.368915e+15 4.401559e-25 6.025361e-10 1.513638e+01 -9.220017e+00
1.362693e+15 4.675273e-25 6.370961e-10 1.513440e+01 -9.195795e+00
1.356527e+15 4.350889e-25 5.902097e-10 1.513243e+01 -9.228994e+00
1.350416e+15 4.102140e-25 5.539597e-10 1.513047e+01 -9.256522e+00
1.344361e+15 4.144394e-25 5.571559e-10 1.512852e+01 -9.254023e+00
1.338359e+15 4.246528e-25 5.683379e-10 1.512657e+01 -9.245393e+00
1.332411e+15 4.086962e-25 5.445512e-10 1.512464e+01 -9.263961e+00
1.326515e+15 4.210837e-25 5.585738e-10 1.512271e+01 -9.252919e+00
1.320671e+15 4.085507e-25 5.395613e-10 1.512079e+01 -9.267959e+00
1.314879e+15 4.257838e-25 5.598542e-10 1.511889e+01 -9.251925e+00
1.309137e+15 4.331924e-25 5.671082e-10 1.511699e+01 -9.246334e+00
1.303445e+15 4.113479e-25 5.361694e-10 1.511509e+01 -9.270698e+00
1.297803e+15 4.312813e-25 5.597179e-10 1.511321e+01 -9.252031e+00
1.292209e+15 4.258063e-25 5.502305e-10 1.511133e+01 -9.259455e+00
1.286663e+15 4.185438e-25 5.385247e-10 1.510946e+01 -9.268794e+00
1.281164e+15 4.028804e-25 5.161559e-10 1.510760e+01 -9.287219e+00
1.275712e+15 3.935932e-25 5.021116e-10 1.510575e+01 -9.299200e+00
1.270307e+15 4.199184e-25 5.334251e-10 1.510391e+01 -9.272927e+00
1.264947e+15 4.115102e-25 5.205386e-10 1.510207e+01 -9.283547e+00
1.259632e+15 4.040364e-25 5.089372e-10 1.510024e+01 -9.293336e+00
1.254362e+15 3.782267e-25 4.744330e-10 1.509842e+01 -9.323825e+00
1.249135e+15 3.949527e-25 4.933492e-10 1.509661e+01 -9.306846e+00
1.243952e+15 3.792382e-25 4.717540e-10 1.509480e+01 -9.326284e+00
1.238812e+15 4.059972e-25 5.029540e-10 1.509301e+01 -9.298472e+00
1.233714e+15 4.432033e-25 5.467860e-10 1.509121e+01 -9.262183e+00
1.228657e+15 4.325020e-25 5.313967e-10 1.508943e+01 -9.274581e+00
1.223642e+15 4.364040e-25 5.340024e-10 1.508765e+01 -9.272457e+00
1.218668e+15 4.541437e-25 5.534505e-10 1.508589e+01 -9.256921e+00
1.213734e+15 4.296280e-25 5.214543e-10 1.508412e+01 -9.282784e+00
1.208840e+15 4.227964e-25 5.110934e-10 1.508237e+01 -9.291500e+00
1.203986e+15 4.179791e-25 5.032407e-10 1.508062e+01 -9.298224e+00
1.199170e+15 4.423847e-25 5.304943e-10 1.507888e+01 -9.275319e+00
1.194392e+15 4.415273e-25 5.273567e-10 1.507715e+01 -9.277895e+00
1.189652e+15 4.183464e-25 4.976868e-10 1.507542e+01 -9.303044e+00
1.184950e+15 4.136200e-25 4.901191e-10 1.507370e+01 -9.309698e+00
1.180285e+15 4.136644e-25 4.882420e-10 1.507199e+01 -9.311365e+00
1.175656e+15 4.197308e-25 4.934592e-10 1.507028e+01 -9.306749e+00
1.171064e+15 4.409704e-25 5.164046e-10 1.506858e+01 -9.287010e+00
1.166507e+15 4.712753e-25 5.497461e-10 1.506689e+01 -9.259838e+00
1.161986e+15 4.197394e-25 4.877314e-10 1.506520e+01 -9.311819e+00
1.157500e+15 4.373001e-25 5.061747e-10 1.506352e+01 -9.295700e+00
1.153048e+15 4.421797e-25 5.098543e-10 1.506185e+01 -9.292554e+00
1.148630e+15 4.347158e-25 4.993275e-10 1.506018e+01 -9.301615e+00
1.144246e+15 4.626028e-25 5.293313e-10 1.505852e+01 -9.276272e+00
1.139895e+15 4.597753e-25 5.240956e-10 1.505686e+01 -9.280590e+00
1.135577e+15 5.202747e-25 5.908121e-10 1.505522e+01 -9.228551e+00
1.131292e+15 5.634095e-25 6.373807e-10 1.505357e+01 -9.195601e+00
1.127039e+15 5.519263e-25 6.220425e-10 1.505194e+01 -9.206180e+00
1.122818e+15 5.086639e-25 5.711370e-10 1.505031e+01 -9.243260e+00
1.118628e+15 5.257012e-25 5.880643e-10 1.504869e+01 -9.230575e+00
1.114470e+15 5.249111e-25 5.849976e-10 1.504707e+01 -9.232846e+00
1.110342e+15 5.047876e-25 5.604870e-10 1.504546e+01 -9.251434e+00
1.106245e+15 5.230779e-25 5.786523e-10 1.504385e+01 -9.237582e+00
1.102178e+15 5.010032e-25 5.521946e-10 1.504225e+01 -9.257908e+00
1.098141e+15 5.091217e-25 5.590872e-10 1.504066e+01 -9.252520e+00
1.094133e+15 4.997395e-25 5.467814e-10 1.503907e+01 -9.262186e+00
1.090154e+15 4.567899e-25 4.979714e-10 1.503749e+01 -9.302796e+00
1.086204e+15 4.836342e-25 5.253256e-10 1.503591e+01 -9.279571e+00
1.082283e+15 5.106533e-25 5.526714e-10 1.503434e+01 -9.257533e+00
1.078390e+15 5.171379e-25 5.576763e-10 1.503278e+01 -9.253618e+00
1.074525e+15 4.745276e-25 5.098916e-10 1.503122e+01 -9.292522e+00
1.070687e+15 3.830424e-25 4.101186e-10 1.502966e+01 -9.387091e+00
1.066877e+15 4.615786e-25 4.924475e-10 1.502811e+01 -9.307640e+00
1.063094e+15 5.860434e-25 6.230189e-10 1.502657e+01 -9.205499e+00
1.059337e+15 5.661360e-25 5.997289e-10 1.502503e+01 -9.222045e+00
1.055607e+15 5.542649e-25 5.850860e-10 1.502350e+01 -9.232780e+00
1.051903e+15 5.262875e-25 5.536035e-10 1.502198e+01 -9.256801e+00
1.048225e+15 5.497117e-25 5.762216e-10 1.502045e+01 -9.239410e+00
1.044573e+15 5.725615e-25 5.980822e-10 1.501894e+01 -9.223239e+00
1.040946e+15 5.742395e-25 5.977522e-10 1.501743e+01 -9.223479e+00
1.037344e+15 5.910773e-25 6.131505e-10 1.501592e+01 -9.212433e+00
1.033767e+15 6.226068e-25 6.436303e-10 1.501442e+01 -9.191363e+00
1.030214e+15 6.605471e-25 6.805051e-10 1.501293e+01 -9.167169e+00
1.026686e+15 6.529768e-25 6.704023e-10 1.501144e+01 -9.173664e+00
1.023182e+15 6.276543e-25 6.422048e-10 1.500995e+01 -9.192326e+00
1.019702e+15 6.373833e-25 6.499411e-10 1.500847e+01 -9.187126e+00
1.016245e+15 6.409156e-25 6.513276e-10 1.500700e+01 -9.186201e+00
1.012812e+15 6.771131e-25 6.857884e-10 1.500553e+01 -9.163810e+00
1.009402e+15 6.590892e-25 6.652860e-10 1.500406e+01 -9.176992e+00
1.006015e+15 6.680868e-25 6.721052e-10 1.500260e+01 -9.172563e+00
1.002650e+15 6.643506e-25 6.661112e-10 1.500115e+01 -9.176453e+00
9.993080e+14 6.697454e-25 6.692820e-10 1.499970e+01 -9.174391e+00
9.959880e+14 6.804450e-25 6.777150e-10 1.499825e+01 -9.168953e+00
9.926901e+14 6.710554e-25 6.661500e-10 1.499681e+01 -9.176428e+00
9.894139e+14 6.806405e-25 6.734351e-10 1.499538e+01 -9.171704e+00
9.861592e+14 6.872937e-25 6.777810e-10 1.499395e+01 -9.168911e+00
9.829259e+14 6.906308e-25 6.788389e-10 1.499252e+01 -9.168233e+00
9.797137e+14 6.813138e-25 6.674925e-10 1.499110e+01 -9.175554e+00
9.765225e+14 6.948870e-25 6.785728e-10 1.498968e+01 -9.168404e+00
9.733519e+14 7.184291e-25 6.992844e-10 1.498827e+01 -9.155346e+00
9.702019e+14 7.234355e-25 7.018786e-10 1.498686e+01 -9.153738e+00
9.670723e+14 7.074147e-25 6.841211e-10 1.498546e+01 -9.164867e+00
9.639627e+14 7.448868e-25 7.180431e-10 1.498406e+01 -9.143849e+00
9.608731e+14 7.312006e-25 7.025910e-10 1.498267e+01 -9.153297e+00
9.578032e+14 7.544981e-25 7.226607e-10 1.498128e+01 -9.141066e+00
9.547529e+14 7.667927e-25 7.320975e-10 1.497989e+01 -9.135431e+00
9.517219e+14 7.781576e-25 7.405896e-10 1.497851e+01 -9.130422e+00
9.487101e+14 7.603062e-25 7.213102e-10 1.497713e+01 -9.141878e+00
9.457174e+14 7.851437e-25 7.425241e-10 1.497576e+01 -9.129289e+00
9.427434e+14 7.864532e-25 7.414236e-10 1.497439e+01 -9.129934e+00
9.397881e+14 7.789600e-25 7.320574e-10 1.497303e+01 -9.135455e+00
9.368512e+14 8.035342e-25 7.527920e-10 1.497167e+01 -9.123325e+00
9.339327e+14 7.962004e-25 7.435976e-10 1.497032e+01 -9.128662e+00
9.310323e+14 7.733883e-25 7.200495e-10 1.496896e+01 -9.142638e+00
9.281498e+14 7.588751e-25 7.043498e-10 1.496762e+01 -9.152212e+00
9.252852e+14 7.749543e-25 7.170537e-10 1.496628e+01 -9.144448e+00
9.224382e+14 8.092765e-25 7.465075e-10 1.496494e+01 -9.126966e+00
9.196086e+14 8.237972e-25 7.575710e-10 1.496360e+01 -9.120577e+00
9.167963e+14 8.253711e-25 7.566972e-10 1.496227e+01 -9.121078e+00
9.140012e+14 8.069906e-25 7.375904e-10 1.496095e+01 -9.132185e+00
9.112231e+14 8.447031e-25 7.697130e-10 1.495962e+01 -9.113671e+00
9.084618e+14 8.585994e-25 7.800048e-10 1.495831e+01 -9.107903e+00
9.057172e+14 8.391780e-25 7.600580e-10 1.495699e+01 -9.119153e+00
9.029892e+14 8.347543e-25 7.537741e-10 1.495568e+01 -9.122759e+00
9.002775e+14 8.342358e-25 7.510437e-10 1.495438e+01 -9.124335e+00
8.975820e+14 8.297670e-25 7.447840e-10 1.495307e+01 -9.127970e+00
8.949027e+14 8.492547e-25 7.600003e-10 1.495178e+01 -9.119186e+00
8.922393e+14 8.310540e-25 7.414990e-10 1.495048e+01 -9.129889e+00
8.895917e+14 8.221165e-25 7.313481e-10 1.494919e+01 -9.135876e+00
8.869598e+14 8.384483e-25 7.436699e-10 1.494790e+01 -9.128620e+00
8.843434e+14 8.597497e-25 7.603139e-10 1.494662e+01 -9.119007e+00
8.817424e+14 8.607895e-25 7.589945e-10 1.494534e+01 -9.119761e+00
8.791566e+14 8.704660e-25 7.652759e-10 1.494407e+01 -9.116182e+00
8.765860e+14 8.732625e-25 7.654897e-10 1.494279e+01 -9.116061e+00
8.740303e+14 8.815290e-25 7.704831e-10 1.494153e+01 -9.113237e+00
8.714895e+14 8.541431e-25 7.443768e-10 1.494026e+01 -9.128207e+00
8.689635e+14 8.666037e-25 7.530470e-10 1.493900e+01 -9.123178e+00
8.664520e+14 8.850231e-25 7.668301e-10 1.493774e+01 -9.115301e+00
8.639550e+14 8.703683e-25 7.519591e-10 1.493649e+01 -9.123806e+00
8.614724e+14 8.650934e-25 7.452541e-10 1.493524e+01 -9.127696e+00
8.590040e+14 8.626940e-25 7.410576e-10 1.493400e+01 -9.130148e+00
8.565497e+14 8.951869e-25 7.667721e-10 1.493275e+01 -9.115334e+00
8.541094e+14 9.202590e-25 7.860019e-10 1.493151e+01 -9.104576e+00
8.516830e+14 9.076119e-25 7.729976e-10 1.493028e+01 -9.111822e+00
8.492703e+14 9.236633e-25 7.844397e-10 1.492905e+01 -9.105440e+00
8.468712e+14 9.554732e-25 8.091627e-10 1.492782e+01 -9.091964e+00
8.444856e+14 9.561810e-25 8.074811e-10 1.492659e+01 -9.092868e+00
8.421135e+14 9.267327e-25 7.804141e-10 1.492537e+01 -9.107675e+00
8.397546e+14 9.009161e-25 7.565485e-10 1.492415e+01 -9.121163e+00
8.374089e+14 8.684953e-25 7.272857e-10 1.492294e+01 -9.138295e+00
8.350763e+14 9.069849e-25 7.574016e-10 1.492173e+01 -9.120674e+00
8.327567e+14 9.496378e-25 7.908172e-10 1.492052e+01 -9.101924e+00
8.304499e+14 9.275940e-25 7.703203e-10 1.491931e+01 -9.113329e+00
8.281558e+14 9.477007e-25 7.848438e-10 1.491811e+01 -9.105217e+00
8.258744e+14 9.603119e-25 7.930970e-10 1.491691e+01 -9.100674e+00
8.236055e+14 9.586645e-25 7.895613e-10 1.491572e+01 -9.102614e+00
8.213490e+14 9.893917e-25 8.126359e-10 1.491453e+01 -9.090104e+00
8.191049e+14 1.020569e-24 8.359529e-10 1.491334e+01 -9.077818e+00
8.168730e+14 1.010620e-24 8.255480e-10 1.491215e+01 -9.083258e+00
8.146533e+14 9.927861e-25 8.087765e-10 1.491097e+01 -9.092171e+00
8.124455e+14 1.007389e-24 8.184487e-10 1.490979e+01 -9.087009e+00
8.102497e+14 1.021309e-24 8.275152e-10 1.490862e+01 -9.082224e+00
8.080658e+14 1.031487e-24 8.335092e-10 1.490745e+01 -9.079090e+00
8.058935e+14 1.054788e-24 8.500468e-10 1.490628e+01 -9.070557e+00
8.037330e+14 1.026755e-24 8.252365e-10 1.490511e+01 -9.083422e+00
8.015840e+14 1.058176e-24 8.482168e-10 1.490395e+01 -9.071493e+00
7.994464e+14 1.134612e-24 9.070615e-10 1.490279e+01 -9.042363e+00
7.973202e+14 1.189256e-24 9.482179e-10 1.490163e+01 -9.023092e+00
7.952053e+14 1.249070e-24 9.932670e-10 1.490048e+01 -9.002934e+00
7.931016e+14 1.392028e-24 1.104020e-09 1.489933e+01 -8.957023e+00
7.910090e+14 1.363761e-24 1.078747e-09 1.489818e+01 -8.967080e+00
7.889274e+14 1.298130e-24 1.024130e-09 1.489704e+01 -8.989645e+00
7.868567e+14 1.485573e-24 1.168933e-09 1.489590e+01 -8.932210e+00
7.847969e+14 1.495422e-24 1.173602e-09 1.489476e+01 -8.930479e+00
7.827478e+14 1.234633e-24 9.664059e-10 1.489362e+01 -9.014840e+00
7.807094e+14 1.249849e-24 9.757687e-10 1.489249e+01 -9.010653e+00
7.786816e+14 1.588589e-24 1.237005e-09 1.489136e+01 -8.907628e+00
7.766642e+14 1.747859e-24 1.357500e-09 1.489023e+01 -8.867260e+00
7.746574e+14 1.715926e-24 1.329255e-09 1.488911e+01 -8.876392e+00
7.726608e+14 1.473494e-24 1.138511e-09 1.488799e+01 -8.943663e+00
7.706746e+14 1.333377e-24 1.027600e-09 1.488687e+01 -8.988176e+00
7.686985e+14 1.556764e-24 1.196682e-09 1.488576e+01 -8.922021e+00
7.667325e+14 1.845082e-24 1.414684e-09 1.488464e+01 -8.849341e+00
7.647765e+14 1.874223e-24 1.433361e-09 1.488353e+01 -8.843644e+00
7.628305e+14 1.650437e-24 1.259003e-09 1.488243e+01 -8.899973e+00
7.608944e+14 1.677111e-24 1.276105e-09 1.488132e+01 -8.894114e+00
7.589681e+14 1.883026e-24 1.429157e-09 1.488022e+01 -8.844920e+00
7.570515e+14 1.592245e-24 1.205412e-09 1.487913e+01 -8.918865e+00
7.551446e+14 1.341047e-24 1.012685e-09 1.487803e+01 -8.994526e+00
7.532472e+14 1.748612e-24 1.317137e-09 1.487694e+01 -8.880369e+00
7.513594e+14 2.193981e-24 1.648468e-09 1.487585e+01 -8.782919e+00
7.494810e+14 2.352240e-24 1.762959e-09 1.487476e+01 -8.753758e+00
7.476120e+14 2.431452e-24 1.817783e-09 1.487368e+01 -8.740458e+00
7.457522e+14 2.466186e-24 1.839163e-09 1.487259e+01 -8.735380e+00
7.439017e+14 2.448199e-24 1.821219e-09 1.487152e+01 -8.739638e+00
7.420604e+14 2.420435e-24 1.796109e-09 1.487044e+01 -8.745667e+00
7.402281e+14 2.424789e-24 1.794897e-09 1.486937e+01 -8.745960e+00
7.384049e+14 2.377251e-24 1.755374e-09 1.486829e+01 -8.755630e+00
7.365907e+14 2.311788e-24 1.702841e-09 1.486723e+01 -8.768826e+00
7.347853e+14 2.233959e-24 1.641480e-09 1.486616e+01 -8.784764e+00
7.329888e+14 2.044205e-24 1.498379e-09 1.486510e+01 -8.824378e+00
7.312010e+14 1.781820e-24 1.302868e-09 1.486404e+01 -8.885100e+00
7.294219e+14 1.933386e-24 1.410254e-09 1.486298e+01 -8.850703e+00
7.276515e+14 2.256225e-24 1.641745e-09 1.486192e+01 -8.784694e+00
7.258896e+14 2.372503e-24 1.722175e-09 1.486087e+01 -8.763923e+00
7.241362e+14 2.411959e-24 1.746587e-09 1.485982e+01 -8.757810e+00
7.223913e+14 2.441682e-24 1.763850e-09 1.485877e+01 -8.753538e+00
7.206548e+14 2.461527e-24 1.773912e-09 1.485773e+01 -8.751068e+00
7.189266e+14 2.422733e-24 1.741768e-09 1.485668e+01 -8.759010e+00
7.172067e+14 2.405871e-24 1.725507e-09 1.485564e+01 -8.763083e+00
7.154950e+14 2.466481e-24 1.764754e-09 1.485461e+01 -8.753316e+00
7.137914e+14 2.474158e-24 1.766033e-09 1.485357e+01 -8.753001e+00
7.120960e+14 2.531378e-24 1.802584e-09 1.485254e+01 -8.744104e+00
7.104085e+14 2.510225e-24 1.783285e-09 1.485151e+01 -8.748779e+00
7.087291e+14 2.513798e-24 1.781602e-09 1.485048e+01 -8.749189e+00
7.070575e+14 2.575960e-24 1.821352e-09 1.484945e+01 -8.739606e+00
7.053939e+14 2.594438e-24 1.830101e-09 1.484843e+01 -8.737525e+00
7.037380e+14 2.619346e-24 1.843333e-09 1.484741e+01 -8.734396e+00
7.020899e+14 2.597673e-24 1.823800e-09 1.484639e+01 -8.739023e+00
7.004495e+14 2.547969e-24 1.784724e-09 1.484538e+01 -8.748429e+00
6.988168e+14 2.471987e-24 1.727466e-09 1.484436e+01 -8.762590e+00
6.971916e+14 2.349979e-24 1.638386e-09 1.484335e+01 -8.785584e+00
6.955740e+14 2.408530e-24 1.675311e-09 1.484234e+01 -8.775905e+00
6.939639e+14 2.441460e-24 1.694285e-09 1.484134e+01 -8.771014e+00
6.923612e+14 2.173863e-24 1.505098e-09 1.484033e+01 -8.822435e+00
6.907659e+14 2.027467e-24 1.400505e-09 1.483933e+01 -8.853715e+00
6.891779e+14 2.274891e-24 1.567805e-09 1.483833e+01 -8.804708e+00
6.875972e+14 2.621966e-24 1.802856e-09 1.483733e+01 -8.744039e+00
6.860238e+14 2.705196e-24 1.855829e-09 1.483634e+01 -8.731462e+00
6.844575e+14 2.605848e-24 1.783592e-09 1.483535e+01 -8.748704e+00
6.828984e+14 2.597555e-24 1.773866e-09 1.483436e+01 -8.751079e+00
6.813464e+14 2.643232e-24 1.800957e-09 1.483337e+01 -8.744497e+00
6.798014e+14 2.684713e-24 1.825072e-09 1.483238e+01 -8.738720e+00
6.782633e+14 2.733316e-24 1.853908e-09 1.483140e+01 -8.731912e+00
6.767323e+14 2.731981e-24 1.848820e-09 1.483042e+01 -8.733105e+00
6.752081e+14 2.728253e-24 1.842139e-09 1.482944e+01 -8.734678e+00
6.736908e+14 2.726716e-24 1.836963e-09 1.482846e+01 -8.735900e+00
6.721803e+14 2.681053e-24 1.802151e-09 1.482749e+01 -8.744209e+00
6.706765e+14 2.774557e-24 1.860830e-09 1.482651e+01 -8.730293e+00
6.691795e+14 2.822056e-24 1.888462e-09 1.482554e+01 -8.723892e+00
6.676891e+14 2.839366e-24 1.895813e-09 1.482457e+01 -8.722204e+00
6.662053e+14 2.913361e-24 1.940897e-09 1.482361e+01 -8.711998e+00
6.647282e+14 2.940541e-24 1.954660e-09 1.482264e+01 -8.708929e+00
6.632575e+14 2.829835e-24 1.876909e-09 1.482168e+01 -8.726557e+00
6.617934e+14 2.784997e-24 1.843092e-09 1.482072e+01 -8.734453e+00
6.603357e+14 2.838125e-24 1.874115e-09 1.481976e+01 -8.727204e+00
6.588844e+14 2.848230e-24 1.876654e-09 1.481881e+01 -8.726616e+00
6.574395e+14 2.899520e-24 1.906259e-09 1.481786e+01 -8.719818e+00
6.560009e+14 2.929282e-24 1.921612e-09 1.481690e+01 -8.716334e+00
6.545686e+14 2.915236e-24 1.908222e-09 1.481596e+01 -8.719371e+00
6.531425e+14 2.886257e-24 1.885137e-09 1.481501e+01 -8.724657e+00
6.517226e+14 2.943217e-24 1.918161e-09 1.481406e+01 -8.717115e+00
6.503089e+14 3.010494e-24 1.957751e-09 1.481312e+01 -8.708243e+00
6.489013e+14 3.040974e-24 1.973292e-09 1.481218e+01 -8.704809e+00
6.474998e+14 3.026683e-24 1.959777e-09 1.481124e+01 -8.707793e+00
6.461043e+14 2.967038e-24 1.917016e-09 1.481030e+01 -8.717374e+00
6.447148e+14 2.974803e-24 1.917899e-09 1.480937e+01 -8.717174e+00
6.433313e+14 2.962314e-24 1.905749e-09 1.480843e+01 -8.719934e+00
6.419537e+14 2.942013e-24 1.888637e-09 1.480750e+01 -8.723852e+00
6.405821e+14 3.020965e-24 1.935176e-09 1.480657e+01 -8.713279e+00
6.392162e+14 3.026202e-24 1.934397e-09 1.480565e+01 -8.713454e+00
6.378562e+14 2.979934e-24 1.900769e-09 1.480472e+01 -8.721071e+00
6.365019e+14 3.005549e-24 1.913038e-09 1.480380e+01 -8.718276e+00
6.351534e+14 3.065041e-24 1.946771e-09 1.480288e+01 -8.710685e+00
6.338106e+14 3.067617e-24 1.944288e-09 1.480196e+01 -8.711239e+00
6.324734e+14 3.114627e-24 1.969919e-09 1.480104e+01 -8.705552e+00
6.311419e+14 3.125154e-24 1.972416e-09 1.480013e+01 -8.705002e+00
6.298160e+14 3.064421e-24 1.930021e-09 1.479921e+01 -8.714438e+00
6.284956e+14 3.095864e-24 1.945737e-09 1.479830e+01 -8.710916e+00
6.271808e+14 3.148784e-24 1.974857e-09 1.479739e+01 -8.704464e+00
6.258714e+14 3.159300e-24 1.977315e-09 1.479649e+01 -8.703924e+00
6.245675e+14 3.153717e-24 1.969709e-09 1.479558e+01 -8.705598e+00
6.232690e+14 3.148004e-24 1.962054e-09 1.479468e+01 -8.707289e+00
6.219759e+14 3.131337e-24 1.947616e-09 1.479377e+01 -8.710497e+00
6.206882e+14 3.057378e-24 1.897678e-09 1.479287e+01 -8.721777e+00
6.194058e+14 2.911773e-24 1.803569e-09 1.479198e+01 -8.743867e+00
6.181287e+14 2.613350e-24 1.615387e-09 1.479108e+01 -8.791724e+00
6.168568e+14 2.330549e-24 1.437615e-09 1.479018e+01 -8.842357e+00
6.155901e+14 2.531064e-24 1.558098e-09 1.478929e+01 -8.807405e+00
6.143287e+14 2.840808e-24 1.745190e-09 1.478840e+01 -8.758157e+00
6.130724e+14 2.991743e-24 1.834155e-09 1.478751e+01 -8.736564e+00
6.118212e+14 3.101888e-24 1.897801e-09 1.478662e+01 -8.721749e+00
6.105752e+14 3.066818e-24 1.872523e-09 1.478574e+01 -8.727573e+00
6.093341e+14 3.020105e-24 1.840253e-09 1.478486e+01 -8.735122e+00
6.080982e+14 3.063539e-24 1.862933e-09 1.478397e+01 -8.729803e+00
6.068672e+14 3.138523e-24 1.904667e-09 1.478309e+01 -8.720181e+00
6.056412e+14 3.176932e-24 1.924081e-09 1.478222e+01 -8.715777e+00
6.044202e+14 3.126730e-24 1.889859e-09 1.478134e+01 -8.723571e+00
6.032040e+14 3.159493e-24 1.905819e-09 1.478046e+01 -8.719918e+00
6.019928e+14 3.108661e-24 1.871391e-09 1.477959e+01 -8.727835e+00
6.007864e+14 3.077647e-24 1.849008e-09 1.477872e+01 -8.733061e+00
5.995848e+14 3.055047e-24 1.831759e-09 1.477785e+01 -8.737132e+00
5.983880e+14 2.976635e-24 1.781183e-09 1.477698e+01 -8.749292e+00
5.971960e+14 3.017886e-24 1.802270e-09 1.477612e+01 -8.744180e+00
5.960087e+14 3.094765e-24 1.844507e-09 1.477525e+01 -8.734120e+00
5.948262e+14 3.080450e-24 1.832332e-09 1.477439e+01 -8.736996e+00
5.936483e+14 3.089715e-24 1.834204e-09 1.477353e+01 -8.736552e+00
5.924751e+14 3.152669e-24 1.867878e-09 1.477267e+01 -8.728652e+00
5.913065e+14 3.087286e-24 1.825533e-09 1.477181e+01 -8.738610e+00
5.901425e+14 3.051377e-24 1.800747e-09 1.477096e+01 -8.744547e+00
5.889831e+14 3.072456e-24 1.809625e-09 1.477010e+01 -8.742411e+00
5.878282e+14 3.057270e-24 1.797150e-09 1.476925e+01 -8.745416e+00
5.866779e+14 3.102732e-24 1.820304e-09 1.476840e+01 -8.739856e+00
5.855320e+14 3.093511e-24 1.811350e-09 1.476755e+01 -8.741998e+00
5.843906e+14 3.044599e-24 1.779235e-09 1.476670e+01 -8.749767e+00
5.832537e+14 3.054018e-24 1.781267e-09 1.476586e+01 -8.749271e+00
5.821212e+14 3.044903e-24 1.772502e-09 1.476501e+01 -8.751413e+00
5.809930e+14 2.992844e-24 1.738821e-09 1.476417e+01 -8.759745e+00
5.798692e+14 2.929414e-24 1.698677e-09 1.476333e+01 -8.769889e+00
5.787498e+14 2.948884e-24 1.706666e-09 1.476249e+01 -8.767851e+00
5.776347e+14 2.987894e-24 1.725911e-09 1.476165e+01 -8.762982e+00
5.765238e+14 3.028714e-24 1.746126e-09 1.476082e+01 -8.757924e+00
5.754173e+14 3.065039e-24 1.763676e-09 1.475998e+01 -8.753581e+00
5.743149e+14 3.092053e-24 1.775812e-09 1.475915e+01 -8.750603e+00
5.732168e+14 3.077464e-24 1.764054e-09 1.475832e+01 -8.753488e+00
5.721229e+14 3.164091e-24 1.810249e-09 1.475749e+01 -8.742262e+00
5.710331e+14 3.146319e-24 1.796652e-09 1.475666e+01 -8.745536e+00
5.699475e+14 3.062268e-24 1.745332e-09 1.475583e+01 -8.758122e+00
5.688660e+14 2.980420e-24 1.695460e-09 1.475501e+01 -8.770712e+00
5.677886e+14 3.153150e-24 1.790323e-09 1.475419e+01 -8.747069e+00
5.667153e+14 3.230631e-24 1.830848e-09 1.475336e+01 -8.737348e+00
5.656460e+14 3.261836e-24 1.845045e-09 1.475254e+01 -8.733993e+00
5.645808e+14 3.287952e-24 1.856315e-09 1.475173e+01 -8.731348e+00
5.635195e+14 3.188248e-24 1.796640e-09 1.475091e+01 -8.745539e+00
5.624623e+14 3.148948e-24 1.771165e-09 1.475009e+01 -8.751741e+00
5.614090e+14 3.213593e-24 1.804140e-09 1.474928e+01 -8.743730e+00
5.603596e+14 3.280324e-24 1.838161e-09 1.474847e+01 -8.735616e+00
5.593142e+14 3.327405e-24 1.861065e-09 1.474766e+01 -8.730238e+00
5.582726e+14 3.239053e-24 1.808275e-09 1.474685e+01 -8.742736e+00
5.572349e+14 3.289567e-24 1.833061e-09 1.474604e+01 -8.736823e+00
5.562011e+14 3.256118e-24 1.811056e-09 1.474523e+01 -8.742068e+00
5.551711e+14 3.170379e-24 1.760103e-09 1.474443e+01 -8.754462e+00
5.541449e+14 3.189974e-24 1.767708e-09 1.474362e+01 -8.752590e+00
5.531225e+14 3.277407e-24 1.812808e-09 1.474282e+01 -8.741648e+00
5.521039e+14 3.286764e-24 1.814635e-09 1.474202e+01 -8.741211e+00
5.510890e+14 3.329219e-24 1.834696e-09 1.474122e+01 -8.736436e+00
5.500778e+14 3.345276e-24 1.840162e-09 1.474042e+01 -8.735144e+00
5.490703e+14 3.324224e-24 1.825233e-09 1.473963e+01 -8.738682e+00
5.480665e+14 3.301556e-24 1.809472e-09 1.473883e+01 -8.742448e+00
5.470664e+14 3.270959e-24 1.789432e-09 1.473804e+01 -8.747285e+00
5.460699e+14 3.330659e-24 1.818773e-09 1.473725e+01 -8.740222e+00
5.450771e+14 3.350556e-24 1.826311e-09 1.473646e+01 -8.738425e+00
5.440878e+14 3.316066e-24 1.804231e-09 1.473567e+01 -8.743708e+00
5.431022e+14 3.384197e-24 1.837965e-09 1.473488e+01 -8.735663e+00
5.421201e+14 3.390770e-24 1.838204e-09 1.473410e+01 -8.735606e+00
5.411415e+14 3.413770e-24 1.847333e-09 1.473331e+01 -8.733455e+00
5.401665e+14 3.432205e-24 1.853962e-09 1.473253e+01 -8.731899e+00
5.391950e+14 3.431260e-24 1.850118e-09 1.473175e+01 -8.732801e+00
5.382269e+14 3.394822e-24 1.827185e-09 1.473097e+01 -8.738218e+00
5.372624e+14 3.409925e-24 1.832024e-09 1.473019e+01 -8.737069e+00
5.363013e+14 3.355542e-24 1.799581e-09 1.472941e+01 -8.744829e+00
5.353436e+14 3.337967e-24 1.786959e-09 1.472863e+01 -8.747885e+00
5.343893e+14 3.426524e-24 1.831098e-09 1.472786e+01 -8.737288e+00
5.334384e+14 3.431024e-24 1.830240e-09 1.472708e+01 -8.737492e+00
5.324909e+14 3.408905e-24 1.815211e-09 1.472631e+01 -8.741073e+00
5.315468e+14 3.424731e-24 1.820405e-09 1.472554e+01 -8.739832e+00
5.306060e+14 3.447671e-24 1.829355e-09 1.472477e+01 -8.737702e+00
5.296686e+14 3.422567e-24 1.812826e-09 1.472400e+01 -8.741644e+00
5.287344e+14 3.415571e-24 1.805930e-09 1.472324e+01 -8.743299e+00
5.278035e+14 3.463710e-24 1.828158e-09 1.472247e+01 -8.737986e+00
5.268759e+14 3.489117e-24 1.838332e-09 1.472171e+01 -8.735576e+00
5.259516e+14 3.458623e-24 1.819068e-09 1.472095e+01 -8.740151e+00
5.250305e+14 3.439244e-24 1.805708e-09 1.472018e+01 -8.743352e+00
5.241126e+14 3.475313e-24 1.821456e-09 1.471942e+01 -8.739581e+00
5.231979e+14 3.575447e-24 1.870666e-09 1.471867e+01 -8.728004e+00
5.222864e+14 3.519234e-24 1.838048e-09 1.471791e+01 -8.735643e+00
5.213781e+14 3.513019e-24 1.831611e-09 1.471715e+01 -8.737167e+00
5.204729e+14 3.492783e-24 1.817899e-09 1.471640e+01 -8.740430e+00
5.195709e+14 3.490959e-24 1.813801e-09 1.471564e+01 -8.741410e+00
5.186720e+14 3.485945e-24 1.808062e-09 1.471489e+01 -8.742787e+00
5.177762e+14 3.514420e-24 1.819683e-09 1.471414e+01 -8.740004e+00
5.168834e+14 3.548908e-24 1.834372e-09 1.471339e+01 -8.736513e+00
5.159938e+14 3.558797e-24 1.836317e-09 1.471264e+01 -8.736052e+00
5.151072e+14 3.593944e-24 1.851267e-09 1.471190e+01 -8.732531e+00
5.142237e+14 3.592447e-24 1.847321e-09 1.471115e+01 -8.733458e+00
5.133432e+14 3.572202e-24 1.833766e-09 1.471041e+01 -8.736656e+00
5.124656e+14 3.572087e-24 1.830572e-09 1.470966e+01 -8.737413e+00
5.115911e+14 3.527505e-24 1.804640e-09 1.470892e+01 -8.743609e+00
5.107196e+14 3.494598e-24 1.784760e-09 1.470818e+01 -8.748420e+00
5.098510e+14 3.448919e-24 1.758435e-09 1.470744e+01 -8.754874e+00
5.089854e+14 3.455002e-24 1.758545e-09 1.470671e+01 -8.754846e+00
5.081227e+14 3.445251e-24 1.750610e-09 1.470597e+01 -8.756811e+00
5.072629e+14 3.484201e-24 1.767406e-09 1.470523e+01 -8.752664e+00
5.064061e+14 3.541320e-24 1.793346e-09 1.470450e+01 -8.746336e+00
5.055521e+14 3.536908e-24 1.788091e-09 1.470377e+01 -8.747610e+00
5.047010e+14 3.556657e-24 1.795048e-09 1.470303e+01 -8.745924e+00
5.038528e+14 3.558744e-24 1.793083e-09 1.470230e+01 -8.746400e+00
5.030074e+14 3.580647e-24 1.801092e-09 1.470157e+01 -8.744464e+00
5.021648e+14 3.576065e-24 1.795774e-09 1.470085e+01 -8.745748e+00
5.013251e+14 3.585556e-24 1.797529e-09 1.470012e+01 -8.745324e+00
5.004881e+14 3.583347e-24 1.793422e-09 1.469939e+01 -8.746317e+00
4.996540e+14 3.573933e-24 1.785730e-09 1.469867e+01 -8.748184e+00
4.988226e+14 3.572391e-24 1.781989e-09 1.469795e+01 -8.749095e+00
4.979940e+14 3.596110e-24 1.790841e-09 1.469722e+01 -8.746943e+00
4.971682e+14 3.611456e-24 1.795501e-09 1.469650e+01 -8.745814e+00
4.963450e+14 3.635344e-24 1.804385e-09 1.469578e+01 -8.743671e+00
4.955246e+14 3.651229e-24 1.809274e-09 1.469507e+01 -8.742496e+00
4.947069e+14 3.653041e-24 1.807185e-09 1.469435e+01 -8.742997e+00
4.938919e+14 3.673263e-24 1.814195e-09 1.469363e+01 -8.741316e+00
4.930796e+14 3.684084e-24 1.816547e-09 1.469292e+01 -8.740753e+00
4.922700e+14 3.688004e-24 1.815493e-09 1.469220e+01 -8.741005e+00
4.914630e+14 3.694923e-24 1.815918e-09 1.469149e+01 -8.740904e+00
4.906586e+14 3.694871e-24 1.812920e-09 1.469078e+01 -8.741621e+00
4.898569e+14 3.673379e-24 1.799430e-09 1.469007e+01 -8.744865e+00
4.890577e+14 3.647309e-24 1.783745e-09 1.468936e+01 -8.748667e+00
4.882612e+14 3.617058e-24 1.766069e-09 1.468865e+01 -8.752992e+00
4.874673e+14 3.605497e-24 1.757562e-09 1.468795e+01 -8.755089e+00
4.866760e+14 3.573911e-24 1.739337e-09 1.468724e+01 -8.759616e+00
4.858872e+14 3.580646e-24 1.739790e-09 1.468654e+01 -8.759503e+00
4.851010e+14 3.597156e-24 1.744984e-09 1.468583e+01 -8.758209e+00
4.843173e+14 3.611485e-24 1.749105e-09 1.468513e+01 -8.757184e+00
4.835361e+14 3.638389e-24 1.759292e-09 1.468443e+01 -8.754662e+00
4.827575e+14 3.630368e-24 1.752587e-09 1.468373e+01 -8.756320e+00
4.819814e+14 3.607817e-24 1.738900e-09 1.468303e+01 -8.759725e+00
4.812077e+14 3.591394e-24 1.728206e-09 1.468233e+01 -8.762404e+00
4.804365e+14 3.578891e-24 1.719430e-09 1.468164e+01 -8.764615e+00
4.796678e+14 3.582180e-24 1.718257e-09 1.468094e+01 -8.764912e+00
4.789016e+14 3.573566e-24 1.711387e-09 1.468025e+01 -8.766652e+00
4.781378e+14 3.606517e-24 1.724412e-09 1.467955e+01 -8.763359e+00
4.773764e+14 3.627678e-24 1.731768e-09 1.467886e+01 -8.761510e+00
4.766175e+14 3.642928e-24 1.736283e-09 1.467817e+01 -8.760379e+00
4.758610e+14 3.663305e-24 1.743224e-09 1.467748e+01 -8.758647e+00
4.751068e+14 3.678191e-24 1.747533e-09 1.467679e+01 -8.757574e+00
4.743551e+14 3.683344e-24 1.747213e-09 1.467610e+01 -8.757654e+00
4.736057e+14 3.691742e-24 1.748430e-09 1.467542e+01 -8.757352e+00
4.728587e+14 3.697796e-24 1.748535e-09 1.467473e+01 -8.757326e+00
4.721140e+14 3.714168e-24 1.753511e-09 1.467405e+01 -8.756092e+00
4.713717e+14 3.732001e-24 1.759160e-09 1.467336e+01 -8.754695e+00
4.706317e+14 3.747528e-24 1.763705e-09 1.467268e+01 -8.753574e+00
4.698940e+14 3.773528e-24 1.773159e-09 1.467200e+01 -8.751252e+00
4.691587e+14 3.754924e-24 1.761655e-09 1.467132e+01 -8.754079e+00
4.684256e+14 3.761914e-24 1.762177e-09 1.467064e+01 -8.753950e+00
4.676949e+14 3.765542e-24 1.761125e-09 1.466996e+01 -8.754210e+00
4.669664e+14 3.757134e-24 1.754455e-09 1.466929e+01 -8.755858e+00
4.662401e+14 3.765477e-24 1.755616e-09 1.466861e+01 -8.755570e+00
4.655161e+14 3.777198e-24 1.758347e-09 1.466793e+01 -8.754896e+00
4.647944e+14 3.776821e-24 1.755445e-09 1.466726e+01 -8.755613e+00
4.640749e+14 3.775902e-24 1.752301e-09 1.466659e+01 -8.756391e+00
4.633577e+14 3.774434e-24 1.748913e-09 1.466592e+01 -8.757232e+00
4.626426e+14 3.769479e-24 1.743922e-09 1.466525e+01 -8.758473e+00
4.619297e+14 3.756589e-24 1.735280e-09 1.466458e+01 -8.760630e+00
4.612191e+14 3.767682e-24 1.737727e-09 1.466391e+01 -8.760018e+00
4.605106e+14 3.803969e-24 1.751768e-09 1.466324e+01 -8.756523e+00
4.598043e+14 3.797837e-24 1.746262e-09 1.466257e+01 -8.757891e+00
4.591002e+14 3.755847e-24 1.724310e-09 1.466191e+01 -8.763385e+00
4.583982e+14 3.665216e-24 1.680128e-09 1.466124e+01 -8.774658e+00
4.576983e+14 3.572477e-24 1.635117e-09 1.466058e+01 -8.786451e+00
4.570006e+14 3.466086e-24 1.584004e-09 1.465992e+01 -8.800244e+00
4.563050e+14 3.542032e-24 1.616247e-09 1.465926e+01 -8.791492e+00
4.556116e+14 3.636549e-24 1.656854e-09 1.465859e+01 -8.780716e+00
4.549202e+14 3.720967e-24 1.692743e-09 1.465794e+01 -8.771409e+00
4.542309e+14 3.836295e-24 1.742564e-09 1.465728e+01 -8.758811e+00
4.535437e+14 3.858109e-24 1.749821e-09 1.465662e+01 -8.757006e+00
4.528586e+14 3.864686e-24 1.750156e-09 1.465596e+01 -8.756923e+00
4.521756e+14 3.852303e-24 1.741917e-09 1.465531e+01 -8.758972e+00
4.514946e+14 3.879341e-24 1.751502e-09 1.465465e+01 -8.756589e+00
4.508156e+14 3.853428e-24 1.737186e-09 1.465400e+01 -8.760154e+00
4.501387e+14 3.844874e-24 1.730727e-09 1.465335e+01 -8.761772e+00
4.494639e+14 3.856429e-24 1.733325e-09 1.465269e+01 -8.761120e+00
4.487910e+14 3.866441e-24 1.735224e-09 1.465204e+01 -8.760644e+00
4.481202e+14 3.878548e-24 1.738055e-09 1.465139e+01 -8.759936e+00
4.474513e+14 3.869234e-24 1.731294e-09 1.465075e+01 -8.761629e+00
4.467845e+14 3.868729e-24 1.728488e-09 1.465010e+01 -8.762334e+00
4.461196e+14 3.860278e-24 1.722146e-09 1.464945e+01 -8.763930e+00
4.454568e+14 3.875469e-24 1.726354e-09 1.464881e+01 -8.762870e+00
4.447958e+14 3.880115e-24 1.725859e-09 1.464816e+01 -8.762995e+00
4.441369e+14 3.879960e-24 1.723233e-09 1.464752e+01 -8.763656e+00
4.434799e+14 3.881883e-24 1.721537e-09 1.464687e+01 -8.764084e+00
4.428248e+14 3.909394e-24 1.731177e-09 1.464623e+01 -8.761659e+00
4.421717e+14 3.911312e-24 1.729472e-09 1.464559e+01 -8.762087e+00
4.415205e+14 3.907820e-24 1.725383e-09 1.464495e+01 -8.763115e+00
4.408712e+14 3.929035e-24 1.732198e-09 1.464431e+01 -8.761402e+00
4.402238e+14 3.948163e-24 1.738075e-09 1.464367e+01 -8.759931e+00
4.395783e+14 3.975480e-24 1.747535e-09 1.464304e+01 -8.757574e+00
4.389347e+14 4.003994e-24 1.757492e-09 1.464240e+01 -8.755107e+00
4.382930e+14 4.053333e-24 1.776548e-09 1.464176e+01 -8.750423e+00
4.376531e+14 3.981561e-24 1.742543e-09 1.464113e+01 -8.758817e+00
4.370152e+14 3.886293e-24 1.698369e-09 1.464050e+01 -8.769968e+00
4.363790e+14 3.871790e-24 1.689568e-09 1.463986e+01 -8.772224e+00
4.357448e+14 3.855499e-24 1.680014e-09 1.463923e+01 -8.774687e+00
4.351123e+14 3.890495e-24 1.692802e-09 1.463860e+01 -8.771394e+00
4.344817e+14 3.960032e-24 1.720562e-09 1.463797e+01 -8.764330e+00
4.338530e+14 3.951495e-24 1.714368e-09 1.463734e+01 -8.765896e+00
4.332260e+14 3.956246e-24 1.713949e-09 1.463671e+01 -8.766002e+00
4.326009e+14 3.957618e-24 1.712069e-09 1.463609e+01 -8.766479e+00
4.319775e+14 3.956704e-24 1.709207e-09 1.463546e+01 -8.767205e+00
4.313560e+14 3.950109e-24 1.703903e-09 1.463484e+01 -8.768555e+00
4.307362e+14 3.961484e-24 1.706355e-09 1.463421e+01 -8.767931e+00
4.301182e+14 3.937222e-24 1.693471e-09 1.463359e+01 -8.771222e+00
4.295020e+14 3.889501e-24 1.670549e-09 1.463297e+01 -8.777141e+00
4.288876e+14 3.879025e-24 1.663665e-09 1.463234e+01 -8.778934e+00
4.282749e+14 3.897552e-24 1.669224e-09 1.463172e+01 -8.777485e+00
4.276639e+14 3.914420e-24 1.674056e-09 1.463110e+01 -8.776230e+00
4.270547e+14 3.925597e-24 1.676444e-09 1.463048e+01 -8.775611e+00
4.264472e+14 3.982846e-24 1.698474e-09 1.462987e+01 -8.769941e+00
4.258415e+14 4.006887e-24 1.706299e-09 1.462925e+01 -8.767945e+00
4.252374e+14 4.021753e-24 1.710200e-09 1.462863e+01 -8.766953e+00
4.246351e+14 3.960589e-24 1.681805e-09 1.462802e+01 -8.774224e+00
4.240345e+14 3.953766e-24 1.676533e-09 1.462740e+01 -8.775588e+00
4.234356e+14 3.978389e-24 1.684592e-09 1.462679e+01 -8.773505e+00
4.228384e+14 3.932833e-24 1.662953e-09 1.462617e+01 -8.779120e+00
4.222428e+14 3.920445e-24 1.655380e-09 1.462556e+01 -8.781102e+00
4.216489e+14 3.935619e-24 1.659449e-09 1.462495e+01 -8.780036e+00
4.210567e+14 3.927209e-24 1.653578e-09 1.462434e+01 -8.781575e+00
4.204662e+14 3.874288e-24 1.629007e-09 1.462373e+01 -8.788077e+00
4.198773e+14 3.828745e-24 1.607603e-09 1.462312e+01 -8.793821e+00
4.192901e+14 3.880570e-24 1.627084e-09 1.462251e+01 -8.788590e+00
4.187045e+14 3.945181e-24 1.651865e-09 1.462191e+01 -8.782025e+00
4.181205e+14 3.920276e-24 1.639148e-09 1.462130e+01 -8.785382e+00
4.175382e+14 3.918007e-24 1.635917e-09 1.462070e+01 -8.786239e+00
4.169574e+14 3.871114e-24 1.614090e-09 1.462009e+01 -8.792072e+00
4.163783e+14 3.855318e-24 1.605271e-09 1.461949e+01 -8.794452e+00
4.158008e+14 3.856951e-24 1.603723e-09 1.461889e+01 -8.794871e+00
4.152249e+14 3.893770e-24 1.616790e-09 1.461828e+01 -8.791346e+00
4.146506e+14 3.883859e-24 1.610445e-09 1.461768e+01 -8.793054e+00
4.140779e+14 3.879344e-24 1.606351e-09 1.461708e+01 -8.794160e+00
4.135068e+14 3.840470e-24 1.588060e-09 1.461648e+01 -8.799133e+00
4.129372e+14 3.855984e-24 1.592279e-09 1.461588e+01 -8.797981e+00
4.123692e+14 3.878928e-24 1.599550e-09 1.461529e+01 -8.796002e+00
4.118027e+14 3.864910e-24 1.591581e-09 1.461469e+01 -8.798171e+00
4.112379e+14 3.893489e-24 1.601150e-09 1.461409e+01 -8.795568e+00
4.106745e+14 3.909766e-24 1.605641e-09 1.461350e+01 -8.794352e+00
4.101127e+14 3.943517e-24 1.617286e-09 1.461290e+01 -8.791213e+00
4.095525e+14 3.939333e-24 1.613363e-09 1.461231e+01 -8.792268e+00
4.089937e+14 3.957614e-24 1.618639e-09 1.461172e+01 -8.790850e+00
4.084365e+14 3.945826e-24 1.611619e-09 1.461112e+01 -8.792738e+00
4.078808e+14 3.930782e-24 1.603291e-09 1.461053e+01 -8.794988e+00
4.073266e+14 3.941486e-24 1.605472e-09 1.460994e+01 -8.794397e+00
4.067739e+14 3.957898e-24 1.609970e-09 1.460935e+01 -8.793182e+00
4.062228e+14 3.995294e-24 1.622979e-09 1.460876e+01 -8.789687e+00
4.056731e+14 3.987679e-24 1.617694e-09 1.460818e+01 -8.791104e+00
4.051249e+14 3.999754e-24 1.620400e-09 1.460759e+01 -8.790378e+00
4.045781e+14 4.009932e-24 1.622331e-09 1.460700e+01 -8.789861e+00
4.040329e+14 4.058603e-24 1.639809e-09 1.460642e+01 -8.785207e+00
4.034891e+14 4.041897e-24 1.630861e-09 1.460583e+01 -8.787583e+00
4.029468e+14 4.034729e-24 1.625781e-09 1.460525e+01 -8.788938e+00
4.024059e+14 4.056574e-24 1.632389e-09 1.460466e+01 -8.787176e+00
4.018665e+14 4.032463e-24 1.620512e-09 1.460408e+01 -8.790348e+00
4.013285e+14 4.077083e-24 1.636250e-09 1.460350e+01 -8.786150e+00
4.007920e+14 4.098435e-24 1.642620e-09 1.460292e+01 -8.784463e+00
4.002569e+14 4.071496e-24 1.629644e-09 1.460234e+01 -8.787907e+00
3.997232e+14 4.067959e-24 1.626058e-09 1.460176e+01 -8.788864e+00
3.991909e+14 4.124806e-24 1.646585e-09 1.460118e+01 -8.783416e+00
3.986601e+14 4.148974e-24 1.654030e-09 1.460060e+01 -8.781457e+00
3.981307e+14 4.136236e-24 1.646763e-09 1.460003e+01 -8.783369e+00
3.976027e+14 4.200213e-24 1.670016e-09 1.459945e+01 -8.777279e+00
3.970760e+14 4.216009e-24 1.674076e-09 1.459887e+01 -8.776225e+00
3.965508e+14 4.195226e-24 1.663620e-09 1.459830e+01 -8.778946e+00
3.960269e+14 4.150924e-24 1.643878e-09 1.459772e+01 -8.784130e+00
3.955045e+14 3.999920e-24 1.581986e-09 1.459715e+01 -8.800797e+00
3.949834e+14 3.787006e-24 1.495804e-09 1.459658e+01 -8.825125e+00
3.944637e+14 3.568889e-24 1.407797e-09 1.459601e+01 -8.851460e+00
3.939453e+14 3.751669e-24 1.477953e-09 1.459544e+01 -8.830339e+00
3.934283e+14 4.046982e-24 1.592197e-09 1.459487e+01 -8.798003e+00
3.929127e+14 4.003356e-24 1.572969e-09 1.459430e+01 -8.803280e+00
3.923984e+14 4.062134e-24 1.593975e-09 1.459373e+01 -8.797518e+00
3.918855e+14 4.099363e-24 1.606481e-09 1.459316e+01 -8.794124e+00
3.913739e+14 4.064291e-24 1.590657e-09 1.459259e+01 -8.798423e+00
3.908636e+14 3.982391e-24 1.556572e-09 1.459203e+01 -8.807831e+00
3.903547e+14 3.858797e-24 1.506299e-09 1.459146e+01 -8.822089e+00
3.898471e+14 3.915008e-24 1.526254e-09 1.459089e+01 -8.816373e+00
3.893408e+14 3.969401e-24 1.545450e-09 1.459033e+01 -8.810945e+00
3.888358e+14 4.004647e-24 1.557150e-09 1.458977e+01 -8.807669e+00
3.883321e+14 4.039342e-24 1.568606e-09 1.458920e+01 -8.804486e+00
3.878298e+14 4.070696e-24 1.578737e-09 1.458864e+01 -8.801690e+00
3.873287e+14 4.100078e-24 1.588078e-09 1.458808e+01 -8.799128e+00
3.868289e+14 4.073596e-24 1.575785e-09 1.458752e+01 -8.802503e+00
3.863304e+14 4.104459e-24 1.585677e-09 1.458696e+01 -8.799785e+00
3.858332e+14 4.123484e-24 1.590977e-09 1.458640e+01 -8.798336e+00
3.853373e+14 4.080515e-24 1.572375e-09 1.458584e+01 -8.803444e+00
3.848426e+14 4.144739e-24 1.595072e-09 1.458528e+01 -8.797220e+00
3.843492e+14 4.163892e-24 1.600389e-09 1.458473e+01 -8.795775e+00
3.838571e+14 4.163917e-24 1.598349e-09 1.458417e+01 -8.796328e+00
3.833662e+14 4.136118e-24 1.585648e-09 1.458361e+01 -8.799793e+00
3.828766e+14 4.113849e-24 1.575097e-09 1.458306e+01 -8.802693e+00
3.823883e+14 4.100018e-24 1.567799e-09 1.458250e+01 -8.804710e+00
3.819011e+14 4.106177e-24 1.568154e-09 1.458195e+01 -8.804611e+00
3.814153e+14 4.085699e-24 1.558348e-09 1.458140e+01 -8.807336e+00
3.809306e+14 4.127849e-24 1.572424e-09 1.458085e+01 -8.803430e+00
3.804472e+14 4.070349e-24 1.548553e-09 1.458029e+01 -8.810074e+00
3.799650e+14 4.085763e-24 1.552447e-09 1.457974e+01 -8.808983e+00
3.794841e+14 4.013244e-24 1.522962e-09 1.457919e+01 -8.817311e+00
3.790043e+14 4.006647e-24 1.518536e-09 1.457864e+01 -8.818575e+00
3.785258e+14 3.994862e-24 1.512158e-09 1.457810e+01 -8.820403e+00
3.780484e+14 4.054039e-24 1.532623e-09 1.457755e+01 -8.814565e+00
3.775723e+14 4.012126e-24 1.514868e-09 1.457700e+01 -8.819625e+00
3.770974e+14 4.042854e-24 1.524550e-09 1.457645e+01 -8.816858e+00
3.766236e+14 4.105438e-24 1.546205e-09 1.457591e+01 -8.810733e+00
3.761511e+14 4.137959e-24 1.556498e-09 1.457536e+01 -8.807852e+00
3.756797e+14 4.113483e-24 1.545352e-09 1.457482e+01 -8.810973e+00
3.752095e+14 4.100744e-24 1.538638e-09 1.457427e+01 -8.812864e+00
3.747405e+14 4.125926e-24 1.546152e-09 1.457373e+01 -8.810748e+00
3.742727e+14 4.153438e-24 1.554518e-09 1.457319e+01 -8.808404e+00
3.738060e+14 4.151077e-24 1.551698e-09 1.457265e+01 -8.809193e+00
3.733405e+14 4.151671e-24 1.549987e-09 1.457211e+01 -8.809672e+00
3.728761e+14 4.177078e-24 1.557533e-09 1.457156e+01 -8.807563e+00
3.724129e+14 4.132367e-24 1.538947e-09 1.457102e+01 -8.812776e+00
3.719509e+14 4.205453e-24 1.564222e-09 1.457049e+01 -8.805702e+00
3.714900e+14 4.188583e-24 1.556017e-09 1.456995e+01 -8.807986e+00
3.710302e+14 4.174633e-24 1.548915e-09 1.456941e+01 -8.809972e+00
3.705716e+14 4.177348e-24 1.548007e-09 1.456887e+01 -8.810227e+00
3.701141e+14 4.126537e-24 1.527289e-09 1.456834e+01 -8.816079e+00
3.696577e+14 4.192665e-24 1.549851e-09 1.456780e+01 -8.809710e+00
3.692025e+14 4.235271e-24 1.563672e-09 1.456726e+01 -8.805854e+00
3.687483e+14 4.253409e-24 1.568437e-09 1.456673e+01 -8.804533e+00
3.682953e+14 4.297069e-24 1.582591e-09 1.456620e+01 -8.800631e+00
3.678434e+14 4.222518e-24 1.553226e-09 1.456566e+01 -8.808765e+00
3.673926e+14 4.214270e-24 1.548292e-09 1.456513e+01 -8.810147e+00
3.669430e+14 4.183394e-24 1.535067e-09 1.456460e+01 -8.813873e+00
3.664944e+14 4.192082e-24 1.536374e-09 1.456407e+01 -8.813503e+00
3.660469e+14 4.289072e-24 1.570002e-09 1.456354e+01 -8.804100e+00
3.656005e+14 4.315219e-24 1.577646e-09 1.456301e+01 -8.801990e+00
3.651552e+14 4.250369e-24 1.552044e-09 1.456248e+01 -8.809096e+00
3.647109e+14 4.230032e-24 1.542739e-09 1.456195e+01 -8.811708e+00
3.642678e+14 4.241908e-24 1.545191e-09 1.456142e+01 -8.811018e+00
3.638257e+14 4.309172e-24 1.567788e-09 1.456089e+01 -8.804713e+00
3.633847e+14 4.337081e-24 1.576029e-09 1.456037e+01 -8.802436e+00
3.629448e+14 4.352371e-24 1.579670e-09 1.455984e+01 -8.801434e+00
3.625059e+14 4.386817e-24 1.590247e-09 1.455932e+01 -8.798535e+00
3.620681e+14 4.431775e-24 1.604605e-09 1.455879e+01 -8.794632e+00
3.616314e+14 4.292776e-24 1.552402e-09 1.455827e+01 -8.808996e+00
3.611957e+14 4.271038e-24 1.542680e-09 1.455774e+01 -8.811724e+00
3.607610e+14 4.225023e-24 1.524224e-09 1.455722e+01 -8.816951e+00
3.603274e+14 4.207780e-24 1.516179e-09 1.455670e+01 -8.819250e+00
3.598948e+14 4.284185e-24 1.541856e-09 1.455618e+01 -8.811956e+00
3.594633e+14 4.185900e-24 1.504677e-09 1.455565e+01 -8.822557e+00
3.590328e+14 4.234119e-24 1.520188e-09 1.455513e+01 -8.818103e+00
3.586033e+14 4.205186e-24 1.507994e-09 1.455461e+01 -8.821600e+00
3.581749e+14 4.341751e-24 1.555106e-09 1.455410e+01 -8.808240e+00
3.577475e+14 4.337406e-24 1.551696e-09 1.455358e+01 -8.809193e+00
3.573211e+14 4.276422e-24 1.528056e-09 1.455306e+01 -8.815861e+00
3.568957e+14 4.300596e-24 1.534864e-09 1.455254e+01 -8.813930e+00
3.564713e+14 4.322377e-24 1.540803e-09 1.455202e+01 -8.812253e+00
3.560480e+14 4.293019e-24 1.528521e-09 1.455151e+01 -8.815729e+00
3.556256e+14 4.304050e-24 1.530630e-09 1.455099e+01 -8.815130e+00
3.552043e+14 4.290202e-24 1.523898e-09 1.455048e+01 -8.817044e+00
3.547839e+14 4.277084e-24 1.517441e-09 1.454996e+01 -8.818888e+00
3.543645e+14 4.251362e-24 1.506532e-09 1.454945e+01 -8.822022e+00
3.539462e+14 4.232168e-24 1.497959e-09 1.454894e+01 -8.824500e+00
3.535288e+14 4.279026e-24 1.512759e-09 1.454842e+01 -8.820230e+00
3.531124e+14 4.236224e-24 1.495863e-09 1.454791e+01 -8.825108e+00
3.526969e+14 4.152784e-24 1.464674e-09 1.454740e+01 -8.834259e+00
3.522825e+14 4.185339e-24 1.474422e-09 1.454689e+01 -8.831378e+00
3.518690e+14 4.191799e-24 1.474964e-09 1.454638e+01 -8.831219e+00
3.514565e+14 4.193168e-24 1.473716e-09 1.454587e+01 -8.831586e+00
3.510450e+14 4.074715e-24 1.430408e-09 1.454536e+01 -8.844540e+00
3.506344e+14 4.253731e-24 1.491504e-09 1.454485e+01 -8.826375e+00
3.502248e+14 4.306367e-24 1.508196e-09 1.454435e+01 -8.821542e+00
3.498161e+14 4.401993e-24 1.539888e-09 1.454384e+01 -8.812511e+00
3.494084e+14 4.422563e-24 1.545281e-09 1.454333e+01 -8.810993e+00
3.490016e+14 4.443193e-24 1.550682e-09 1.454283e+01 -8.809477e+00
3.485958e+14 4.396680e-24 1.532664e-09 1.454232e+01 -8.814553e+00
3.481909e+14 4.417273e-24 1.538055e-09 1.454182e+01 -8.813028e+00
3.477870e+14 4.479476e-24 1.557904e-09 1.454131e+01 -8.807459e+00
3.473840e+14 4.403114e-24 1.529572e-09 1.454081e+01 -8.815430e+00
3.469819e+14 4.372452e-24 1.517162e-09 1.454031e+01 -8.818968e+00
3.465808e+14 4.292801e-24 1.487803e-09 1.453980e+01 -8.827455e+00
3.461806e+14 4.128876e-24 1.429337e-09 1.453930e+01 -8.844865e+00
3.457813e+14 4.305670e-24 1.488820e-09 1.453880e+01 -8.827158e+00
3.453829e+14 4.431463e-24 1.530552e-09 1.453830e+01 -8.815152e+00
3.449855e+14 4.435522e-24 1.530191e-09 1.453780e+01 -8.815254e+00
3.445890e+14 4.563889e-24 1.572666e-09 1.453730e+01 -8.803364e+00
3.441933e+14 4.584992e-24 1.578124e-09 1.453680e+01 -8.801859e+00
3.437986e+14 4.588440e-24 1.577499e-09 1.453630e+01 -8.802031e+00
3.434048e+14 4.566120e-24 1.568028e-09 1.453581e+01 -8.804646e+00
3.430119e+14 4.532984e-24 1.554867e-09 1.453531e+01 -8.808307e+00
3.426199e+14 4.491632e-24 1.538922e-09 1.453481e+01 -8.812783e+00
3.422288e+14 4.459889e-24 1.526302e-09 1.453432e+01 -8.816359e+00
3.418385e+14 4.543548e-24 1.553160e-09 1.453382e+01 -8.808784e+00
3.414492e+14 4.621268e-24 1.577928e-09 1.453333e+01 -8.801913e+00
3.338445e+14 4.604047e-24 1.537036e-09 1.452354e+01 -8.813316e+00
3.265712e+14 4.674951e-24 1.526705e-09 1.451398e+01 -8.816245e+00
3.196081e+14 4.678954e-24 1.495432e-09 1.450462e+01 -8.825233e+00
3.129357e+14 4.729862e-24 1.480143e-09 1.449546e+01 -8.829696e+00
3.065362e+14 4.753362e-24 1.457078e-09 1.448648e+01 -8.836517e+00
3.003932e+14 4.766437e-24 1.431805e-09 1.447769e+01 -8.844116e+00
2.944916e+14 4.800034e-24 1.413569e-09 1.446907e+01 -8.849683e+00
2.888173e+14 4.805985e-24 1.388052e-09 1.446062e+01 -8.857594e+00
2.833577e+14 4.818237e-24 1.365284e-09 1.445233e+01 -8.864777e+00
2.781006e+14 4.826134e-24 1.342151e-09 1.444420e+01 -8.872199e+00
2.730350e+14 4.790587e-24 1.307998e-09 1.443622e+01 -8.883393e+00
2.681506e+14 4.780318e-24 1.281845e-09 1.442838e+01 -8.892164e+00
2.634380e+14 4.777877e-24 1.258674e-09 1.442068e+01 -8.900087e+00
2.588881e+14 4.766084e-24 1.233882e-09 1.441311e+01 -8.908726e+00
2.544927e+14 4.760781e-24 1.211584e-09 1.440568e+01 -8.916646e+00
2.502441e+14 4.754946e-24 1.189897e-09 1.439836e+01 -8.924491e+00
2.461350e+14 4.762951e-24 1.172329e-09 1.439117e+01 -8.930951e+00
2.421586e+14 4.751038e-24 1.150505e-09 1.438410e+01 -8.939112e+00
2.383087e+14 4.730644e-24 1.127354e-09 1.437714e+01 -8.947940e+00
2.345793e+14 4.733849e-24 1.110463e-09 1.437029e+01 -8.954496e+00
2.309649e+14 4.755598e-24 1.098376e-09 1.436355e+01 -8.959249e+00
2.274601e+14 4.787931e-24 1.089063e-09 1.435691e+01 -8.962947e+00
2.240601e+14 4.796698e-24 1.074749e-09 1.435036e+01 -8.968693e+00
2.207602e+14 4.792934e-24 1.058089e-09 1.434392e+01 -8.975478e+00
2.175562e+14 4.822334e-24 1.049128e-09 1.433757e+01 -8.979171e+00
2.144438e+14 4.803957e-24 1.030179e-09 1.433131e+01 -8.987087e+00
2.114192e+14 4.759688e-24 1.006289e-09 1.432514e+01 -8.997277e+00
2.084787e+14 4.812997e-24 1.003407e-09 1.431906e+01 -8.998523e+00
2.056189e+14 4.831418e-24 9.934311e-10 1.431306e+01 -9.002862e+00
2.028365e+14 4.891078e-24 9.920893e-10 1.430715e+01 -9.003449e+00
2.001284e+14 4.911937e-24 9.830182e-10 1.430131e+01 -9.007438e+00
1.974917e+14 5.027866e-24 9.929617e-10 1.429555e+01 -9.003067e+00
1.949235e+14 5.012423e-24 9.770392e-10 1.428986e+01 -9.010088e+00
1.924213e+14 5.039007e-24 9.696123e-10 1.428425e+01 -9.013402e+00
1.899825e+14 5.090887e-24 9.671795e-10 1.427871e+01 -9.014493e+00
1.876048e+14 5.170180e-24 9.699504e-10 1.427324e+01 -9.013250e+00
1.852858e+14 5.141821e-24 9.527063e-10 1.426784e+01 -9.021041e+00
1.830234e+14 5.094690e-24 9.324477e-10 1.426251e+01 -9.030376e+00
1.808157e+14 5.133398e-24 9.281988e-10 1.425724e+01 -9.032359e+00
1.786605e+14 5.166148e-24 9.229868e-10 1.425203e+01 -9.034805e+00
1.765562e+14 5.105300e-24 9.013724e-10 1.424688e+01 -9.045096e+00
1.745008e+14 5.061235e-24 8.831896e-10 1.424180e+01 -9.053946e+00
1.724928e+14 5.010855e-24 8.643362e-10 1.423677e+01 -9.063317e+00
1.705304e+14 4.954029e-24 8.448124e-10 1.423180e+01 -9.073240e+00
1.686121e+14 4.905351e-24 8.271018e-10 1.422689e+01 -9.082441e+00
1.667366e+14 4.801665e-24 8.006134e-10 1.422203e+01 -9.096577e+00
1.649023e+14 4.793574e-24 7.904715e-10 1.421723e+01 -9.102114e+00
1.631079e+14 4.694981e-24 7.657886e-10 1.421248e+01 -9.115891e+00
1.613522e+14 4.640872e-24 7.488149e-10 1.420777e+01 -9.125626e+00
1.596339e+14 4.581085e-24 7.312964e-10 1.420313e+01 -9.135907e+00
1.579517e+14 4.519709e-24 7.138959e-10 1.419852e+01 -9.146365e+00
1.563047e+14 4.439758e-24 6.939550e-10 1.419397e+01 -9.158669e+00
1.546916e+14 4.352569e-24 6.733060e-10 1.418947e+01 -9.171787e+00
1.531115e+14 4.309333e-24 6.598086e-10 1.418501e+01 -9.180582e+00
1.515634e+14 4.228268e-24 6.408506e-10 1.418059e+01 -9.193243e+00
1.500462e+14 4.167252e-24 6.252806e-10 1.417623e+01 -9.203925e+00
1.485592e+14 4.153846e-24 6.170919e-10 1.417190e+01 -9.209650e+00
1.471013e+14 4.061436e-24 5.974425e-10 1.416762e+01 -9.223704e+00
1.456717e+14 4.014740e-24 5.848340e-10 1.416338e+01 -9.232967e+00
1.442697e+14 3.941236e-24 5.686008e-10 1.415918e+01 -9.245192e+00
1.428944e+14 3.909788e-24 5.586866e-10 1.415502e+01 -9.252832e+00
1.415450e+14 3.854563e-24 5.455943e-10 1.415089e+01 -9.263130e+00
1.402210e+14 3.792981e-24 5.318554e-10 1.414681e+01 -9.274206e+00
1.389214e+14 3.741670e-24 5.197980e-10 1.414277e+01 -9.284165e+00
1.376457e+14 3.682588e-24 5.068924e-10 1.413876e+01 -9.295084e+00
1.363933e+14 3.625025e-24 4.944290e-10 1.413479e+01 -9.305896e+00
1.351634e+14 3.580115e-24 4.839004e-10 1.413086e+01 -9.315244e+00
1.339555e+14 3.516022e-24 4.709905e-10 1.412696e+01 -9.326988e+00
1.327690e+14 3.481738e-24 4.622668e-10 1.412310e+01 -9.335107e+00
1.316033e+14 3.435480e-24 4.521206e-10 1.411927e+01 -9.344746e+00
1.304580e+14 3.231542e-24 4.215804e-10 1.411547e+01 -9.375120e+00
1.293324e+14 3.143445e-24 4.065492e-10 1.411171e+01 -9.390887e+00
1.282260e+14 3.080119e-24 3.949513e-10 1.410798e+01 -9.403456e+00
1.271384e+14 2.956860e-24 3.759305e-10 1.410428e+01 -9.424892e+00
1.260691e+14 2.910394e-24 3.669108e-10 1.410061e+01 -9.435439e+00
1.250177e+14 2.912663e-24 3.641344e-10 1.409697e+01 -9.438738e+00
1.239836e+14 2.782319e-24 3.449620e-10 1.409336e+01 -9.462229e+00
1.229665e+14 2.769681e-24 3.405780e-10 1.408979e+01 -9.467783e+00
1.219660e+14 2.716773e-24 3.313539e-10 1.408624e+01 -9.479708e+00
1.209816e+14 2.696069e-24 3.261748e-10 1.408272e+01 -9.486550e+00
1.200130e+14 2.640177e-24 3.168555e-10 1.407923e+01 -9.499139e+00
1.190597e+14 2.715122e-24 3.232617e-10 1.407576e+01 -9.490446e+00
1.181215e+14 2.654120e-24 3.135087e-10 1.407233e+01 -9.503750e+00
1.171980e+14 2.599308e-24 3.046337e-10 1.406892e+01 -9.516222e+00
1.162888e+14 2.534044e-24 2.946808e-10 1.406554e+01 -9.530648e+00
1.153935e+14 2.569583e-24 2.965133e-10 1.406218e+01 -9.527956e+00
1.145120e+14 2.556601e-24 2.927615e-10 1.405885e+01 -9.533486e+00
1.136438e+14 2.565817e-24 2.915892e-10 1.405555e+01 -9.535229e+00
1.127887e+14 2.487177e-24 2.805255e-10 1.405227e+01 -9.552028e+00
1.119464e+14 2.456240e-24 2.749672e-10 1.404901e+01 -9.560719e+00
1.111165e+14 2.437946e-24 2.708961e-10 1.404578e+01 -9.567197e+00
1.102989e+14 2.406237e-24 2.654053e-10 1.404257e+01 -9.576090e+00
1.094932e+14 2.399860e-24 2.627684e-10 1.403939e+01 -9.580427e+00
1.086992e+14 2.413782e-24 2.623761e-10 1.403623e+01 -9.581076e+00
1.079166e+14 2.361712e-24 2.548680e-10 1.403309e+01 -9.593685e+00
1.071452e+14 2.303727e-24 2.468335e-10 1.402997e+01 -9.607596e+00
1.063848e+14 2.278498e-24 2.423976e-10 1.402688e+01 -9.615472e+00
1.056351e+14 2.242462e-24 2.368826e-10 1.402381e+01 -9.625467e+00
1.048959e+14 2.245633e-24 2.355576e-10 1.402076e+01 -9.627903e+00
1.041669e+14 2.283927e-24 2.379096e-10 1.401773e+01 -9.623588e+00
1.034480e+14 2.228706e-24 2.305553e-10 1.401472e+01 -9.637225e+00
1.027390e+14 2.209979e-24 2.270510e-10 1.401174e+01 -9.643877e+00
1.020396e+14 2.190099e-24 2.234769e-10 1.400877e+01 -9.650767e+00
1.013497e+14 2.139494e-24 2.168371e-10 1.400582e+01 -9.663866e+00
1.006690e+14 2.106536e-24 2.120630e-10 1.400290e+01 -9.673535e+00
9.999746e+13 2.116079e-24 2.116026e-10 1.399999e+01 -9.674479e+00
9.933479e+13 2.097720e-24 2.083766e-10 1.399710e+01 -9.681151e+00
9.868084e+13 2.081533e-24 2.054074e-10 1.399423e+01 -9.687384e+00
9.803545e+13 2.066544e-24 2.025946e-10 1.399138e+01 -9.693372e+00
9.739844e+13 1.981089e-24 1.929550e-10 1.398855e+01 -9.714544e+00
9.676966e+13 1.971140e-24 1.907465e-10 1.398574e+01 -9.719543e+00
9.614894e+13 2.002335e-24 1.925224e-10 1.398294e+01 -9.715519e+00
9.553614e+13 1.970749e-24 1.882778e-10 1.398017e+01 -9.725201e+00
9.493110e+13 1.987818e-24 1.887057e-10 1.397741e+01 -9.724215e+00
9.433367e+13 1.951895e-24 1.841294e-10 1.397467e+01 -9.734877e+00
9.374371e+13 1.933650e-24 1.812675e-10 1.397194e+01 -9.741680e+00
9.316109e+13 1.927752e-24 1.795915e-10 1.396923e+01 -9.745714e+00
9.258567e+13 1.879726e-24 1.740357e-10 1.396654e+01 -9.759362e+00
9.201731e+13 1.874579e-24 1.724937e-10 1.396387e+01 -9.763227e+00
9.145589e+13 1.876385e-24 1.716064e-10 1.396121e+01 -9.765466e+00
9.090127e+13 1.851202e-24 1.682766e-10 1.395857e+01 -9.773976e+00
9.035335e+13 1.795491e-24 1.622286e-10 1.395594e+01 -9.789873e+00
8.981198e+13 1.818499e-24 1.633230e-10 1.395333e+01 -9.786953e+00
8.927707e+13 1.804889e-24 1.611352e-10 1.395074e+01 -9.792810e+00
8.874849e+13 1.791891e-24 1.590276e-10 1.394816e+01 -9.798528e+00
8.822613e+13 1.784925e-24 1.574770e-10 1.394560e+01 -9.802783e+00
8.770989e+13 1.729785e-24 1.517192e-10 1.394305e+01 -9.818959e+00
8.719965e+13 1.721171e-24 1.500855e-10 1.394051e+01 -9.823661e+00
8.669532e+13 1.723146e-24 1.493887e-10 1.393800e+01 -9.825682e+00
8.619678e+13 1.712134e-24 1.475804e-10 1.393549e+01 -9.830971e+00
8.570395e+13 1.676290e-24 1.436647e-10 1.393300e+01 -9.842650e+00
8.521671e+13 1.676771e-24 1.428889e-10 1.393052e+01 -9.845001e+00
8.473499e+13 1.671101e-24 1.416007e-10 1.392806e+01 -9.848935e+00
8.425868e+13 1.651704e-24 1.391704e-10 1.392561e+01 -9.856453e+00
8.378770e+13 1.636024e-24 1.370787e-10 1.392318e+01 -9.863030e+00
8.332196e+13 1.622695e-24 1.352061e-10 1.392076e+01 -9.869004e+00
8.286136e+13 1.604188e-24 1.329252e-10 1.391835e+01 -9.876393e+00
8.240583e+13 1.591136e-24 1.311189e-10 1.391596e+01 -9.882335e+00
8.195528e+13 1.574386e-24 1.290292e-10 1.391358e+01 -9.889312e+00
8.150962e+13 1.563125e-24 1.274097e-10 1.391121e+01 -9.894797e+00
8.106879e+13 1.539070e-24 1.247705e-10 1.390885e+01 -9.903888e+00
8.063271e+13 1.531285e-24 1.234716e-10 1.390651e+01 -9.908433e+00
8.020128e+13 1.517853e-24 1.217338e-10 1.390418e+01 -9.914589e+00
7.977445e+13 1.481328e-24 1.181722e-10 1.390186e+01 -9.927485e+00
7.935214e+13 1.475522e-24 1.170858e-10 1.389956e+01 -9.931496e+00
7.893428e+13 1.471021e-24 1.161140e-10 1.389727e+01 -9.935116e+00
7.852080e+13 1.459723e-24 1.146187e-10 1.389498e+01 -9.940745e+00
7.811162e+13 1.447086e-24 1.130342e-10 1.389272e+01 -9.946790e+00
7.770669e+13 1.427355e-24 1.109151e-10 1.389046e+01 -9.955009e+00
7.730593e+13 1.419242e-24 1.097159e-10 1.388821e+01 -9.959731e+00
7.690929e+13 1.392677e-24 1.071098e-10 1.388598e+01 -9.970171e+00
7.651669e+13 1.390732e-24 1.064142e-10 1.388376e+01 -9.973001e+00
7.612809e+13 1.373532e-24 1.045644e-10 1.388154e+01 -9.980616e+00
7.574341e+13 1.357407e-24 1.028146e-10 1.387934e+01 -9.987945e+00
7.536259e+13 1.349223e-24 1.016809e-10 1.387716e+01 -9.992761e+00
7.498559e+13 1.284991e-24 9.635578e-11 1.387498e+01 -1.001612e+01
7.461234e+13 1.198954e-24 8.945674e-11 1.387281e+01 -1.004839e+01
7.424279e+13 1.239221e-24 9.200326e-11 1.387065e+01 -1.003620e+01
7.387689e+13 1.165394e-24 8.609566e-11 1.386851e+01 -1.006502e+01
7.351457e+13 1.269512e-24 9.332765e-11 1.386637e+01 -1.002999e+01
7.315578e+13 1.202763e-24 8.798908e-11 1.386425e+01 -1.005557e+01
7.280049e+13 1.195567e-24 8.703786e-11 1.386213e+01 -1.006029e+01
7.244862e+13 1.176091e-24 8.520615e-11 1.386003e+01 -1.006953e+01
7.210014e+13 1.119009e-24 8.068070e-11 1.385794e+01 -1.009323e+01
7.175500e+13 1.184704e-24 8.500841e-11 1.385585e+01 -1.007054e+01
7.141315e+13 1.171848e-24 8.368533e-11 1.385378e+01 -1.007735e+01
7.107454e+13 1.143453e-24 8.127042e-11 1.385171e+01 -1.009007e+01
7.073912e+13 1.135910e-24 8.035331e-11 1.384966e+01 -1.009500e+01
7.040686e+13 1.112230e-24 7.830860e-11 1.384761e+01 -1.010619e+01
7.007770e+13 1.067058e-24 7.477696e-11 1.384558e+01 -1.012623e+01
6.975161e+13 1.061995e-24 7.407583e-11 1.384355e+01 -1.013032e+01
6.942853e+13 1.096228e-24 7.610951e-11 1.384154e+01 -1.011856e+01
6.910844e+13 1.039983e-24 7.187158e-11 1.383953e+01 -1.014344e+01
6.879128e+13 1.067515e-24 7.343574e-11 1.383753e+01 -1.013409e+01
6.847702e+13 9.936052e-25 6.803913e-11 1.383554e+01 -1.016724e+01
6.816562e+13 1.003831e-24 6.842675e-11 1.383357e+01 -1.016477e+01
6.785704e+13 9.877421e-25 6.702526e-11 1.383159e+01 -1.017376e+01
6.755124e+13 1.002900e-24 6.774716e-11 1.382963e+01 -1.016911e+01
6.724818e+13 9.714444e-25 6.532787e-11 1.382768e+01 -1.018490e+01
6.694783e+13 9.661644e-25 6.468262e-11 1.382574e+01 -1.018921e+01
6.665016e+13 9.246121e-25 6.162554e-11 1.382380e+01 -1.021024e+01
6.635511e+13 9.269080e-25 6.150508e-11 1.382187e+01 -1.021109e+01
6.606267e+13 8.734781e-25 5.770429e-11 1.381996e+01 -1.023879e+01
6.577280e+13 9.714677e-25 6.389614e-11 1.381805e+01 -1.019453e+01
6.548545e+13 8.845497e-25 5.792514e-11 1.381614e+01 -1.023713e+01
6.520061e+13 9.260365e-25 6.037815e-11 1.381425e+01 -1.021912e+01
6.491823e+13 9.015653e-25 5.852802e-11 1.381237e+01 -1.023264e+01
6.463829e+13 8.830793e-25 5.708074e-11 1.381049e+01 -1.024351e+01
6.436076e+13 8.411716e-25 5.413844e-11 1.380862e+01 -1.026649e+01
6.408559e+13 8.481557e-25 5.435456e-11 1.380676e+01 -1.026476e+01
6.381277e+13 8.749643e-25 5.583389e-11 1.380491e+01 -1.025310e+01
6.354226e+13 8.077487e-25 5.132618e-11 1.380306e+01 -1.028966e+01
6.327404e+13 8.373630e-25 5.298334e-11 1.380123e+01 -1.027586e+01
6.300807e+13 8.818962e-25 5.556658e-11 1.379940e+01 -1.025519e+01
6.274433e+13 8.499657e-25 5.333053e-11 1.379757e+01 -1.027302e+01
6.248278e+13 8.238422e-25 5.147596e-11 1.379576e+01 -1.028840e+01
6.222341e+13 8.307247e-25 5.169053e-11 1.379395e+01 -1.028659e+01
6.196618e+13 7.852837e-25 4.866103e-11 1.379215e+01 -1.031282e+01
6.171107e+13 7.950888e-25 4.906579e-11 1.379036e+01 -1.030922e+01
6.145806e+13 7.789189e-25 4.787084e-11 1.378858e+01 -1.031993e+01
6.120710e+13 7.682714e-25 4.702367e-11 1.378680e+01 -1.032768e+01
6.095819e+13 7.632879e-25 4.652865e-11 1.378503e+01 -1.033228e+01
6.071130e+13 7.928013e-25 4.813200e-11 1.378327e+01 -1.031757e+01
6.046640e+13 7.571411e-25 4.578160e-11 1.378151e+01 -1.033931e+01
6.022346e+13 7.416111e-25 4.466239e-11 1.377977e+01 -1.035006e+01
5.998247e+13 7.696983e-25 4.616841e-11 1.377802e+01 -1.033566e+01
5.974340e+13 7.597372e-25 4.538929e-11 1.377629e+01 -1.034305e+01
5.950623e+13 7.406728e-25 4.407465e-11 1.377456e+01 -1.035581e+01
5.927094e+13 7.254050e-25 4.299544e-11 1.377284e+01 -1.036658e+01
5.903750e+13 7.702040e-25 4.547091e-11 1.377113e+01 -1.034227e+01
5.880588e+13 7.042254e-25 4.141260e-11 1.376942e+01 -1.038287e+01
5.857608e+13 7.024384e-25 4.114609e-11 1.376772e+01 -1.038567e+01
5.834807e+13 7.042486e-25 4.109155e-11 1.376603e+01 -1.038625e+01
5.812183e+13 6.951752e-25 4.040486e-11 1.376434e+01 -1.039357e+01
5.789733e+13 6.958916e-25 4.029027e-11 1.376266e+01 -1.039480e+01
5.767457e+13 6.603594e-25 3.808594e-11 1.376098e+01 -1.041924e+01
5.745351e+13 6.632305e-25 3.810492e-11 1.375932e+01 -1.041902e+01
5.723414e+13 6.488277e-25 3.713509e-11 1.375766e+01 -1.043022e+01
5.701643e+13 7.085430e-25 4.039859e-11 1.375600e+01 -1.039363e+01
5.680038e+13 6.678616e-25 3.793479e-11 1.375435e+01 -1.042096e+01
5.658596e+13 6.163645e-25 3.487757e-11 1.375271e+01 -1.045745e+01
5.637315e+13 6.898834e-25 3.889090e-11 1.375107e+01 -1.041015e+01
5.616193e+13 6.701867e-25 3.763898e-11 1.374944e+01 -1.042436e+01
5.595230e+13 6.350863e-25 3.553453e-11 1.374782e+01 -1.044935e+01
5.574422e+13 6.408471e-25 3.572352e-11 1.374620e+01 -1.044705e+01
5.553768e+13 6.619157e-25 3.676127e-11 1.374459e+01 -1.043461e+01
5.533267e+13 6.432342e-25 3.559187e-11 1.374298e+01 -1.044865e+01
5.512917e+13 6.324896e-25 3.486863e-11 1.374138e+01 -1.045757e+01
5.492715e+13 6.621369e-25 3.636929e-11 1.373979e+01 -1.043927e+01
5.472662e+13 6.435765e-25 3.522076e-11 1.373820e+01 -1.045320e+01
5.452754e+13 6.690605e-25 3.648222e-11 1.373662e+01 -1.043792e+01
5.432990e+13 6.515907e-25 3.540086e-11 1.373504e+01 -1.045099e+01
5.413369e+13 6.284548e-25 3.402058e-11 1.373347e+01 -1.046826e+01
5.393890e+13 6.211267e-25 3.350289e-11 1.373190e+01 -1.047492e+01
5.374550e+13 6.013201e-25 3.231825e-11 1.373034e+01 -1.049055e+01
5.355348e+13 6.417812e-25 3.436962e-11 1.372879e+01 -1.046383e+01
5.336283e+13 6.121813e-25 3.266773e-11 1.372724e+01 -1.048588e+01
5.317354e+13 6.195101e-25 3.294155e-11 1.372570e+01 -1.048226e+01
5.298558e+13 5.955705e-25 3.155664e-11 1.372416e+01 -1.050091e+01
5.279894e+13 6.046708e-25 3.192598e-11 1.372263e+01 -1.049586e+01
5.261362e+13 6.233105e-25 3.279462e-11 1.372110e+01 -1.048420e+01
5.242959e+13 5.949379e-25 3.119235e-11 1.371958e+01 -1.050595e+01
5.224685e+13 6.006413e-25 3.138161e-11 1.371806e+01 -1.050332e+01
5.206537e+13 5.832068e-25 3.036488e-11 1.371655e+01 -1.051763e+01
5.188515e+13 5.962104e-25 3.093447e-11 1.371504e+01 -1.050956e+01
5.170617e+13 5.678410e-25 2.936089e-11 1.371354e+01 -1.053223e+01
5.152843e+13 5.571754e-25 2.871037e-11 1.371205e+01 -1.054196e+01
5.135190e+13 6.011134e-25 3.086832e-11 1.371056e+01 -1.051049e+01
5.117658e+13 5.732581e-25 2.933739e-11 1.370907e+01 -1.053258e+01
5.100245e+13 5.598719e-25 2.855484e-11 1.370759e+01 -1.054432e+01
5.082950e+13 5.543678e-25 2.817824e-11 1.370612e+01 -1.055009e+01
5.065772e+13 5.385502e-25 2.728173e-11 1.370465e+01 -1.056413e+01
5.048710e+13 5.832719e-25 2.944771e-11 1.370318e+01 -1.053095e+01
5.031762e+13 5.685989e-25 2.861055e-11 1.370172e+01 -1.054347e+01
5.014928e+13 5.607661e-25 2.812202e-11 1.370026e+01 -1.055095e+01
4.998206e+13 5.469225e-25 2.733631e-11 1.369881e+01 -1.056326e+01
4.981595e+13 5.531073e-25 2.755357e-11 1.369737e+01 -1.055982e+01
4.965094e+13 5.359792e-25 2.661187e-11 1.369593e+01 -1.057492e+01
4.948703e+13 5.626221e-25 2.784249e-11 1.369449e+01 -1.055529e+01
4.932419e+13 5.534326e-25 2.729761e-11 1.369306e+01 -1.056388e+01
4.916241e+13 5.566476e-25 2.736614e-11 1.369163e+01 -1.056279e+01
4.900170e+13 5.524563e-25 2.707130e-11 1.369021e+01 -1.056749e+01
4.884203e+13 5.358852e-25 2.617372e-11 1.368879e+01 -1.058213e+01
4.868340e+13 5.137613e-25 2.501165e-11 1.368738e+01 -1.060186e+01
4.852580e+13 5.371123e-25 2.606380e-11 1.368597e+01 -1.058396e+01
4.836922e+13 5.347778e-25 2.586678e-11 1.368457e+01 -1.058726e+01
4.821364e+13 5.341810e-25 2.575481e-11 1.368317e+01 -1.058914e+01
4.805906e+13 5.376229e-25 2.583765e-11 1.368178e+01 -1.058775e+01
4.790547e+13 5.328639e-25 2.552709e-11 1.368039e+01 -1.059300e+01
4.775285e+13 5.220420e-25 2.492899e-11 1.367900e+01 -1.060330e+01
4.760121e+13 5.064286e-25 2.410661e-11 1.367762e+01 -1.061786e+01
4.745052e+13 5.170903e-25 2.453620e-11 1.367624e+01 -1.061019e+01
4.730079e+13 5.213051e-25 2.465814e-11 1.367487e+01 -1.060804e+01
4.715200e+13 5.071765e-25 2.391438e-11 1.367350e+01 -1.062134e+01
4.700414e+13 4.994730e-25 2.347730e-11 1.367214e+01 -1.062935e+01
4.685721e+13 5.064252e-25 2.372967e-11 1.367078e+01 -1.062471e+01
4.671119e+13 5.062374e-25 2.364695e-11 1.366942e+01 -1.062622e+01
4.656608e+13 5.069832e-25 2.360822e-11 1.366807e+01 -1.062694e+01
4.642186e+13 4.882750e-25 2.266664e-11 1.366672e+01 -1.064461e+01
4.627854e+13 5.001035e-25 2.314406e-11 1.366538e+01 -1.063556e+01
4.613610e+13 4.972936e-25 2.294319e-11 1.366404e+01 -1.063935e+01
4.599454e+13 4.939257e-25 2.271788e-11 1.366271e+01 -1.064363e+01
4.585384e+13 4.877493e-25 2.236518e-11 1.366138e+01 -1.065043e+01
4.571400e+13 4.748559e-25 2.170756e-11 1.366005e+01 -1.066339e+01
4.557501e+13 4.686835e-25 2.136025e-11 1.365873e+01 -1.067039e+01
4.543686e+13 4.774206e-25 2.169249e-11 1.365741e+01 -1.066369e+01
4.529955e+13 4.754723e-25 2.153868e-11 1.365609e+01 -1.066678e+01
4.516306e+13 4.774265e-25 2.156204e-11 1.365478e+01 -1.066631e+01
4.502740e+13 4.775191e-25 2.150144e-11 1.365348e+01 -1.066753e+01
4.489254e+13 4.746257e-25 2.130715e-11 1.365217e+01 -1.067147e+01
4.475850e+13 4.706265e-25 2.106453e-11 1.365088e+01 -1.067645e+01
4.462525e+13 4.698661e-25 2.096789e-11 1.364958e+01 -1.067845e+01
4.449279e+13 4.622488e-25 2.056674e-11 1.364829e+01 -1.068683e+01
4.436111e+13 4.655290e-25 2.065139e-11 1.364700e+01 -1.068505e+01
4.423022e+13 4.541061e-25 2.008521e-11 1.364572e+01 -1.069712e+01
4.410009e+13 4.522678e-25 1.994505e-11 1.364444e+01 -1.070016e+01
4.397072e+13 4.543372e-25 1.997754e-11 1.364316e+01 -1.069946e+01
4.384212e+13 4.398484e-25 1.928389e-11 1.364189e+01 -1.071481e+01
4.371426e+13 4.337136e-25 1.895947e-11 1.364062e+01 -1.072217e+01
4.358715e+13 4.314525e-25 1.880578e-11 1.363936e+01 -1.072571e+01
4.346077e+13 4.473241e-25 1.944105e-11 1.363810e+01 -1.071128e+01
4.333513e+13 4.203730e-25 1.821692e-11 1.363684e+01 -1.073953e+01
4.321020e+13 4.371063e-25 1.888745e-11 1.363559e+01 -1.072383e+01
4.308600e+13 4.410964e-25 1.900508e-11 1.363434e+01 -1.072113e+01
4.296251e+13 4.205492e-25 1.806785e-11 1.363309e+01 -1.074309e+01
4.283973e+13 4.204532e-25 1.801210e-11 1.363185e+01 -1.074444e+01
4.271764e+13 4.198190e-25 1.793368e-11 1.363061e+01 -1.074633e+01
4.259625e+13 4.324287e-25 1.841984e-11 1.362937e+01 -1.073471e+01
4.247555e+13 4.128379e-25 1.753551e-11 1.362814e+01 -1.075608e+01
4.235552e+13 4.061932e-25 1.720453e-11 1.362691e+01 -1.076436e+01
4.223618e+13 4.068487e-25 1.718373e-11 1.362568e+01 -1.076488e+01
4.211750e+13 4.113285e-25 1.732413e-11 1.362446e+01 -1.076135e+01
4.199950e+13 4.081232e-25 1.714097e-11 1.362324e+01 -1.076596e+01
4.188215e+13 4.115475e-25 1.723649e-11 1.362203e+01 -1.076355e+01
4.176545e+13 4.166115e-25 1.739997e-11 1.362082e+01 -1.075945e+01
4.164940e+13 4.147114e-25 1.727248e-11 1.361961e+01 -1.076265e+01
4.153400e+13 3.973548e-25 1.650373e-11 1.361840e+01 -1.078242e+01
4.141923e+13 4.052356e-25 1.678455e-11 1.361720e+01 -1.077509e+01
4.130510e+13 4.015256e-25 1.658505e-11 1.361600e+01 -1.078028e+01
4.119159e+13 3.859702e-25 1.589873e-11 1.361481e+01 -1.079864e+01
4.107871e+13 3.963464e-25 1.628140e-11 1.361362e+01 -1.078831e+01
4.096644e+13 3.810537e-25 1.561041e-11 1.361243e+01 -1.080659e+01
4.085478e+13 3.879067e-25 1.584784e-11 1.361124e+01 -1.080003e+01
4.074373e+13 3.887627e-25 1.583964e-11 1.361006e+01 -1.080025e+01
4.063329e+13 3.888497e-25 1.580024e-11 1.360888e+01 -1.080134e+01
4.052344e+13 3.868165e-25 1.567513e-11 1.360771e+01 -1.080479e+01
4.041418e+13 3.873082e-25 1.565274e-11 1.360653e+01 -1.080541e+01
4.030551e+13 3.845014e-25 1.549753e-11 1.360536e+01 -1.080974e+01
4.019743e+13 3.822954e-25 1.536729e-11 1.360420e+01 -1.081340e+01
4.008992e+13 3.833063e-25 1.536672e-11 1.360304e+01 -1.081342e+01
3.998298e+13 3.778277e-25 1.510668e-11 1.360188e+01 -1.082083e+01
3.987662e+13 3.680601e-25 1.467699e-11 1.360072e+01 -1.083336e+01
3.977081e+13 3.724040e-25 1.481081e-11 1.359956e+01 -1.082942e+01
3.966557e+13 3.763791e-25 1.492929e-11 1.359841e+01 -1.082596e+01
3.956089e+13 3.702122e-25 1.464592e-11 1.359727e+01 -1.083428e+01
3.945675e+13 3.655783e-25 1.442453e-11 1.359612e+01 -1.084090e+01
3.935316e+13 3.652068e-25 1.437204e-11 1.359498e+01 -1.084248e+01
3.925012e+13 3.658357e-25 1.435909e-11 1.359384e+01 -1.084287e+01
3.914761e+13 3.589411e-25 1.405168e-11 1.359271e+01 -1.085227e+01
3.904564e+13 3.623979e-25 1.415006e-11 1.359157e+01 -1.084924e+01
3.894419e+13 3.571779e-25 1.391001e-11 1.359044e+01 -1.085667e+01
3.884328e+13 3.583423e-25 1.391919e-11 1.358932e+01 -1.085639e+01
3.874288e+13 3.564353e-25 1.380933e-11 1.358819e+01 -1.085983e+01
3.864300e+13 3.458701e-25 1.336546e-11 1.358707e+01 -1.087402e+01
3.854364e+13 3.514614e-25 1.354660e-11 1.358595e+01 -1.086817e+01
3.844478e+13 3.531295e-25 1.357599e-11 1.358484e+01 -1.086723e+01
3.834643e+13 3.436932e-25 1.317941e-11 1.358372e+01 -1.088010e+01
3.824858e+13 3.420187e-25 1.308173e-11 1.358262e+01 -1.088333e+01
3.815123e+13 3.450612e-25 1.316451e-11 1.358151e+01 -1.088060e+01
3.805438e+13 3.432049e-25 1.306045e-11 1.358040e+01 -1.088404e+01
3.795801e+13 3.426971e-25 1.300810e-11 1.357930e+01 -1.088579e+01
3.786214e+13 3.385921e-25 1.281982e-11 1.357821e+01 -1.089212e+01
3.776674e+13 3.375153e-25 1.274685e-11 1.357711e+01 -1.089460e+01
3.767183e+13 3.316194e-25 1.249271e-11 1.357602e+01 -1.090334e+01
3.757739e+13 3.305449e-25 1.242101e-11 1.357493e+01 -1.090584e+01
3.748342e+13 3.306394e-25 1.239349e-11 1.357384e+01 -1.090681e+01
3.738992e+13 3.275020e-25 1.224527e-11 1.357275e+01 -1.091203e+01
3.729689e+13 3.274820e-25 1.221406e-11 1.357167e+01 -1.091314e+01
3.720432e+13 3.315342e-25 1.233450e-11 1.357059e+01 -1.090888e+01
3.711221e+13 3.256563e-25 1.208582e-11 1.356952e+01 -1.091772e+01
3.702055e+13 3.276528e-25 1.212989e-11 1.356844e+01 -1.091614e+01
3.692934e+13 3.223638e-25 1.190468e-11 1.356737e+01 -1.092428e+01
3.683858e+13 3.236456e-25 1.192264e-11 1.356630e+01 -1.092363e+01
3.674827e+13 3.233001e-25 1.188072e-11 1.356524e+01 -1.092516e+01
3.665840e+13 3.150705e-25 1.154998e-11 1.356417e+01 -1.093742e+01
3.656897e+13 3.180227e-25 1.162976e-11 1.356311e+01 -1.093443e+01
3.647997e+13 3.152492e-25 1.150028e-11 1.356205e+01 -1.093929e+01
3.639141e+13 3.148881e-25 1.145922e-11 1.356100e+01 -1.094084e+01
3.630327e+13 3.164983e-25 1.148992e-11 1.355995e+01 -1.093968e+01
3.621556e+13 3.085338e-25 1.117372e-11 1.355890e+01 -1.095180e+01
3.612827e+13 3.122724e-25 1.128186e-11 1.355785e+01 -1.094762e+01
3.604140e+13 3.070090e-25 1.106504e-11 1.355680e+01 -1.095605e+01
3.595495e+13 3.073533e-25 1.105087e-11 1.355576e+01 -1.095660e+01
3.586892e+13 3.062255e-25 1.098398e-11 1.355472e+01 -1.095924e+01
3.578329e+13 3.023778e-25 1.082007e-11 1.355368e+01 -1.096577e+01
3.569807e+13 3.007834e-25 1.073739e-11 1.355264e+01 -1.096910e+01
3.561326e+13 3.009795e-25 1.071886e-11 1.355161e+01 -1.096985e+01
3.552885e+13 3.015819e-25 1.071486e-11 1.355058e+01 -1.097001e+01
3.544483e+13 3.010965e-25 1.067231e-11 1.354955e+01 -1.097174e+01
3.536122e+13 2.946513e-25 1.041923e-11 1.354853e+01 -1.098216e+01
3.527799e+13 3.010908e-25 1.062188e-11 1.354750e+01 -1.097380e+01
3.519516e+13 2.949026e-25 1.037914e-11 1.354648e+01 -1.098384e+01
3.511272e+13 2.940811e-25 1.032599e-11 1.354546e+01 -1.098607e+01
3.503066e+13 2.940101e-25 1.029937e-11 1.354445e+01 -1.098719e+01
3.494899e+13 2.904142e-25 1.014968e-11 1.354343e+01 -1.099355e+01
3.486769e+13 2.879808e-25 1.004122e-11 1.354242e+01 -1.099821e+01
3.478677e+13 2.892356e-25 1.006157e-11 1.354141e+01 -1.099733e+01
3.470623e+13 2.864943e-25 9.943136e-12 1.354041e+01 -1.100248e+01
3.462606e+13 2.893943e-25 1.002058e-11 1.353940e+01 -1.099911e+01
3.454625e+13 2.851182e-25 9.849767e-12 1.353840e+01 -1.100657e+01
3.446682e+13 2.800002e-25 9.650717e-12 1.353740e+01 -1.101544e+01
3.438775e+13 2.865132e-25 9.852543e-12 1.353640e+01 -1.100645e+01
3.430904e+13 2.812473e-25 9.649323e-12 1.353541e+01 -1.101550e+01
3.423069e+13 2.828043e-25 9.680585e-12 1.353442e+01 -1.101410e+01
3.415270e+13 2.786219e-25 9.515689e-12 1.353343e+01 -1.102156e+01
3.407506e+13 2.815160e-25 9.592677e-12 1.353244e+01 -1.101806e+01
3.399778e+13 2.770907e-25 9.420469e-12 1.353145e+01 -1.102593e+01
3.392084e+13 2.722525e-25 9.235035e-12 1.353047e+01 -1.103456e+01
3.384425e+13 2.694643e-25 9.119817e-12 1.352948e+01 -1.104001e+01
3.376801e+13 2.705906e-25 9.137307e-12 1.352851e+01 -1.103918e+01
3.369211e+13 2.765150e-25 9.316376e-12 1.352753e+01 -1.103075e+01
3.361655e+13 2.755359e-25 9.262568e-12 1.352655e+01 -1.103327e+01
3.354133e+13 2.697003e-25 9.046106e-12 1.352558e+01 -1.104354e+01
3.346644e+13 2.689455e-25 9.000650e-12 1.352461e+01 -1.104573e+01
3.339189e+13 2.665796e-25 8.901597e-12 1.352364e+01 -1.105053e+01
3.331767e+13 2.701266e-25 8.999989e-12 1.352267e+01 -1.104576e+01
3.324378e+13 2.628024e-25 8.736544e-12 1.352171e+01 -1.105866e+01
3.317021e+13 2.656822e-25 8.812735e-12 1.352075e+01 -1.105489e+01
3.309698e+13 2.650433e-25 8.772132e-12 1.351979e+01 -1.105689e+01
3.302406e+13 2.642950e-25 8.728093e-12 1.351883e+01 -1.105908e+01
3.295146e+13 2.612181e-25 8.607517e-12 1.351787e+01 -1.106512e+01
3.287918e+13 2.627552e-25 8.639176e-12 1.351692e+01 -1.106353e+01
3.280722e+13 2.597263e-25 8.520898e-12 1.351597e+01 -1.106951e+01
3.273558e+13 2.581288e-25 8.449994e-12 1.351502e+01 -1.107314e+01
3.266424e+13 2.588649e-25 8.455627e-12 1.351407e+01 -1.107285e+01
3.259322e+13 2.594030e-25 8.454779e-12 1.351313e+01 -1.107290e+01
3.252250e+13 2.560779e-25 8.328295e-12 1.351218e+01 -1.107944e+01
3.245209e+13 2.572898e-25 8.349591e-12 1.351124e+01 -1.107833e+01
3.238198e+13 2.519150e-25 8.157506e-12 1.351030e+01 -1.108844e+01
3.231218e+13 2.539071e-25 8.204290e-12 1.350937e+01 -1.108596e+01
3.224268e+13 2.518808e-25 8.121312e-12 1.350843e+01 -1.109037e+01
3.217347e+13 2.547862e-25 8.197357e-12 1.350750e+01 -1.108633e+01
3.210456e+13 2.520211e-25 8.091026e-12 1.350657e+01 -1.109200e+01
3.203595e+13 2.473889e-25 7.925337e-12 1.350564e+01 -1.110098e+01
3.196763e+13 2.501891e-25 7.997953e-12 1.350471e+01 -1.109702e+01
3.189960e+13 2.489938e-25 7.942803e-12 1.350379e+01 -1.110003e+01
3.183185e+13 2.506747e-25 7.979441e-12 1.350286e+01 -1.109803e+01
3.176440e+13 2.491463e-25 7.913983e-12 1.350194e+01 -1.110160e+01
3.169723e+13 2.443677e-25 7.745779e-12 1.350102e+01 -1.111093e+01
3.163034e+13 2.434139e-25 7.699267e-12 1.350010e+01 -1.111355e+01
3.156374e+13 2.442321e-25 7.708879e-12 1.349919e+01 -1.111301e+01
3.149742e+13 2.446286e-25 7.705168e-12 1.349827e+01 -1.111322e+01
3.143137e+13 2.450218e-25 7.701372e-12 1.349736e+01 -1.111343e+01
3.136560e+13 2.416871e-25 7.580662e-12 1.349645e+01 -1.112029e+01
3.130010e+13 2.414172e-25 7.556384e-12 1.349555e+01 -1.112169e+01
3.123488e+13 2.414606e-25 7.541995e-12 1.349464e+01 -1.112251e+01
3.116993e+13 2.391273e-25 7.453582e-12 1.349374e+01 -1.112763e+01
3.110525e+13 2.388243e-25 7.428690e-12 1.349283e+01 -1.112909e+01
3.104084e+13 2.387299e-25 7.410376e-12 1.349193e+01 -1.113016e+01
3.097669e+13 2.380830e-25 7.375022e-12 1.349104e+01 -1.113224e+01
3.091281e+13 2.365480e-25 7.312364e-12 1.349014e+01 -1.113594e+01
3.091281e+12 6.987882e-27 2.160151e-13 1.200000e+01 -2.000000e+01
3.091281e+11 6.987882e-27 2.160151e-13 1.100000e+01 -2.000000e+01
3.091281e+10 6.987882e-27 2.160151e-13 1.000000e+01 -2.000000e+01
3.091281e+09 6.987882e-27 2.160151e-13 9.000000e+00 -2.000000e+01
3.091281e+08 6.987882e-27 2.160151e-13 8.000000e+00 -2.000000e+01
3.091281e+07 6.987882e-27 2.160151e-13 7.000000e+00 -2.000000e+01