1.362693e+16 1.657658e-30 2.258879e-14 1.613440e+01 -1.364611e+01
1.303445e+16 2.514306e-29 3.277260e-13 1.611509e+01 -1.248449e+01
1.249135e+16 2.561892e-29 3.200148e-13 1.609661e+01 -1.249483e+01
1.199170e+16 2.617467e-29 3.138787e-13 1.607888e+01 -1.250324e+01
1.153048e+16 2.708990e-29 3.123595e-13 1.606185e+01 -1.250535e+01
1.110342e+16 2.827116e-29 3.139067e-13 1.604546e+01 -1.250320e+01
1.070687e+16 2.849528e-29 3.050953e-13 1.602966e+01 -1.251556e+01
1.033767e+16 2.973425e-29 3.073829e-13 1.601442e+01 -1.251232e+01
9.993080e+15 2.954513e-29 2.952468e-13 1.599970e+01 -1.252981e+01
9.670723e+15 3.029378e-29 2.929628e-13 1.598546e+01 -1.253319e+01
9.368512e+15 3.063355e-29 2.869908e-13 1.597167e+01 -1.254213e+01
9.084618e+15 3.096692e-29 2.813226e-13 1.595831e+01 -1.255080e+01
8.817424e+15 3.081174e-29 2.716801e-13 1.594534e+01 -1.256594e+01
8.565497e+15 3.150921e-29 2.698920e-13 1.593275e+01 -1.256881e+01
8.327567e+15 3.600773e-29 2.998568e-13 1.592052e+01 -1.252309e+01
8.102497e+15 4.050788e-29 3.282150e-13 1.590862e+01 -1.248384e+01
7.889274e+15 3.929546e-29 3.100126e-13 1.589704e+01 -1.250862e+01
7.686985e+15 4.160348e-29 3.198053e-13 1.588576e+01 -1.249511e+01
7.494810e+15 4.879687e-29 3.657233e-13 1.587476e+01 -1.243685e+01
7.312010e+15 5.236384e-29 3.828849e-13 1.586404e+01 -1.241693e+01
7.137914e+15 5.131206e-29 3.662611e-13 1.585357e+01 -1.243621e+01
6.971916e+15 5.083365e-29 3.544079e-13 1.584335e+01 -1.245050e+01
6.813464e+15 5.500719e-29 3.747895e-13 1.583337e+01 -1.242621e+01
6.662053e+15 5.701695e-29 3.798500e-13 1.582361e+01 -1.242039e+01
6.517226e+15 5.492034e-29 3.579282e-13 1.581406e+01 -1.244620e+01
6.378562e+15 5.615039e-29 3.581587e-13 1.580472e+01 -1.244592e+01
6.245675e+15 5.961196e-29 3.723169e-13 1.579558e+01 -1.242909e+01
6.118212e+15 5.784223e-29 3.538910e-13 1.578662e+01 -1.245113e+01
5.995848e+15 6.316869e-29 3.787499e-13 1.577785e+01 -1.242165e+01
5.878282e+15 7.781041e-29 4.573916e-13 1.576925e+01 -1.233971e+01
5.765238e+15 8.637270e-29 4.979592e-13 1.576082e+01 -1.230281e+01
5.656460e+15 8.200402e-29 4.638525e-13 1.575254e+01 -1.233362e+01
5.551711e+15 7.595593e-29 4.216854e-13 1.574443e+01 -1.237501e+01
5.450771e+15 7.742082e-29 4.220032e-13 1.573646e+01 -1.237468e+01
5.353436e+15 9.173290e-29 4.910862e-13 1.572863e+01 -1.230884e+01
5.259516e+15 9.992082e-29 5.255351e-13 1.572095e+01 -1.227940e+01
5.168834e+15 1.007144e-28 5.205759e-13 1.571339e+01 -1.228352e+01
5.081227e+15 1.016219e-28 5.163641e-13 1.570597e+01 -1.228704e+01
4.996540e+15 9.406631e-29 4.700061e-13 1.569867e+01 -1.232790e+01
4.914630e+15 9.519066e-29 4.678268e-13 1.569149e+01 -1.232991e+01
4.835361e+15 1.085023e-28 5.246480e-13 1.568443e+01 -1.228013e+01
4.758610e+15 1.092102e-28 5.196889e-13 1.567748e+01 -1.228426e+01
4.684256e+15 1.149951e-28 5.386665e-13 1.567064e+01 -1.226868e+01
4.612191e+15 1.136949e-28 5.243826e-13 1.566391e+01 -1.228035e+01
4.542309e+15 1.126531e-28 5.117052e-13 1.565728e+01 -1.229098e+01
4.474513e+15 1.225249e-28 5.482392e-13 1.565075e+01 -1.226103e+01
4.408712e+15 1.193147e-28 5.260241e-13 1.564431e+01 -1.227899e+01
4.344817e+15 1.202985e-28 5.226748e-13 1.563797e+01 -1.228177e+01
4.282749e+15 1.194724e-28 5.116703e-13 1.563172e+01 -1.229101e+01
4.222428e+15 1.212073e-28 5.117891e-13 1.562556e+01 -1.229091e+01
4.163783e+15 1.350931e-28 5.624986e-13 1.561949e+01 -1.224988e+01
4.106745e+15 1.373198e-28 5.639375e-13 1.561350e+01 -1.224877e+01
4.051249e+15 1.373440e-28 5.564148e-13 1.560759e+01 -1.225460e+01
3.997232e+15 1.365597e-28 5.458608e-13 1.560176e+01 -1.226292e+01
3.944637e+15 1.328913e-28 5.242080e-13 1.559601e+01 -1.228050e+01
3.893408e+15 1.341322e-28 5.222313e-13 1.559033e+01 -1.228214e+01
3.843492e+15 1.368591e-28 5.260171e-13 1.558473e+01 -1.227900e+01
3.794841e+15 1.377008e-28 5.225526e-13 1.557919e+01 -1.228187e+01
3.747405e+15 1.431474e-28 5.364314e-13 1.557373e+01 -1.227049e+01
3.701141e+15 1.459077e-28 5.400251e-13 1.556834e+01 -1.226759e+01
3.656005e+15 1.485927e-28 5.432555e-13 1.556301e+01 -1.226500e+01
3.611957e+15 1.391578e-28 5.026320e-13 1.555774e+01 -1.229875e+01
3.568957e+15 1.389967e-28 4.960733e-13 1.555254e+01 -1.230445e+01
3.526969e+15 1.502375e-28 5.298831e-13 1.554740e+01 -1.227582e+01
3.485958e+15 1.526733e-28 5.322126e-13 1.554232e+01 -1.227391e+01
3.445890e+15 1.564208e-28 5.390088e-13 1.553730e+01 -1.226840e+01
3.406732e+15 1.581429e-28 5.387503e-13 1.553234e+01 -1.226861e+01
3.368454e+15 1.599119e-28 5.386560e-13 1.552743e+01 -1.226869e+01
3.331027e+15 1.603174e-28 5.340216e-13 1.552258e+01 -1.227244e+01
3.294422e+15 1.553141e-28 5.116703e-13 1.551778e+01 -1.229101e+01
3.258613e+15 8.124660e-28 2.647512e-12 1.551303e+01 -1.157716e+01
3.223574e+15 1.420651e-27 4.579573e-12 1.550834e+01 -1.133917e+01
3.189281e+15 2.207930e-27 7.041710e-12 1.550369e+01 -1.115232e+01
3.155709e+15 3.018441e-27 9.525324e-12 1.549910e+01 -1.102112e+01
3.122838e+15 3.668511e-27 1.145616e-11 1.549455e+01 -1.094096e+01
3.090643e+15 2.719397e-27 8.404685e-12 1.549005e+01 -1.107548e+01
3.059106e+15 2.572133e-27 7.868429e-12 1.548559e+01 -1.110411e+01
3.028206e+15 3.637630e-27 1.101549e-11 1.548119e+01 -1.095800e+01
2.997924e+15 3.960785e-27 1.187413e-11 1.547682e+01 -1.092540e+01
2.968242e+15 4.303022e-27 1.277241e-11 1.547250e+01 -1.089373e+01
2.939141e+15 3.293004e-27 9.678605e-12 1.546822e+01 -1.101419e+01
2.910606e+15 3.009371e-27 8.759093e-12 1.546398e+01 -1.105754e+01
2.882619e+15 4.570004e-27 1.317358e-11 1.545979e+01 -1.088030e+01
2.855166e+15 5.428917e-27 1.550046e-11 1.545563e+01 -1.080966e+01
2.828230e+15 4.986996e-27 1.410437e-11 1.545151e+01 -1.085065e+01
2.801798e+15 4.873472e-27 1.365448e-11 1.544744e+01 -1.086472e+01
2.775856e+15 4.871234e-27 1.352184e-11 1.544340e+01 -1.086896e+01
2.750389e+15 4.945251e-27 1.360136e-11 1.543939e+01 -1.086642e+01
2.725385e+15 5.246432e-27 1.429855e-11 1.543543e+01 -1.084471e+01
2.700832e+15 5.118346e-27 1.382379e-11 1.543150e+01 -1.085937e+01
2.676718e+15 4.835431e-27 1.294308e-11 1.542760e+01 -1.088796e+01
2.653030e+15 4.996538e-27 1.325597e-11 1.542374e+01 -1.087759e+01
2.629758e+15 5.229189e-27 1.375150e-11 1.541992e+01 -1.086165e+01
2.606890e+15 5.119510e-27 1.334600e-11 1.541612e+01 -1.087465e+01
2.584417e+15 5.226175e-27 1.350662e-11 1.541236e+01 -1.086945e+01
2.562328e+15 4.548033e-27 1.165355e-11 1.540863e+01 -1.093354e+01
2.540614e+15 4.434706e-27 1.126688e-11 1.540494e+01 -1.094820e+01
2.519264e+15 4.617418e-27 1.163249e-11 1.540127e+01 -1.093433e+01
2.498270e+15 3.846528e-27 9.609665e-12 1.539764e+01 -1.101729e+01
2.477623e+15 2.925076e-27 7.247237e-12 1.539404e+01 -1.113983e+01
2.457315e+15 2.588701e-27 6.361252e-12 1.539046e+01 -1.119646e+01
2.437337e+15 3.575976e-27 8.715857e-12 1.538692e+01 -1.105969e+01
2.417681e+15 5.764103e-27 1.393576e-11 1.538340e+01 -1.085587e+01
2.398339e+15 6.210569e-27 1.489505e-11 1.537991e+01 -1.082696e+01
2.379305e+15 5.542812e-27 1.318804e-11 1.537645e+01 -1.087982e+01
2.360570e+15 6.228641e-27 1.470314e-11 1.537302e+01 -1.083259e+01
2.342128e+15 6.319482e-27 1.480104e-11 1.536961e+01 -1.082971e+01
2.323972e+15 6.362391e-27 1.478602e-11 1.536623e+01 -1.083015e+01
2.306095e+15 5.378606e-27 1.240358e-11 1.536288e+01 -1.090645e+01
2.288492e+15 5.909481e-27 1.352380e-11 1.535955e+01 -1.086890e+01
2.271155e+15 6.276098e-27 1.425399e-11 1.535625e+01 -1.084606e+01
2.254078e+15 5.743050e-27 1.294528e-11 1.535297e+01 -1.088789e+01
2.237257e+15 5.685405e-27 1.271971e-11 1.534972e+01 -1.089552e+01
2.220684e+15 6.142120e-27 1.363971e-11 1.534649e+01 -1.086519e+01
2.204356e+15 5.733569e-27 1.263883e-11 1.534328e+01 -1.089829e+01
2.188266e+15 5.477107e-27 1.198536e-11 1.534010e+01 -1.092135e+01
2.172409e+15 5.342161e-27 1.160536e-11 1.533694e+01 -1.093534e+01
2.156780e+15 4.580326e-27 9.878754e-12 1.533381e+01 -1.100530e+01
2.141374e+15 5.178470e-27 1.108904e-11 1.533069e+01 -1.095511e+01
2.126187e+15 5.505157e-27 1.170500e-11 1.532760e+01 -1.093163e+01
2.111214e+15 5.296946e-27 1.118299e-11 1.532453e+01 -1.095144e+01
2.096450e+15 5.338463e-27 1.119182e-11 1.532148e+01 -1.095110e+01
2.081892e+15 5.534169e-27 1.152154e-11 1.531846e+01 -1.093849e+01
2.067534e+15 5.481487e-27 1.133316e-11 1.531545e+01 -1.094565e+01
2.053373e+15 5.458028e-27 1.120736e-11 1.531247e+01 -1.095050e+01
2.039404e+15 5.731919e-27 1.168970e-11 1.530950e+01 -1.093220e+01
2.025624e+15 5.861203e-27 1.187260e-11 1.530656e+01 -1.092545e+01
2.012030e+15 6.147578e-27 1.236911e-11 1.530363e+01 -1.090766e+01
1.998616e+15 5.755952e-27 1.150394e-11 1.530073e+01 -1.093915e+01
1.985380e+15 5.814361e-27 1.154372e-11 1.529784e+01 -1.093765e+01
1.972318e+15 5.840490e-27 1.151931e-11 1.529498e+01 -1.093857e+01
1.959427e+15 4.712257e-27 9.233325e-12 1.529213e+01 -1.103464e+01
1.946704e+15 3.829191e-27 7.454301e-12 1.528930e+01 -1.112759e+01
1.934145e+15 5.603119e-27 1.083724e-11 1.528649e+01 -1.096508e+01
1.921746e+15 6.047034e-27 1.162086e-11 1.528370e+01 -1.093476e+01
1.909506e+15 5.685476e-27 1.085645e-11 1.528092e+01 -1.096431e+01
1.897420e+15 5.731960e-27 1.087594e-11 1.527816e+01 -1.096353e+01
1.885487e+15 5.722284e-27 1.078929e-11 1.527542e+01 -1.096701e+01
1.873702e+15 5.448549e-27 1.020896e-11 1.527270e+01 -1.099102e+01
1.862065e+15 5.133375e-27 9.558676e-12 1.526999e+01 -1.101960e+01
1.850570e+15 5.203456e-27 9.629362e-12 1.526731e+01 -1.101640e+01
1.839217e+15 5.227658e-27 9.614799e-12 1.526463e+01 -1.101706e+01
1.828002e+15 5.320197e-27 9.725333e-12 1.526198e+01 -1.101210e+01
1.816924e+15 5.442363e-27 9.888358e-12 1.525934e+01 -1.100488e+01
1.805978e+15 5.123319e-27 9.252603e-12 1.525671e+01 -1.103374e+01
1.795164e+15 5.233965e-27 9.395826e-12 1.525410e+01 -1.102707e+01
1.784479e+15 5.674945e-27 1.012682e-11 1.525151e+01 -1.099453e+01
1.773920e+15 5.566365e-27 9.874284e-12 1.524893e+01 -1.100549e+01
1.763485e+15 5.467467e-27 9.641795e-12 1.524637e+01 -1.101584e+01
1.753172e+15 5.191341e-27 9.101313e-12 1.524382e+01 -1.104090e+01
1.742979e+15 5.079918e-27 8.854191e-12 1.524129e+01 -1.105285e+01
1.732904e+15 5.515705e-27 9.558187e-12 1.523877e+01 -1.101962e+01
1.722945e+15 5.657248e-27 9.747126e-12 1.523627e+01 -1.101112e+01
1.713099e+15 5.654676e-27 9.687022e-12 1.523378e+01 -1.101381e+01
1.703366e+15 5.744745e-27 9.785402e-12 1.523131e+01 -1.100942e+01
1.693742e+15 5.718971e-27 9.686463e-12 1.522885e+01 -1.101383e+01
1.684227e+15 5.746864e-27 9.679024e-12 1.522640e+01 -1.101417e+01
1.674818e+15 5.121091e-27 8.576895e-12 1.522397e+01 -1.106667e+01
1.665513e+15 5.676690e-27 9.454603e-12 1.522155e+01 -1.102436e+01
1.656312e+15 5.568199e-27 9.222673e-12 1.521914e+01 -1.103514e+01
1.647211e+15 5.764952e-27 9.496093e-12 1.521675e+01 -1.102246e+01
1.638210e+15 5.727045e-27 9.382101e-12 1.521437e+01 -1.102770e+01
1.629307e+15 5.517670e-27 8.989975e-12 1.521200e+01 -1.104624e+01
1.620499e+15 5.330614e-27 8.638256e-12 1.520965e+01 -1.106357e+01
1.611787e+15 5.307793e-27 8.555033e-12 1.520731e+01 -1.106778e+01
1.603168e+15 5.519819e-27 8.849197e-12 1.520498e+01 -1.105310e+01
1.594640e+15 5.443140e-27 8.679851e-12 1.520266e+01 -1.106149e+01
1.586203e+15 5.268168e-27 8.356386e-12 1.520036e+01 -1.107798e+01
1.577855e+15 5.260982e-27 8.301066e-12 1.519807e+01 -1.108087e+01
1.569594e+15 5.274009e-27 8.278051e-12 1.519579e+01 -1.108207e+01
1.561419e+15 5.166191e-27 8.066587e-12 1.519352e+01 -1.109331e+01
1.553328e+15 5.211467e-27 8.095120e-12 1.519126e+01 -1.109178e+01
1.545322e+15 5.537441e-27 8.557128e-12 1.518902e+01 -1.106767e+01
1.537397e+15 5.581387e-27 8.580807e-12 1.518679e+01 -1.106647e+01
1.529553e+15 5.495571e-27 8.405768e-12 1.518456e+01 -1.107542e+01
1.521789e+15 5.542750e-27 8.434894e-12 1.518235e+01 -1.107392e+01
1.514103e+15 5.745309e-27 8.698989e-12 1.518016e+01 -1.106053e+01
1.506494e+15 5.720450e-27 8.617826e-12 1.517797e+01 -1.106460e+01
1.498962e+15 5.642954e-27 8.458573e-12 1.517579e+01 -1.107270e+01
1.491504e+15 5.577156e-27 8.318353e-12 1.517362e+01 -1.107996e+01
1.484121e+15 5.808664e-27 8.620760e-12 1.517147e+01 -1.106445e+01
1.476810e+15 5.746304e-27 8.486198e-12 1.516932e+01 -1.107129e+01
1.469571e+15 5.793361e-27 8.513753e-12 1.516719e+01 -1.106988e+01
1.462402e+15 5.703428e-27 8.340705e-12 1.516507e+01 -1.107880e+01
1.455303e+15 5.378556e-27 7.827428e-12 1.516295e+01 -1.110638e+01
1.448272e+15 5.735391e-27 8.306409e-12 1.516085e+01 -1.108059e+01
1.441310e+15 6.037899e-27 8.702482e-12 1.515876e+01 -1.106036e+01
1.434413e+15 6.009590e-27 8.620236e-12 1.515667e+01 -1.106448e+01
1.427583e+15 5.620284e-27 8.023421e-12 1.515460e+01 -1.109564e+01
1.420817e+15 6.000682e-27 8.525871e-12 1.515254e+01 -1.106926e+01
1.414115e+15 5.963453e-27 8.433009e-12 1.515048e+01 -1.107402e+01
1.407476e+15 6.178401e-27 8.695951e-12 1.514844e+01 -1.106068e+01
1.400899e+15 5.735065e-27 8.034247e-12 1.514641e+01 -1.109505e+01
1.394383e+15 5.901872e-27 8.229472e-12 1.514438e+01 -1.108463e+01
1.387928e+15 5.924290e-27 8.222487e-12 1.514237e+01 -1.108500e+01
1.381532e+15 5.551397e-27 7.669432e-12 1.514036e+01 -1.111524e+01
1.375194e+15 5.635898e-27 7.750456e-12 1.513836e+01 -1.111067e+01
1.368915e+15 5.872098e-27 8.038403e-12 1.513638e+01 -1.109483e+01
1.362693e+15 6.219038e-27 8.474638e-12 1.513440e+01 -1.107188e+01
1.356527e+15 5.871737e-27 7.965168e-12 1.513243e+01 -1.109881e+01
1.350416e+15 5.523680e-27 7.459267e-12 1.513047e+01 -1.112730e+01
1.344361e+15 5.634383e-27 7.574642e-12 1.512852e+01 -1.112064e+01
1.338359e+15 5.676261e-27 7.596874e-12 1.512657e+01 -1.111937e+01
1.332411e+15 5.655105e-27 7.534923e-12 1.512464e+01 -1.112292e+01
1.326515e+15 5.838765e-27 7.745210e-12 1.512271e+01 -1.111097e+01
1.320671e+15 5.585007e-27 7.375959e-12 1.512079e+01 -1.113218e+01
1.314879e+15 5.802069e-27 7.629018e-12 1.511889e+01 -1.111753e+01
1.309137e+15 5.868959e-27 7.683272e-12 1.511699e+01 -1.111445e+01
1.303445e+15 5.668898e-27 7.389098e-12 1.511509e+01 -1.113141e+01
1.297803e+15 5.971300e-27 7.749568e-12 1.511321e+01 -1.111072e+01
1.292209e+15 5.927178e-27 7.659150e-12 1.511133e+01 -1.111582e+01
1.286663e+15 5.866444e-27 7.548134e-12 1.510946e+01 -1.112216e+01
1.281164e+15 5.819951e-27 7.456312e-12 1.510760e+01 -1.112748e+01
1.275712e+15 5.738560e-27 7.320752e-12 1.510575e+01 -1.113544e+01
1.270307e+15 6.068443e-27 7.708784e-12 1.510391e+01 -1.111301e+01
1.264947e+15 6.028373e-27 7.625571e-12 1.510207e+01 -1.111773e+01
1.259632e+15 5.849719e-27 7.368493e-12 1.510024e+01 -1.113262e+01
1.254362e+15 5.607524e-27 7.033862e-12 1.509842e+01 -1.115281e+01
1.249135e+15 5.755869e-27 7.189857e-12 1.509661e+01 -1.114328e+01
1.243952e+15 5.655081e-27 7.034648e-12 1.509480e+01 -1.115276e+01
1.238812e+15 5.949077e-27 7.369785e-12 1.509301e+01 -1.113255e+01
1.233714e+15 6.517008e-27 8.040122e-12 1.509121e+01 -1.109474e+01
1.228657e+15 6.258656e-27 7.689744e-12 1.508943e+01 -1.111409e+01
1.223642e+15 6.250625e-27 7.648530e-12 1.508765e+01 -1.111642e+01
1.218668e+15 6.547085e-27 7.978725e-12 1.508589e+01 -1.109807e+01
1.213734e+15 6.247907e-27 7.583299e-12 1.508412e+01 -1.112014e+01
1.208840e+15 6.144556e-27 7.427786e-12 1.508237e+01 -1.112914e+01
1.203986e+15 6.001362e-27 7.225553e-12 1.508062e+01 -1.114113e+01
1.199170e+15 6.383125e-27 7.654450e-12 1.507888e+01 -1.111609e+01
1.194392e+15 6.329342e-27 7.559715e-12 1.507715e+01 -1.112149e+01
1.189652e+15 6.094319e-27 7.250122e-12 1.507542e+01 -1.113965e+01
1.184950e+15 6.273274e-27 7.433518e-12 1.507370e+01 -1.112881e+01
1.180285e+15 6.368058e-27 7.516123e-12 1.507199e+01 -1.112401e+01
1.175656e+15 6.537983e-27 7.686423e-12 1.507028e+01 -1.111428e+01
1.171064e+15 6.744343e-27 7.898058e-12 1.506858e+01 -1.110248e+01
1.166507e+15 7.335737e-27 8.557191e-12 1.506689e+01 -1.106767e+01
1.161986e+15 6.730719e-27 7.821002e-12 1.506520e+01 -1.110674e+01
1.157500e+15 6.974452e-27 8.072926e-12 1.506352e+01 -1.109297e+01
1.153048e+15 6.918951e-27 7.977880e-12 1.506185e+01 -1.109811e+01
1.148630e+15 6.870699e-27 7.891890e-12 1.506018e+01 -1.110282e+01
1.144246e+15 7.348068e-27 8.407996e-12 1.505852e+01 -1.107531e+01
1.139895e+15 7.483233e-27 8.530101e-12 1.505686e+01 -1.106905e+01
1.135577e+15 9.328895e-27 1.059368e-11 1.505522e+01 -1.097495e+01
1.131292e+15 9.301533e-27 1.052275e-11 1.505357e+01 -1.097787e+01
1.127039e+15 9.668601e-27 1.089689e-11 1.505194e+01 -1.096270e+01
1.122818e+15 9.110275e-27 1.022918e-11 1.505031e+01 -1.099016e+01
1.118628e+15 9.354352e-27 1.046404e-11 1.504869e+01 -1.098030e+01
1.114470e+15 9.255699e-27 1.031520e-11 1.504707e+01 -1.098652e+01
1.110342e+15 9.384090e-27 1.041955e-11 1.504546e+01 -1.098215e+01
1.106245e+15 9.701837e-27 1.073261e-11 1.504385e+01 -1.096929e+01
1.102178e+15 8.756567e-27 9.651295e-12 1.504225e+01 -1.101541e+01
1.098141e+15 9.168358e-27 1.006815e-11 1.504066e+01 -1.099705e+01
1.094133e+15 8.441522e-27 9.236147e-12 1.503907e+01 -1.103451e+01
1.090154e+15 8.215170e-27 8.955802e-12 1.503749e+01 -1.104790e+01
1.086204e+15 9.246731e-27 1.004384e-11 1.503591e+01 -1.099810e+01
1.082283e+15 9.733964e-27 1.053490e-11 1.503434e+01 -1.097737e+01
1.078390e+15 9.183159e-27 9.903026e-12 1.503278e+01 -1.100423e+01
1.074525e+15 8.231009e-27 8.844423e-12 1.503122e+01 -1.105333e+01
1.070687e+15 7.153047e-27 7.658675e-12 1.502966e+01 -1.111585e+01
1.066877e+15 8.399111e-27 8.960817e-12 1.502811e+01 -1.104765e+01
1.063094e+15 1.066291e-26 1.133568e-11 1.502657e+01 -1.094555e+01
1.059337e+15 1.038414e-26 1.100030e-11 1.502503e+01 -1.095860e+01
1.055607e+15 1.016638e-26 1.073170e-11 1.502350e+01 -1.096933e+01
1.051903e+15 8.868919e-27 9.329244e-12 1.502198e+01 -1.103015e+01
1.048225e+15 1.008138e-26 1.056756e-11 1.502045e+01 -1.097603e+01
1.044573e+15 1.099641e-26 1.148655e-11 1.501894e+01 -1.093981e+01
1.040946e+15 1.116979e-26 1.162715e-11 1.501743e+01 -1.093453e+01
1.037344e+15 1.154912e-26 1.198041e-11 1.501592e+01 -1.092153e+01
1.033767e+15 1.255011e-26 1.297389e-11 1.501442e+01 -1.088693e+01
1.030214e+15 1.299194e-26 1.338449e-11 1.501293e+01 -1.087340e+01
1.026686e+15 1.282314e-26 1.316534e-11 1.501144e+01 -1.088057e+01
1.023182e+15 1.304113e-26 1.334345e-11 1.500995e+01 -1.087473e+01
1.019702e+15 1.294905e-26 1.320417e-11 1.500847e+01 -1.087929e+01
1.016245e+15 1.312853e-26 1.334181e-11 1.500700e+01 -1.087479e+01
1.012812e+15 1.368720e-26 1.386256e-11 1.500553e+01 -1.085816e+01
1.009402e+15 1.327632e-26 1.340115e-11 1.500406e+01 -1.087286e+01
1.006015e+15 1.357278e-26 1.365441e-11 1.500260e+01 -1.086473e+01
1.002650e+15 1.390356e-26 1.394041e-11 1.500115e+01 -1.085572e+01
9.993080e+14 1.358782e-26 1.357842e-11 1.499970e+01 -1.086715e+01
9.959880e+14 1.392131e-26 1.386546e-11 1.499825e+01 -1.085807e+01
9.926901e+14 1.355710e-26 1.345800e-11 1.499681e+01 -1.087102e+01
9.894139e+14 1.547591e-26 1.531208e-11 1.499538e+01 -1.081497e+01
9.861592e+14 1.611652e-26 1.589346e-11 1.499395e+01 -1.079878e+01
9.829259e+14 1.637444e-26 1.609486e-11 1.499252e+01 -1.079331e+01
9.797137e+14 1.583842e-26 1.551712e-11 1.499110e+01 -1.080919e+01
9.765225e+14 1.646912e-26 1.608246e-11 1.498968e+01 -1.079365e+01
9.733519e+14 1.733911e-26 1.687705e-11 1.498827e+01 -1.077270e+01
9.702019e+14 1.639520e-26 1.590666e-11 1.498686e+01 -1.079842e+01
9.670723e+14 1.643432e-26 1.589318e-11 1.498546e+01 -1.079879e+01
9.639627e+14 1.855738e-26 1.788862e-11 1.498406e+01 -1.074742e+01
9.608731e+14 1.832538e-26 1.760836e-11 1.498267e+01 -1.075428e+01
9.578032e+14 1.881966e-26 1.802553e-11 1.498128e+01 -1.074411e+01
9.547529e+14 1.936508e-26 1.848886e-11 1.497989e+01 -1.073309e+01
9.517219e+14 1.916496e-26 1.823971e-11 1.497851e+01 -1.073898e+01
9.487101e+14 1.827480e-26 1.733749e-11 1.497713e+01 -1.076101e+01
9.457174e+14 2.017001e-26 1.907513e-11 1.497576e+01 -1.071953e+01
9.427434e+14 2.056841e-26 1.939074e-11 1.497439e+01 -1.071241e+01
9.397881e+14 1.929915e-26 1.813711e-11 1.497303e+01 -1.074143e+01
9.368512e+14 1.833480e-26 1.717698e-11 1.497167e+01 -1.076505e+01
9.339327e+14 2.045418e-26 1.910282e-11 1.497032e+01 -1.071890e+01
9.310323e+14 2.027985e-26 1.888120e-11 1.496896e+01 -1.072397e+01
9.281498e+14 1.878957e-26 1.743954e-11 1.496762e+01 -1.075847e+01
9.252852e+14 1.922405e-26 1.778773e-11 1.496628e+01 -1.074988e+01
9.224382e+14 2.234523e-26 2.061210e-11 1.496494e+01 -1.068588e+01
9.196086e+14 2.349815e-26 2.160910e-11 1.496360e+01 -1.066536e+01
9.167963e+14 2.432765e-26 2.230350e-11 1.496227e+01 -1.065163e+01
9.140012e+14 2.390016e-26 2.184477e-11 1.496095e+01 -1.066065e+01
9.112231e+14 2.602578e-26 2.371530e-11 1.495962e+01 -1.062497e+01
9.084618e+14 2.695809e-26 2.449040e-11 1.495831e+01 -1.061100e+01
9.057172e+14 2.474777e-26 2.241448e-11 1.495699e+01 -1.064947e+01
9.029892e+14 2.484617e-26 2.243582e-11 1.495568e+01 -1.064906e+01
9.002775e+14 2.454395e-26 2.209636e-11 1.495438e+01 -1.065568e+01
8.975820e+14 2.552330e-26 2.290925e-11 1.495307e+01 -1.063999e+01
8.949027e+14 2.618623e-26 2.343412e-11 1.495178e+01 -1.063015e+01
8.922393e+14 2.431744e-26 2.169697e-11 1.495048e+01 -1.066360e+01
8.895917e+14 2.358921e-26 2.098477e-11 1.494919e+01 -1.067810e+01
8.869598e+14 2.568580e-26 2.278227e-11 1.494790e+01 -1.064240e+01
8.843434e+14 2.700273e-26 2.387968e-11 1.494662e+01 -1.062197e+01
8.817424e+14 2.778174e-26 2.449633e-11 1.494534e+01 -1.061090e+01
8.791566e+14 2.760675e-26 2.427066e-11 1.494407e+01 -1.061492e+01
8.765860e+14 2.812317e-26 2.465237e-11 1.494279e+01 -1.060814e+01
8.740303e+14 2.841122e-26 2.483227e-11 1.494153e+01 -1.060498e+01
8.714895e+14 2.514456e-26 2.191322e-11 1.494026e+01 -1.065929e+01
8.689635e+14 2.635862e-26 2.290468e-11 1.493900e+01 -1.064008e+01
8.664520e+14 2.847805e-26 2.467487e-11 1.493774e+01 -1.060775e+01
8.639550e+14 2.697370e-26 2.330407e-11 1.493649e+01 -1.063257e+01
8.614724e+14 2.705886e-26 2.331046e-11 1.493524e+01 -1.063245e+01
8.590040e+14 2.735648e-26 2.349933e-11 1.493400e+01 -1.062894e+01
8.565497e+14 3.021060e-26 2.587688e-11 1.493275e+01 -1.058709e+01
8.541094e+14 3.143118e-26 2.684567e-11 1.493151e+01 -1.057113e+01
8.516830e+14 2.932995e-26 2.497982e-11 1.493028e+01 -1.060241e+01
8.492703e+14 3.057103e-26 2.596307e-11 1.492905e+01 -1.058564e+01
8.468712e+14 3.483207e-26 2.949828e-11 1.492782e+01 -1.053020e+01
8.444856e+14 3.401614e-26 2.872614e-11 1.492659e+01 -1.054172e+01
8.421135e+14 3.057612e-26 2.574857e-11 1.492537e+01 -1.058925e+01
8.397546e+14 2.721455e-26 2.285355e-11 1.492415e+01 -1.064105e+01
8.374089e+14 2.444089e-26 2.046702e-11 1.492294e+01 -1.068895e+01
8.350763e+14 2.807585e-26 2.344547e-11 1.492173e+01 -1.062994e+01
8.327567e+14 3.224843e-26 2.685510e-11 1.492052e+01 -1.057097e+01
8.304499e+14 3.080341e-26 2.558069e-11 1.491931e+01 -1.059209e+01
8.281558e+14 3.358475e-26 2.781341e-11 1.491811e+01 -1.055575e+01
8.258744e+14 3.530559e-26 2.915798e-11 1.491691e+01 -1.053524e+01
8.236055e+14 3.551581e-26 2.925102e-11 1.491572e+01 -1.053386e+01
8.213490e+14 3.904799e-26 3.207203e-11 1.491453e+01 -1.049387e+01
8.191049e+14 4.522337e-26 3.704268e-11 1.491334e+01 -1.043130e+01
8.168730e+14 4.327417e-26 3.534950e-11 1.491215e+01 -1.045162e+01
8.146533e+14 4.030778e-26 3.283686e-11 1.491097e+01 -1.048364e+01
8.124455e+14 4.178023e-26 3.394416e-11 1.490979e+01 -1.046923e+01
8.102497e+14 4.350610e-26 3.525081e-11 1.490862e+01 -1.045283e+01
8.080658e+14 3.995749e-26 3.228828e-11 1.490745e+01 -1.049096e+01
8.058935e+14 3.830316e-26 3.086827e-11 1.490628e+01 -1.051049e+01
8.037330e+14 3.309602e-26 2.660036e-11 1.490511e+01 -1.057511e+01
8.015840e+14 3.087840e-26 2.475163e-11 1.490395e+01 -1.060640e+01
7.994464e+14 3.420545e-26 2.734543e-11 1.490279e+01 -1.056312e+01
7.973202e+14 3.796199e-26 3.026786e-11 1.490163e+01 -1.051902e+01
7.952053e+14 4.404196e-26 3.502240e-11 1.490048e+01 -1.045565e+01
7.931016e+14 4.961899e-26 3.935290e-11 1.489933e+01 -1.040502e+01
7.910090e+14 4.327223e-26 3.422872e-11 1.489818e+01 -1.046561e+01
7.889274e+14 4.277755e-26 3.374838e-11 1.489704e+01 -1.047175e+01
7.868567e+14 4.127814e-26 3.247998e-11 1.489590e+01 -1.048838e+01
7.847969e+14 3.418544e-26 2.682862e-11 1.489476e+01 -1.057140e+01
7.827478e+14 2.934068e-26 2.296635e-11 1.489362e+01 -1.063891e+01
7.807094e+14 3.325601e-26 2.596328e-11 1.489249e+01 -1.058564e+01
7.786816e+14 3.786713e-26 2.948644e-11 1.489136e+01 -1.053038e+01
7.766642e+14 3.735246e-26 2.901032e-11 1.489023e+01 -1.053745e+01
7.746574e+14 3.765093e-26 2.916657e-11 1.488911e+01 -1.053511e+01
7.726608e+14 3.745994e-26 2.894383e-11 1.488799e+01 -1.053844e+01
7.706746e+14 4.317082e-26 3.327065e-11 1.488687e+01 -1.047794e+01
7.686985e+14 4.821255e-26 3.706091e-11 1.488576e+01 -1.043108e+01
7.667325e+14 5.248510e-26 4.024203e-11 1.488464e+01 -1.039532e+01
7.647765e+14 4.754475e-26 3.636111e-11 1.488353e+01 -1.043936e+01
7.628305e+14 3.521099e-26 2.686002e-11 1.488243e+01 -1.057089e+01
7.608944e+14 3.891679e-26 2.961157e-11 1.488132e+01 -1.052854e+01
7.589681e+14 5.305553e-26 4.026745e-11 1.488022e+01 -1.039505e+01
7.570515e+14 4.490292e-26 3.399382e-11 1.487913e+01 -1.046860e+01
7.551446e+14 4.046643e-26 3.055801e-11 1.487803e+01 -1.051487e+01
7.532472e+14 6.325710e-26 4.764824e-11 1.487694e+01 -1.032195e+01
7.513594e+14 7.763318e-26 5.833042e-11 1.487585e+01 -1.023410e+01
7.494810e+14 8.352130e-26 6.259763e-11 1.487476e+01 -1.020344e+01
7.476120e+14 8.860378e-26 6.624124e-11 1.487368e+01 -1.017887e+01
7.457522e+14 9.104178e-26 6.789461e-11 1.487259e+01 -1.016816e+01
7.439017e+14 8.860059e-26 6.591013e-11 1.487152e+01 -1.018105e+01
7.420604e+14 8.626485e-26 6.401373e-11 1.487044e+01 -1.019373e+01
7.402281e+14 8.818284e-26 6.527542e-11 1.486937e+01 -1.018525e+01
7.384049e+14 8.420231e-26 6.217540e-11 1.486829e+01 -1.020638e+01
7.365907e+14 8.533160e-26 6.285446e-11 1.486723e+01 -1.020166e+01
7.347853e+14 9.133633e-26 6.711259e-11 1.486616e+01 -1.017320e+01
7.329888e+14 9.743589e-26 7.141941e-11 1.486510e+01 -1.014618e+01
7.312010e+14 8.949242e-26 6.543694e-11 1.486404e+01 -1.018418e+01
7.294219e+14 9.250735e-26 6.747689e-11 1.486298e+01 -1.017084e+01
7.276515e+14 9.523208e-26 6.929576e-11 1.486192e+01 -1.015929e+01
7.258896e+14 9.364830e-26 6.797832e-11 1.486087e+01 -1.016763e+01
7.241362e+14 8.821222e-26 6.387766e-11 1.485982e+01 -1.019465e+01
7.223913e+14 8.835799e-26 6.382905e-11 1.485877e+01 -1.019498e+01
7.206548e+14 9.305823e-26 6.706286e-11 1.485773e+01 -1.017352e+01
7.189266e+14 8.931297e-26 6.420947e-11 1.485668e+01 -1.019240e+01
7.172067e+14 9.010822e-26 6.462622e-11 1.485564e+01 -1.018959e+01
7.154950e+14 9.383261e-26 6.713676e-11 1.485461e+01 -1.017304e+01
7.137914e+14 9.273982e-26 6.619689e-11 1.485357e+01 -1.017916e+01
7.120960e+14 9.950009e-26 7.085361e-11 1.485254e+01 -1.014964e+01
7.104085e+14 9.238042e-26 6.562784e-11 1.485151e+01 -1.018291e+01
7.087291e+14 9.083857e-26 6.437994e-11 1.485048e+01 -1.019125e+01
7.070575e+14 1.029965e-25 7.282447e-11 1.484945e+01 -1.013772e+01
7.053939e+14 1.017365e-25 7.176429e-11 1.484843e+01 -1.014409e+01
7.037380e+14 1.030614e-25 7.252825e-11 1.484741e+01 -1.013949e+01
7.020899e+14 1.007209e-25 7.071514e-11 1.484639e+01 -1.015049e+01
7.004495e+14 1.010865e-25 7.080601e-11 1.484538e+01 -1.014993e+01
6.988168e+14 9.568499e-26 6.686628e-11 1.484436e+01 -1.017479e+01
6.971916e+14 8.786036e-26 6.125550e-11 1.484335e+01 -1.021285e+01
6.955740e+14 9.882979e-26 6.874344e-11 1.484234e+01 -1.016277e+01
6.939639e+14 1.159422e-25 8.045968e-11 1.484134e+01 -1.009442e+01
6.923612e+14 1.163922e-25 8.058544e-11 1.484033e+01 -1.009374e+01
6.907659e+14 1.239739e-25 8.563694e-11 1.483933e+01 -1.006734e+01
6.891779e+14 1.288884e-25 8.882706e-11 1.483833e+01 -1.005145e+01
6.875972e+14 1.353501e-25 9.306637e-11 1.483733e+01 -1.003121e+01
6.860238e+14 1.308995e-25 8.980015e-11 1.483634e+01 -1.004672e+01
6.844575e+14 1.170173e-25 8.009340e-11 1.483535e+01 -1.009640e+01
6.828984e+14 1.197749e-25 8.179409e-11 1.483436e+01 -1.008728e+01
6.813464e+14 1.250348e-25 8.519201e-11 1.483337e+01 -1.006960e+01
6.798014e+14 1.306787e-25 8.883555e-11 1.483238e+01 -1.005141e+01
6.782633e+14 1.422417e-25 9.647732e-11 1.483140e+01 -1.001557e+01
6.767323e+14 1.374907e-25 9.304437e-11 1.483042e+01 -1.003131e+01
6.752081e+14 1.415339e-25 9.556483e-11 1.482944e+01 -1.001970e+01
6.736908e+14 1.440638e-25 9.705444e-11 1.482846e+01 -1.001298e+01
6.721803e+14 1.343307e-25 9.029446e-11 1.482749e+01 -1.004434e+01
6.706765e+14 1.516696e-25 1.017212e-10 1.482651e+01 -9.992588e+00
6.691795e+14 1.611635e-25 1.078473e-10 1.482554e+01 -9.967191e+00
6.676891e+14 1.628232e-25 1.087153e-10 1.482457e+01 -9.963710e+00
6.662053e+14 1.658847e-25 1.105132e-10 1.482361e+01 -9.956586e+00
6.647282e+14 1.711011e-25 1.137357e-10 1.482264e+01 -9.944103e+00
6.632575e+14 1.584612e-25 1.051006e-10 1.482168e+01 -9.978395e+00
6.617934e+14 1.495770e-25 9.898909e-11 1.482072e+01 -1.000441e+01
6.603357e+14 1.622678e-25 1.071512e-10 1.481976e+01 -9.970003e+00
6.588844e+14 1.659498e-25 1.093417e-10 1.481881e+01 -9.961214e+00
6.574395e+14 1.743588e-25 1.146304e-10 1.481786e+01 -9.940700e+00
6.560009e+14 1.711830e-25 1.122962e-10 1.481690e+01 -9.949635e+00
6.545686e+14 1.727149e-25 1.130538e-10 1.481596e+01 -9.946715e+00
6.531425e+14 1.680705e-25 1.097740e-10 1.481501e+01 -9.959501e+00
6.517226e+14 1.727969e-25 1.126157e-10 1.481406e+01 -9.948401e+00
6.503089e+14 1.836005e-25 1.193971e-10 1.481312e+01 -9.923006e+00
6.489013e+14 1.884758e-25 1.223022e-10 1.481218e+01 -9.912566e+00
6.474998e+14 1.835239e-25 1.188317e-10 1.481124e+01 -9.925068e+00
6.461043e+14 1.751881e-25 1.131898e-10 1.481030e+01 -9.946193e+00
6.447148e+14 1.754655e-25 1.131252e-10 1.480937e+01 -9.946441e+00
6.433313e+14 1.805721e-25 1.161677e-10 1.480843e+01 -9.934915e+00
6.419537e+14 1.757078e-25 1.127963e-10 1.480750e+01 -9.947705e+00
6.405821e+14 1.828909e-25 1.171566e-10 1.480657e+01 -9.931233e+00
6.392162e+14 1.835708e-25 1.173414e-10 1.480565e+01 -9.930549e+00
6.378562e+14 1.803143e-25 1.150146e-10 1.480472e+01 -9.939247e+00
6.365019e+14 1.807465e-25 1.150455e-10 1.480380e+01 -9.939131e+00
6.351534e+14 1.906242e-25 1.210756e-10 1.480288e+01 -9.916943e+00
6.338106e+14 1.895042e-25 1.201097e-10 1.480196e+01 -9.920422e+00
6.324734e+14 1.975825e-25 1.249657e-10 1.480104e+01 -9.903209e+00
6.311419e+14 2.012031e-25 1.269877e-10 1.480013e+01 -9.896238e+00
6.298160e+14 1.925491e-25 1.212705e-10 1.479921e+01 -9.916245e+00
6.284956e+14 1.921397e-25 1.207590e-10 1.479830e+01 -9.918081e+00
6.271808e+14 1.987487e-25 1.246514e-10 1.479739e+01 -9.904303e+00
6.258714e+14 2.017462e-25 1.262671e-10 1.479649e+01 -9.898710e+00
6.245675e+14 2.075011e-25 1.295985e-10 1.479558e+01 -9.887400e+00
6.232690e+14 2.037039e-25 1.269623e-10 1.479468e+01 -9.896325e+00
6.219759e+14 2.076642e-25 1.291621e-10 1.479377e+01 -9.888865e+00
6.206882e+14 2.082278e-25 1.292445e-10 1.479287e+01 -9.888588e+00
6.194058e+14 2.049975e-25 1.269767e-10 1.479198e+01 -9.896276e+00
6.181287e+14 1.976796e-25 1.221915e-10 1.479108e+01 -9.912959e+00
6.168568e+14 1.872419e-25 1.155014e-10 1.479018e+01 -9.937413e+00
6.155901e+14 1.973241e-25 1.214708e-10 1.478929e+01 -9.915528e+00
6.143287e+14 1.990230e-25 1.222656e-10 1.478840e+01 -9.912696e+00
6.130724e+14 2.020959e-25 1.238994e-10 1.478751e+01 -9.906931e+00
6.118212e+14 2.149505e-25 1.315113e-10 1.478662e+01 -9.881037e+00
6.105752e+14 2.086672e-25 1.274070e-10 1.478574e+01 -9.894807e+00
6.093341e+14 2.063315e-25 1.257248e-10 1.478486e+01 -9.900579e+00
6.080982e+14 2.134851e-25 1.298199e-10 1.478397e+01 -9.886659e+00
6.068672e+14 2.189859e-25 1.328954e-10 1.478309e+01 -9.876490e+00
6.056412e+14 2.211293e-25 1.339250e-10 1.478222e+01 -9.873138e+00
6.044202e+14 2.080952e-25 1.257770e-10 1.478134e+01 -9.900399e+00
6.032040e+14 2.113523e-25 1.274885e-10 1.478046e+01 -9.894529e+00
6.019928e+14 2.128970e-25 1.281625e-10 1.477959e+01 -9.892239e+00
6.007864e+14 2.047027e-25 1.229826e-10 1.477872e+01 -9.910156e+00
5.995848e+14 2.041552e-25 1.224083e-10 1.477785e+01 -9.912189e+00
5.983880e+14 1.908204e-25 1.141847e-10 1.477698e+01 -9.942392e+00
5.971960e+14 1.995387e-25 1.191637e-10 1.477612e+01 -9.923856e+00
5.960087e+14 2.108566e-25 1.256724e-10 1.477525e+01 -9.900760e+00
5.948262e+14 2.065174e-25 1.228419e-10 1.477439e+01 -9.910653e+00
5.936483e+14 2.111701e-25 1.253608e-10 1.477353e+01 -9.901838e+00
5.924751e+14 2.261153e-25 1.339677e-10 1.477267e+01 -9.873000e+00
5.913065e+14 2.131156e-25 1.260166e-10 1.477181e+01 -9.899572e+00
5.901425e+14 2.064715e-25 1.218476e-10 1.477096e+01 -9.914183e+00
5.889831e+14 2.098807e-25 1.236162e-10 1.477010e+01 -9.907925e+00
5.878282e+14 2.076762e-25 1.220780e-10 1.476925e+01 -9.913363e+00
5.866779e+14 2.160353e-25 1.267432e-10 1.476840e+01 -9.897075e+00
5.855320e+14 2.139501e-25 1.252746e-10 1.476755e+01 -9.902137e+00
5.843906e+14 2.086858e-25 1.219540e-10 1.476670e+01 -9.913804e+00
5.832537e+14 2.109774e-25 1.230534e-10 1.476586e+01 -9.909906e+00
5.821212e+14 2.045693e-25 1.190841e-10 1.476501e+01 -9.924146e+00
5.809930e+14 1.996573e-25 1.159995e-10 1.476417e+01 -9.935544e+00
5.798692e+14 1.865758e-25 1.081895e-10 1.476333e+01 -9.965815e+00
5.787498e+14 1.850476e-25 1.070963e-10 1.476249e+01 -9.970226e+00
5.776347e+14 2.015464e-25 1.164202e-10 1.476165e+01 -9.933972e+00
5.765238e+14 2.101988e-25 1.211846e-10 1.476082e+01 -9.916553e+00
5.754173e+14 2.126523e-25 1.223638e-10 1.475998e+01 -9.912347e+00
5.743149e+14 2.267061e-25 1.302007e-10 1.475915e+01 -9.885387e+00
5.732168e+14 2.291050e-25 1.313269e-10 1.475832e+01 -9.881646e+00
5.721229e+14 2.432243e-25 1.391542e-10 1.475749e+01 -9.856504e+00
5.710331e+14 2.345531e-25 1.339376e-10 1.475666e+01 -9.873098e+00
5.699475e+14 2.318376e-25 1.321353e-10 1.475583e+01 -9.878981e+00
5.688660e+14 2.140519e-25 1.217668e-10 1.475501e+01 -9.914471e+00
5.677886e+14 2.481535e-25 1.408987e-10 1.475419e+01 -9.851093e+00
5.667153e+14 2.540169e-25 1.439553e-10 1.475336e+01 -9.841772e+00
5.656460e+14 2.617846e-25 1.480774e-10 1.475254e+01 -9.829511e+00
5.645808e+14 2.709850e-25 1.529930e-10 1.475173e+01 -9.815329e+00
5.635195e+14 2.527519e-25 1.424306e-10 1.475091e+01 -9.846397e+00
5.624623e+14 2.421199e-25 1.361833e-10 1.475009e+01 -9.865876e+00
5.614090e+14 2.545894e-25 1.429288e-10 1.474928e+01 -9.844880e+00
5.603596e+14 2.633795e-25 1.475873e-10 1.474847e+01 -9.830951e+00
5.593142e+14 2.764136e-25 1.546020e-10 1.474766e+01 -9.810785e+00
5.582726e+14 2.581635e-25 1.441256e-10 1.474685e+01 -9.841259e+00
5.572349e+14 2.697472e-25 1.503125e-10 1.474604e+01 -9.823005e+00
5.562011e+14 2.639144e-25 1.467895e-10 1.474523e+01 -9.833305e+00
5.551711e+14 2.517484e-25 1.397634e-10 1.474443e+01 -9.854606e+00
5.541449e+14 2.580687e-25 1.430075e-10 1.474362e+01 -9.844641e+00
5.531225e+14 2.714461e-25 1.501430e-10 1.474282e+01 -9.823495e+00
5.521039e+14 2.685673e-25 1.482771e-10 1.474202e+01 -9.828926e+00
5.510890e+14 2.764869e-25 1.523689e-10 1.474122e+01 -9.817104e+00
5.500778e+14 2.704802e-25 1.487851e-10 1.474042e+01 -9.827440e+00
5.490703e+14 2.698762e-25 1.481810e-10 1.473963e+01 -9.829207e+00
5.480665e+14 2.691577e-25 1.475163e-10 1.473883e+01 -9.831160e+00
5.470664e+14 2.658397e-25 1.454320e-10 1.473804e+01 -9.837340e+00
5.460699e+14 2.766069e-25 1.510467e-10 1.473725e+01 -9.820889e+00
5.450771e+14 2.787784e-25 1.519557e-10 1.473646e+01 -9.818283e+00
5.440878e+14 2.708804e-25 1.473827e-10 1.473567e+01 -9.831553e+00
5.431022e+14 2.854950e-25 1.550530e-10 1.473488e+01 -9.809520e+00
5.421201e+14 2.848916e-25 1.544455e-10 1.473410e+01 -9.811225e+00
5.411415e+14 2.931094e-25 1.586137e-10 1.473331e+01 -9.799659e+00
5.401665e+14 2.928767e-25 1.582022e-10 1.473253e+01 -9.800787e+00
5.391950e+14 2.926367e-25 1.577882e-10 1.473175e+01 -9.801925e+00
5.382269e+14 2.848716e-25 1.533256e-10 1.473097e+01 -9.814385e+00
5.372624e+14 2.878904e-25 1.546727e-10 1.473019e+01 -9.810586e+00
5.363013e+14 2.770197e-25 1.485660e-10 1.472941e+01 -9.828081e+00
5.353436e+14 2.802767e-25 1.500443e-10 1.472863e+01 -9.823780e+00
5.343893e+14 2.901877e-25 1.550732e-10 1.472786e+01 -9.809463e+00
5.334384e+14 2.939827e-25 1.568217e-10 1.472708e+01 -9.804594e+00
5.324909e+14 2.907096e-25 1.548002e-10 1.472631e+01 -9.810228e+00
5.315468e+14 2.951153e-25 1.568676e-10 1.472554e+01 -9.804467e+00
5.306060e+14 3.039722e-25 1.612895e-10 1.472477e+01 -9.792394e+00
5.296686e+14 2.988541e-25 1.582936e-10 1.472400e+01 -9.800537e+00
5.287344e+14 2.987875e-25 1.579793e-10 1.472324e+01 -9.801400e+00
5.278035e+14 3.083363e-25 1.627410e-10 1.472247e+01 -9.788503e+00
5.268759e+14 3.136849e-25 1.652730e-10 1.472171e+01 -9.781798e+00
5.259516e+14 3.100195e-25 1.630552e-10 1.472095e+01 -9.787665e+00
5.250305e+14 3.035499e-25 1.593729e-10 1.472018e+01 -9.797585e+00
5.241126e+14 3.143333e-25 1.647460e-10 1.471942e+01 -9.783185e+00
5.231979e+14 3.234655e-25 1.692365e-10 1.471867e+01 -9.771506e+00
5.222864e+14 3.265146e-25 1.705341e-10 1.471791e+01 -9.768189e+00
5.213781e+14 3.269985e-25 1.704898e-10 1.471715e+01 -9.768302e+00
5.204729e+14 3.230351e-25 1.681310e-10 1.471640e+01 -9.774352e+00
5.195709e+14 3.223736e-25 1.674959e-10 1.471564e+01 -9.775996e+00
5.186720e+14 3.185493e-25 1.652226e-10 1.471489e+01 -9.781931e+00
5.177762e+14 3.245733e-25 1.680563e-10 1.471414e+01 -9.774545e+00
5.168834e+14 3.330236e-25 1.721344e-10 1.471339e+01 -9.764132e+00
5.159938e+14 3.300047e-25 1.702804e-10 1.471264e+01 -9.768835e+00
5.151072e+14 3.378892e-25 1.740491e-10 1.471190e+01 -9.759328e+00
5.142237e+14 3.408331e-25 1.752644e-10 1.471115e+01 -9.756306e+00
5.133432e+14 3.366794e-25 1.728320e-10 1.471041e+01 -9.762376e+00
5.124656e+14 3.385111e-25 1.734753e-10 1.470966e+01 -9.760762e+00
5.115911e+14 3.267083e-25 1.671411e-10 1.470892e+01 -9.776917e+00
5.107196e+14 3.197561e-25 1.633057e-10 1.470818e+01 -9.786999e+00
5.098510e+14 3.098106e-25 1.579572e-10 1.470744e+01 -9.801460e+00
5.089854e+14 3.130880e-25 1.593572e-10 1.470671e+01 -9.797628e+00
5.081227e+14 3.087587e-25 1.568873e-10 1.470597e+01 -9.804412e+00
5.072629e+14 3.161130e-25 1.603524e-10 1.470523e+01 -9.794924e+00
5.064061e+14 3.297175e-25 1.669710e-10 1.470450e+01 -9.777359e+00
5.055521e+14 3.290709e-25 1.663625e-10 1.470377e+01 -9.778945e+00
5.047010e+14 3.386078e-25 1.708957e-10 1.470303e+01 -9.767269e+00
5.038528e+14 3.350886e-25 1.688353e-10 1.470230e+01 -9.772537e+00
5.030074e+14 3.400229e-25 1.710340e-10 1.470157e+01 -9.766917e+00
5.021648e+14 3.404175e-25 1.709457e-10 1.470085e+01 -9.767142e+00
5.013251e+14 3.462247e-25 1.735711e-10 1.470012e+01 -9.760523e+00
5.004881e+14 3.458788e-25 1.731083e-10 1.469939e+01 -9.761682e+00
4.996540e+14 3.435958e-25 1.716790e-10 1.469867e+01 -9.765283e+00
4.988226e+14 3.431852e-25 1.711885e-10 1.469795e+01 -9.766525e+00
4.979940e+14 3.518851e-25 1.752367e-10 1.469722e+01 -9.756375e+00
4.971682e+14 3.536058e-25 1.758016e-10 1.469650e+01 -9.754977e+00
4.963450e+14 3.565221e-25 1.769580e-10 1.469578e+01 -9.752130e+00
4.955246e+14 3.614985e-25 1.791314e-10 1.469507e+01 -9.746828e+00
4.947069e+14 3.608122e-25 1.784963e-10 1.469435e+01 -9.748371e+00
4.938919e+14 3.665108e-25 1.810167e-10 1.469363e+01 -9.742281e+00
4.930796e+14 3.663844e-25 1.806567e-10 1.469292e+01 -9.743146e+00
4.922700e+14 3.632269e-25 1.788057e-10 1.469220e+01 -9.747619e+00
4.914630e+14 3.620366e-25 1.779276e-10 1.469149e+01 -9.749757e+00
4.906586e+14 3.654860e-25 1.793289e-10 1.469078e+01 -9.746350e+00
4.898569e+14 3.618402e-25 1.772499e-10 1.469007e+01 -9.751414e+00
4.890577e+14 3.623233e-25 1.771970e-10 1.468936e+01 -9.751544e+00
4.882612e+14 3.620571e-25 1.767784e-10 1.468865e+01 -9.752571e+00
4.874673e+14 3.603734e-25 1.756703e-10 1.468795e+01 -9.755302e+00
4.866760e+14 3.498322e-25 1.702549e-10 1.468724e+01 -9.768900e+00
4.858872e+14 3.468446e-25 1.685274e-10 1.468654e+01 -9.773330e+00
4.851010e+14 3.471690e-25 1.684120e-10 1.468583e+01 -9.773627e+00
4.843173e+14 3.482488e-25 1.686629e-10 1.468513e+01 -9.772980e+00
4.835361e+14 3.560919e-25 1.721833e-10 1.468443e+01 -9.764009e+00
4.827575e+14 3.533780e-25 1.705959e-10 1.468373e+01 -9.768031e+00
4.819814e+14 3.443313e-25 1.659613e-10 1.468303e+01 -9.779993e+00
4.812077e+14 3.436760e-25 1.653795e-10 1.468233e+01 -9.781518e+00
4.804365e+14 3.449616e-25 1.657322e-10 1.468164e+01 -9.780593e+00
4.796678e+14 3.471147e-25 1.664998e-10 1.468094e+01 -9.778586e+00
4.789016e+14 3.448026e-25 1.651265e-10 1.468025e+01 -9.782183e+00
4.781378e+14 3.551561e-25 1.698135e-10 1.467955e+01 -9.770028e+00
4.773764e+14 3.610679e-25 1.723653e-10 1.467886e+01 -9.763550e+00
4.766175e+14 3.649841e-25 1.739578e-10 1.467817e+01 -9.759556e+00
4.758610e+14 3.701219e-25 1.761266e-10 1.467748e+01 -9.754175e+00
4.751068e+14 3.738025e-25 1.775961e-10 1.467679e+01 -9.750567e+00
4.743551e+14 3.734062e-25 1.771271e-10 1.467610e+01 -9.751715e+00
4.736057e+14 3.758491e-25 1.780043e-10 1.467542e+01 -9.749570e+00
4.728587e+14 3.777868e-25 1.786398e-10 1.467473e+01 -9.748022e+00
4.721140e+14 3.816569e-25 1.801856e-10 1.467405e+01 -9.744280e+00
4.713717e+14 3.862527e-25 1.820686e-10 1.467336e+01 -9.739765e+00
4.706317e+14 3.893118e-25 1.832225e-10 1.467268e+01 -9.737021e+00
4.698940e+14 3.955614e-25 1.858719e-10 1.467200e+01 -9.730786e+00
4.691587e+14 3.901906e-25 1.830613e-10 1.467132e+01 -9.737403e+00
4.684256e+14 3.942757e-25 1.846889e-10 1.467064e+01 -9.733559e+00
4.676949e+14 3.968012e-25 1.855819e-10 1.466996e+01 -9.731464e+00
4.669664e+14 3.959756e-25 1.849073e-10 1.466929e+01 -9.733046e+00
4.662401e+14 3.996183e-25 1.863181e-10 1.466861e+01 -9.729745e+00
4.655161e+14 4.052105e-25 1.886320e-10 1.466793e+01 -9.724385e+00
4.647944e+14 4.048221e-25 1.881591e-10 1.466726e+01 -9.725475e+00
4.640749e+14 4.066617e-25 1.887215e-10 1.466659e+01 -9.724179e+00
4.633577e+14 4.091896e-25 1.896011e-10 1.466592e+01 -9.722159e+00
4.626426e+14 4.105044e-25 1.899168e-10 1.466525e+01 -9.721437e+00
4.619297e+14 4.045595e-25 1.868781e-10 1.466458e+01 -9.728442e+00
4.612191e+14 4.076283e-25 1.880059e-10 1.466391e+01 -9.725828e+00
4.605106e+14 4.192512e-25 1.930696e-10 1.466324e+01 -9.714286e+00
4.598043e+14 4.222239e-25 1.941404e-10 1.466257e+01 -9.711884e+00
4.591002e+14 4.279411e-25 1.964678e-10 1.466191e+01 -9.706709e+00
4.583982e+14 4.267116e-25 1.956038e-10 1.466124e+01 -9.708623e+00
4.576983e+14 4.190214e-25 1.917854e-10 1.466058e+01 -9.717184e+00
4.570006e+14 4.059643e-25 1.855259e-10 1.465992e+01 -9.731595e+00
4.563050e+14 4.130862e-25 1.884933e-10 1.465926e+01 -9.724704e+00
4.556116e+14 4.182787e-25 1.905726e-10 1.465859e+01 -9.719939e+00
4.549202e+14 4.167686e-25 1.895964e-10 1.465794e+01 -9.722170e+00
4.542309e+14 4.224492e-25 1.918895e-10 1.465728e+01 -9.716949e+00
4.535437e+14 4.256135e-25 1.930343e-10 1.465662e+01 -9.714365e+00
4.528586e+14 4.209802e-25 1.906445e-10 1.465596e+01 -9.719776e+00
4.521756e+14 4.138550e-25 1.871351e-10 1.465531e+01 -9.727845e+00
4.514946e+14 4.237845e-25 1.913364e-10 1.465465e+01 -9.718202e+00
4.508156e+14 4.170769e-25 1.880248e-10 1.465400e+01 -9.725785e+00
4.501387e+14 4.162137e-25 1.873539e-10 1.465335e+01 -9.727337e+00
4.494639e+14 4.150805e-25 1.865637e-10 1.465269e+01 -9.729173e+00
4.487910e+14 4.122194e-25 1.850004e-10 1.465204e+01 -9.732827e+00
4.481202e+14 4.190333e-25 1.877773e-10 1.465139e+01 -9.726357e+00
4.474513e+14 4.157374e-25 1.860222e-10 1.465075e+01 -9.730435e+00
4.467845e+14 4.164024e-25 1.860421e-10 1.465010e+01 -9.730389e+00
4.461196e+14 4.138567e-25 1.846296e-10 1.464945e+01 -9.733699e+00
4.454568e+14 4.189411e-25 1.866201e-10 1.464881e+01 -9.729041e+00
4.447958e+14 4.191286e-25 1.864267e-10 1.464816e+01 -9.729492e+00
4.441369e+14 4.209571e-25 1.869626e-10 1.464752e+01 -9.728245e+00
4.434799e+14 4.218859e-25 1.870979e-10 1.464687e+01 -9.727931e+00
4.428248e+14 4.310371e-25 1.908739e-10 1.464623e+01 -9.719253e+00
4.421717e+14 4.304371e-25 1.903271e-10 1.464559e+01 -9.720499e+00
4.415205e+14 4.260147e-25 1.880942e-10 1.464495e+01 -9.725625e+00
4.408712e+14 4.270550e-25 1.882762e-10 1.464431e+01 -9.725204e+00
4.402238e+14 4.321478e-25 1.902417e-10 1.464367e+01 -9.720694e+00
4.395783e+14 4.383486e-25 1.926885e-10 1.464304e+01 -9.715144e+00
4.389347e+14 4.364831e-25 1.915876e-10 1.464240e+01 -9.717633e+00
4.382930e+14 4.439754e-25 1.945913e-10 1.464176e+01 -9.710877e+00
4.376531e+14 4.386605e-25 1.919811e-10 1.464113e+01 -9.716741e+00
4.370152e+14 4.276622e-25 1.868949e-10 1.464050e+01 -9.728403e+00
4.363790e+14 4.344081e-25 1.895666e-10 1.463986e+01 -9.722238e+00
4.357448e+14 4.385410e-25 1.910919e-10 1.463923e+01 -9.718758e+00
4.351123e+14 4.389872e-25 1.910088e-10 1.463860e+01 -9.718947e+00
4.344817e+14 4.507449e-25 1.958404e-10 1.463797e+01 -9.708098e+00
4.338530e+14 4.444319e-25 1.928181e-10 1.463734e+01 -9.714852e+00
4.332260e+14 4.457749e-25 1.931213e-10 1.463671e+01 -9.714170e+00
4.326009e+14 4.512042e-25 1.951913e-10 1.463609e+01 -9.709539e+00
4.319775e+14 4.559299e-25 1.969515e-10 1.463546e+01 -9.705641e+00
4.313560e+14 4.555004e-25 1.964828e-10 1.463484e+01 -9.706675e+00
4.307362e+14 4.615524e-25 1.988073e-10 1.463421e+01 -9.701568e+00
4.301182e+14 4.599934e-25 1.978515e-10 1.463359e+01 -9.703661e+00
4.295020e+14 4.525171e-25 1.943570e-10 1.463297e+01 -9.711400e+00
4.288876e+14 4.527331e-25 1.941716e-10 1.463234e+01 -9.711814e+00
4.282749e+14 4.646467e-25 1.989965e-10 1.463172e+01 -9.701155e+00
4.276639e+14 4.656317e-25 1.991339e-10 1.463110e+01 -9.700855e+00
4.270547e+14 4.625407e-25 1.975302e-10 1.463048e+01 -9.704367e+00
4.264472e+14 4.778494e-25 2.037776e-10 1.462987e+01 -9.690844e+00
4.258415e+14 4.792676e-25 2.040920e-10 1.462925e+01 -9.690174e+00
4.252374e+14 4.846831e-25 2.061054e-10 1.462863e+01 -9.685911e+00
4.246351e+14 4.628332e-25 1.965353e-10 1.462802e+01 -9.706560e+00
4.240345e+14 4.615832e-25 1.957272e-10 1.462740e+01 -9.708349e+00
4.234356e+14 4.718242e-25 1.997872e-10 1.462679e+01 -9.699432e+00
4.228384e+14 4.567614e-25 1.931363e-10 1.462617e+01 -9.714136e+00
4.222428e+14 4.550558e-25 1.921441e-10 1.462556e+01 -9.716373e+00
4.216489e+14 4.608142e-25 1.943018e-10 1.462495e+01 -9.711523e+00
4.210567e+14 4.596901e-25 1.935556e-10 1.462434e+01 -9.713194e+00
4.204662e+14 4.430973e-25 1.863074e-10 1.462373e+01 -9.729770e+00
4.198773e+14 4.342451e-25 1.823297e-10 1.462312e+01 -9.739143e+00
4.192901e+14 4.441573e-25 1.862307e-10 1.462251e+01 -9.729949e+00
4.187045e+14 4.632572e-25 1.939679e-10 1.462191e+01 -9.712270e+00
4.181205e+14 4.577249e-25 1.913842e-10 1.462130e+01 -9.718094e+00
4.175382e+14 4.591226e-25 1.917012e-10 1.462070e+01 -9.717375e+00
4.169574e+14 4.522121e-25 1.885532e-10 1.462009e+01 -9.724566e+00
4.163783e+14 4.534709e-25 1.888155e-10 1.461949e+01 -9.723962e+00
4.158008e+14 4.539442e-25 1.887504e-10 1.461889e+01 -9.724112e+00
4.152249e+14 4.665601e-25 1.937274e-10 1.461828e+01 -9.712809e+00
4.146506e+14 4.690713e-25 1.945007e-10 1.461768e+01 -9.711079e+00
4.140779e+14 4.736671e-25 1.961351e-10 1.461708e+01 -9.707445e+00
4.135068e+14 4.611381e-25 1.906837e-10 1.461648e+01 -9.719686e+00
4.129372e+14 4.700248e-25 1.940907e-10 1.461588e+01 -9.711995e+00
4.123692e+14 4.801866e-25 1.980142e-10 1.461529e+01 -9.703304e+00
4.118027e+14 4.740998e-25 1.952356e-10 1.461469e+01 -9.709441e+00
4.112379e+14 4.833895e-25 1.987881e-10 1.461409e+01 -9.701610e+00
4.106745e+14 4.843441e-25 1.989078e-10 1.461350e+01 -9.701348e+00
4.101127e+14 4.973127e-25 2.039542e-10 1.461290e+01 -9.690467e+00
4.095525e+14 4.937430e-25 2.022137e-10 1.461231e+01 -9.694189e+00
4.089937e+14 5.026039e-25 2.055618e-10 1.461172e+01 -9.687058e+00
4.084365e+14 5.023444e-25 2.051758e-10 1.461112e+01 -9.687874e+00
4.078808e+14 4.950923e-25 2.019386e-10 1.461053e+01 -9.694781e+00
4.073266e+14 4.982073e-25 2.029331e-10 1.460994e+01 -9.692647e+00
4.067739e+14 5.038648e-25 2.049591e-10 1.460935e+01 -9.688333e+00
4.062228e+14 5.174150e-25 2.101858e-10 1.460876e+01 -9.677397e+00
4.056731e+14 5.149374e-25 2.088962e-10 1.460818e+01 -9.680069e+00
4.051249e+14 5.195215e-25 2.104711e-10 1.460759e+01 -9.676808e+00
4.045781e+14 5.245726e-25 2.122306e-10 1.460700e+01 -9.673192e+00
4.040329e+14 5.444609e-25 2.199801e-10 1.460642e+01 -9.657617e+00
4.034891e+14 5.360900e-25 2.163065e-10 1.460583e+01 -9.664931e+00
4.029468e+14 5.295380e-25 2.133756e-10 1.460525e+01 -9.670855e+00
4.024059e+14 5.357471e-25 2.155878e-10 1.460466e+01 -9.666376e+00
4.018665e+14 5.270727e-25 2.118129e-10 1.460408e+01 -9.674048e+00
4.013285e+14 5.442178e-25 2.184101e-10 1.460350e+01 -9.660727e+00
4.007920e+14 5.538884e-25 2.219940e-10 1.460292e+01 -9.653659e+00
4.002569e+14 5.449139e-25 2.181055e-10 1.460234e+01 -9.661333e+00
3.997232e+14 5.459112e-25 2.182134e-10 1.460176e+01 -9.661119e+00
3.991909e+14 5.628737e-25 2.246941e-10 1.460118e+01 -9.648408e+00
3.986601e+14 5.615410e-25 2.238640e-10 1.460060e+01 -9.650016e+00
3.981307e+14 5.510138e-25 2.193755e-10 1.460003e+01 -9.658812e+00
3.976027e+14 5.676446e-25 2.256970e-10 1.459945e+01 -9.646474e+00
3.970760e+14 5.718075e-25 2.270510e-10 1.459887e+01 -9.643877e+00
3.965508e+14 5.744551e-25 2.278006e-10 1.459830e+01 -9.642445e+00
3.960269e+14 5.679650e-25 2.249294e-10 1.459772e+01 -9.647954e+00
3.955045e+14 5.409531e-25 2.139494e-10 1.459715e+01 -9.669689e+00
3.949834e+14 5.170138e-25 2.042119e-10 1.459658e+01 -9.689919e+00
3.944637e+14 4.937501e-25 1.947665e-10 1.459601e+01 -9.710486e+00
3.939453e+14 5.097575e-25 2.008166e-10 1.459544e+01 -9.697200e+00
3.934283e+14 5.499242e-25 2.163558e-10 1.459487e+01 -9.664832e+00
3.929127e+14 5.333965e-25 2.095783e-10 1.459430e+01 -9.678654e+00
3.923984e+14 5.340476e-25 2.095594e-10 1.459373e+01 -9.678693e+00
3.918855e+14 5.444456e-25 2.133603e-10 1.459316e+01 -9.670886e+00
3.913739e+14 5.284398e-25 2.068176e-10 1.459259e+01 -9.684413e+00
3.908636e+14 5.303687e-25 2.073018e-10 1.459203e+01 -9.683397e+00
3.903547e+14 5.211024e-25 2.034148e-10 1.459146e+01 -9.691617e+00
3.898471e+14 5.216337e-25 2.033574e-10 1.459089e+01 -9.691740e+00
3.893408e+14 5.249942e-25 2.044017e-10 1.459033e+01 -9.689516e+00
3.888358e+14 5.313446e-25 2.066058e-10 1.458977e+01 -9.684857e+00
3.883321e+14 5.386947e-25 2.091925e-10 1.458920e+01 -9.679454e+00
3.878298e+14 5.468432e-25 2.120821e-10 1.458864e+01 -9.673496e+00
3.873287e+14 5.568430e-25 2.156812e-10 1.458808e+01 -9.666188e+00
3.868289e+14 5.443589e-25 2.105738e-10 1.458752e+01 -9.676596e+00
3.863304e+14 5.527094e-25 2.135285e-10 1.458696e+01 -9.670544e+00
3.858332e+14 5.608866e-25 2.164087e-10 1.458640e+01 -9.664725e+00
3.853373e+14 5.461136e-25 2.104379e-10 1.458584e+01 -9.676876e+00
3.848426e+14 5.637778e-25 2.169657e-10 1.458528e+01 -9.663609e+00
3.843492e+14 5.654388e-25 2.173260e-10 1.458473e+01 -9.662888e+00
3.838571e+14 5.676712e-25 2.179046e-10 1.458417e+01 -9.661734e+00
3.833662e+14 5.590811e-25 2.143328e-10 1.458361e+01 -9.668911e+00
3.828766e+14 5.509415e-25 2.109426e-10 1.458306e+01 -9.675836e+00
3.823883e+14 5.454041e-25 2.085561e-10 1.458250e+01 -9.680777e+00
3.819011e+14 5.503139e-25 2.101655e-10 1.458195e+01 -9.677439e+00
3.814153e+14 5.476146e-25 2.088686e-10 1.458140e+01 -9.680127e+00
3.809306e+14 5.672635e-25 2.160880e-10 1.458085e+01 -9.665369e+00
3.804472e+14 5.527197e-25 2.102807e-10 1.458029e+01 -9.677201e+00
3.799650e+14 5.604327e-25 2.129448e-10 1.457974e+01 -9.671733e+00
3.794841e+14 5.355355e-25 2.032272e-10 1.457919e+01 -9.692018e+00
3.790043e+14 5.407552e-25 2.049485e-10 1.457864e+01 -9.688355e+00
3.785258e+14 5.421233e-25 2.052076e-10 1.457810e+01 -9.687806e+00
3.780484e+14 5.594632e-25 2.115042e-10 1.457755e+01 -9.674681e+00
3.775723e+14 5.376675e-25 2.030083e-10 1.457700e+01 -9.692486e+00
3.770974e+14 5.453546e-25 2.056518e-10 1.457645e+01 -9.686868e+00
3.766236e+14 5.617851e-25 2.115815e-10 1.457591e+01 -9.674522e+00
3.761511e+14 5.737052e-25 2.157998e-10 1.457536e+01 -9.665949e+00
3.756797e+14 5.653535e-25 2.123918e-10 1.457482e+01 -9.672862e+00
3.752095e+14 5.600780e-25 2.101466e-10 1.457427e+01 -9.677478e+00
3.747405e+14 5.711731e-25 2.140417e-10 1.457373e+01 -9.669502e+00
3.742727e+14 5.792540e-25 2.167990e-10 1.457319e+01 -9.663943e+00
3.738060e+14 5.778540e-25 2.160053e-10 1.457265e+01 -9.665536e+00
3.733405e+14 5.752396e-25 2.147602e-10 1.457211e+01 -9.668046e+00
3.728761e+14 5.785558e-25 2.157297e-10 1.457156e+01 -9.666090e+00
3.724129e+14 5.627840e-25 2.095880e-10 1.457102e+01 -9.678634e+00
3.719509e+14 5.894597e-25 2.192501e-10 1.457049e+01 -9.659060e+00
3.714900e+14 5.846264e-25 2.171828e-10 1.456995e+01 -9.663175e+00
3.710302e+14 5.855438e-25 2.172544e-10 1.456941e+01 -9.663031e+00
3.705716e+14 5.899675e-25 2.186252e-10 1.456887e+01 -9.660300e+00
3.701141e+14 5.808794e-25 2.149916e-10 1.456834e+01 -9.667578e+00
3.696577e+14 5.911259e-25 2.185142e-10 1.456780e+01 -9.660520e+00
3.692025e+14 5.938135e-25 2.192374e-10 1.456726e+01 -9.659085e+00
3.687483e+14 5.990499e-25 2.208987e-10 1.456673e+01 -9.655807e+00
3.682953e+14 6.151131e-25 2.265433e-10 1.456620e+01 -9.644849e+00
3.678434e+14 6.013045e-25 2.211859e-10 1.456566e+01 -9.655243e+00
3.673926e+14 6.130976e-25 2.252475e-10 1.456513e+01 -9.647340e+00
3.669430e+14 6.048036e-25 2.219284e-10 1.456460e+01 -9.653787e+00
3.664944e+14 6.086235e-25 2.230571e-10 1.456407e+01 -9.651584e+00
3.660469e+14 6.385553e-25 2.337412e-10 1.456354e+01 -9.631265e+00
3.656005e+14 6.270344e-25 2.292441e-10 1.456301e+01 -9.639702e+00
3.651552e+14 6.130174e-25 2.238465e-10 1.456248e+01 -9.650050e+00
3.647109e+14 6.214384e-25 2.266454e-10 1.456195e+01 -9.644653e+00
3.642678e+14 6.143508e-25 2.237882e-10 1.456142e+01 -9.650163e+00
3.638257e+14 6.273927e-25 2.282616e-10 1.456089e+01 -9.641567e+00
3.633847e+14 6.317708e-25 2.295759e-10 1.456037e+01 -9.639074e+00
3.629448e+14 6.316342e-25 2.292484e-10 1.455984e+01 -9.639694e+00
3.625059e+14 6.380246e-25 2.312877e-10 1.455932e+01 -9.635847e+00
3.620681e+14 6.525867e-25 2.362808e-10 1.455879e+01 -9.626571e+00
3.616314e+14 6.093308e-25 2.203531e-10 1.455827e+01 -9.656881e+00
3.611957e+14 6.161786e-25 2.225610e-10 1.455774e+01 -9.652551e+00
3.607610e+14 6.018164e-25 2.171119e-10 1.455722e+01 -9.663316e+00
3.603274e+14 6.033464e-25 2.174022e-10 1.455670e+01 -9.662736e+00
3.598948e+14 6.389902e-25 2.299693e-10 1.455618e+01 -9.638330e+00
3.594633e+14 6.007407e-25 2.159442e-10 1.455565e+01 -9.665658e+00
3.590328e+14 6.238685e-25 2.239893e-10 1.455513e+01 -9.649773e+00
3.586033e+14 6.165707e-25 2.211043e-10 1.455461e+01 -9.655403e+00
3.581749e+14 6.454682e-25 2.311905e-10 1.455410e+01 -9.636030e+00
3.577475e+14 6.105255e-25 2.184140e-10 1.455358e+01 -9.660720e+00
3.573211e+14 6.000111e-25 2.143966e-10 1.455306e+01 -9.668782e+00
3.568957e+14 6.238001e-25 2.226316e-10 1.455254e+01 -9.652413e+00
3.564713e+14 6.318778e-25 2.252463e-10 1.455202e+01 -9.647342e+00
3.560480e+14 6.211580e-25 2.211621e-10 1.455151e+01 -9.655289e+00
3.556256e+14 6.314097e-25 2.245455e-10 1.455099e+01 -9.648696e+00
3.552043e+14 6.280956e-25 2.231022e-10 1.455048e+01 -9.651496e+00
3.547839e+14 6.219323e-25 2.206516e-10 1.454996e+01 -9.656293e+00
3.543645e+14 6.097315e-25 2.160672e-10 1.454945e+01 -9.665411e+00
3.539462e+14 6.066608e-25 2.147253e-10 1.454894e+01 -9.668117e+00
3.535288e+14 6.297909e-25 2.226492e-10 1.454842e+01 -9.652379e+00
3.531124e+14 6.124681e-25 2.162701e-10 1.454791e+01 -9.665004e+00
3.526969e+14 5.794876e-25 2.043835e-10 1.454740e+01 -9.689554e+00
3.522825e+14 5.973874e-25 2.104491e-10 1.454689e+01 -9.676853e+00
3.518690e+14 6.080941e-25 2.139695e-10 1.454638e+01 -9.669648e+00
3.514565e+14 6.146081e-25 2.160080e-10 1.454587e+01 -9.665530e+00
3.510450e+14 5.736546e-25 2.013786e-10 1.454536e+01 -9.695987e+00
3.506344e+14 6.254986e-25 2.193213e-10 1.454485e+01 -9.658919e+00
3.502248e+14 6.249140e-25 2.188604e-10 1.454435e+01 -9.659833e+00
3.498161e+14 6.471657e-25 2.263890e-10 1.454384e+01 -9.645145e+00
3.494084e+14 6.403583e-25 2.237466e-10 1.454333e+01 -9.650244e+00
3.490016e+14 6.530265e-25 2.279073e-10 1.454283e+01 -9.642242e+00
3.485958e+14 6.370576e-25 2.220756e-10 1.454232e+01 -9.653499e+00
3.481909e+14 6.379355e-25 2.221233e-10 1.454182e+01 -9.653406e+00
3.477870e+14 6.580285e-25 2.288538e-10 1.454131e+01 -9.640442e+00
3.473840e+14 6.398615e-25 2.222776e-10 1.454081e+01 -9.653104e+00
3.469819e+14 6.450846e-25 2.238327e-10 1.454031e+01 -9.650076e+00
3.465808e+14 6.409131e-25 2.221282e-10 1.453980e+01 -9.653396e+00
3.461806e+14 6.040425e-25 2.091078e-10 1.453930e+01 -9.679630e+00
3.457813e+14 6.381884e-25 2.206736e-10 1.453880e+01 -9.656250e+00
3.453829e+14 6.537922e-25 2.258087e-10 1.453830e+01 -9.646259e+00
3.449855e+14 6.418399e-25 2.214255e-10 1.453780e+01 -9.654772e+00
3.445890e+14 6.759424e-25 2.329223e-10 1.453730e+01 -9.632789e+00
3.441933e+14 6.831533e-25 2.351368e-10 1.453680e+01 -9.628679e+00
3.437986e+14 6.893290e-25 2.369904e-10 1.453630e+01 -9.625269e+00
3.434048e+14 6.973921e-25 2.394878e-10 1.453581e+01 -9.620717e+00
3.430119e+14 6.982788e-25 2.395179e-10 1.453531e+01 -9.620662e+00
3.426199e+14 6.869450e-25 2.353610e-10 1.453481e+01 -9.628265e+00
3.422288e+14 6.842251e-25 2.341615e-10 1.453432e+01 -9.630484e+00
3.418385e+14 6.864154e-25 2.346432e-10 1.453382e+01 -9.629592e+00
3.414492e+14 6.875326e-25 2.347575e-10 1.453333e+01 -9.629381e+00
3.338445e+14 7.061542e-25 2.357457e-10 1.452354e+01 -9.627556e+00
3.265712e+14 7.440457e-25 2.429839e-10 1.451398e+01 -9.614422e+00
3.196081e+14 7.525275e-25 2.405139e-10 1.450462e+01 -9.618860e+00
3.129357e+14 7.897715e-25 2.471477e-10 1.449546e+01 -9.607043e+00
3.065362e+14 8.118377e-25 2.488576e-10 1.448648e+01 -9.604049e+00
3.003932e+14 8.338944e-25 2.504962e-10 1.447769e+01 -9.601199e+00
2.944916e+14 8.651167e-25 2.547696e-10 1.446907e+01 -9.593852e+00
2.888173e+14 8.858878e-25 2.558597e-10 1.446062e+01 -9.591998e+00
2.833577e+14 9.054894e-25 2.565774e-10 1.445233e+01 -9.590782e+00
2.781006e+14 9.338197e-25 2.596958e-10 1.444420e+01 -9.585535e+00
2.730350e+14 9.390169e-25 2.563844e-10 1.443622e+01 -9.591108e+00
2.681506e+14 9.499481e-25 2.547292e-10 1.442838e+01 -9.593921e+00
2.634380e+14 9.659850e-25 2.544771e-10 1.442068e+01 -9.594351e+00
2.588881e+14 9.807104e-25 2.538942e-10 1.441311e+01 -9.595347e+00
2.544927e+14 9.935403e-25 2.528487e-10 1.440568e+01 -9.597139e+00
2.502441e+14 1.000980e-24 2.504892e-10 1.439836e+01 -9.601211e+00
2.461350e+14 1.028113e-24 2.530546e-10 1.439117e+01 -9.596786e+00
2.421586e+14 1.037694e-24 2.512865e-10 1.438410e+01 -9.599831e+00
2.383087e+14 1.035727e-24 2.468228e-10 1.437714e+01 -9.607615e+00
2.345793e+14 1.045709e-24 2.453017e-10 1.437029e+01 -9.610299e+00
2.309649e+14 1.069470e-24 2.470100e-10 1.436355e+01 -9.607286e+00
2.274601e+14 1.097824e-24 2.497113e-10 1.435691e+01 -9.602562e+00
2.240601e+14 1.106369e-24 2.478931e-10 1.435036e+01 -9.605736e+00
2.207602e+14 1.091998e-24 2.410698e-10 1.434392e+01 -9.617857e+00
2.175562e+14 1.115552e-24 2.426952e-10 1.433757e+01 -9.614939e+00
2.144438e+14 1.108325e-24 2.376735e-10 1.433131e+01 -9.624019e+00
2.114192e+14 1.098570e-24 2.322587e-10 1.432514e+01 -9.634028e+00
2.084787e+14 1.119901e-24 2.334755e-10 1.431906e+01 -9.631759e+00
2.056189e+14 1.129972e-24 2.323437e-10 1.431306e+01 -9.633869e+00
2.028365e+14 1.169075e-24 2.371310e-10 1.430715e+01 -9.625012e+00
2.001284e+14 1.189949e-24 2.381426e-10 1.430131e+01 -9.623163e+00
1.974917e+14 1.245826e-24 2.460403e-10 1.429555e+01 -9.608994e+00
1.949235e+14 1.252692e-24 2.441792e-10 1.428986e+01 -9.612291e+00
1.924213e+14 1.273890e-24 2.451236e-10 1.428425e+01 -9.610615e+00
1.899825e+14 1.312318e-24 2.493174e-10 1.427871e+01 -9.603247e+00
1.876048e+14 1.363345e-24 2.557700e-10 1.427324e+01 -9.592150e+00
1.852858e+14 1.364748e-24 2.528684e-10 1.426784e+01 -9.597105e+00
1.830234e+14 1.351812e-24 2.474133e-10 1.426251e+01 -9.606577e+00
1.808157e+14 1.386306e-24 2.506658e-10 1.425724e+01 -9.600905e+00
1.786605e+14 1.415688e-24 2.529277e-10 1.425203e+01 -9.597004e+00
1.765562e+14 1.400599e-24 2.472844e-10 1.424688e+01 -9.606803e+00
1.745008e+14 1.391840e-24 2.428771e-10 1.424180e+01 -9.614613e+00
1.724928e+14 1.368484e-24 2.360536e-10 1.423677e+01 -9.626989e+00
1.705304e+14 1.342556e-24 2.289466e-10 1.423180e+01 -9.640266e+00
1.686121e+14 1.318773e-24 2.223612e-10 1.422689e+01 -9.652941e+00
1.667366e+14 1.269146e-24 2.116131e-10 1.422203e+01 -9.674457e+00
1.649023e+14 1.287142e-24 2.122527e-10 1.421723e+01 -9.673147e+00
1.631079e+14 1.242812e-24 2.027125e-10 1.421248e+01 -9.693119e+00
1.613522e+14 1.226171e-24 1.978455e-10 1.420777e+01 -9.703674e+00
1.596339e+14 1.219432e-24 1.946626e-10 1.420313e+01 -9.710718e+00
1.579517e+14 1.209872e-24 1.911014e-10 1.419852e+01 -9.718736e+00
1.563047e+14 1.175936e-24 1.838043e-10 1.419397e+01 -9.735644e+00
1.546916e+14 1.158147e-24 1.791557e-10 1.418947e+01 -9.746769e+00
1.531115e+14 1.145106e-24 1.753290e-10 1.418501e+01 -9.756146e+00
1.515634e+14 1.124864e-24 1.704882e-10 1.418059e+01 -9.768306e+00
1.500462e+14 1.108663e-24 1.663507e-10 1.417623e+01 -9.778975e+00
1.485592e+14 1.112468e-24 1.652673e-10 1.417190e+01 -9.781813e+00
1.471013e+14 1.091565e-24 1.605707e-10 1.416762e+01 -9.794334e+00
1.456717e+14 1.091386e-24 1.589840e-10 1.416338e+01 -9.798647e+00
1.442697e+14 1.059883e-24 1.529090e-10 1.415918e+01 -9.815567e+00
1.428944e+14 1.072179e-24 1.532084e-10 1.415502e+01 -9.814718e+00
1.415450e+14 1.065544e-24 1.508225e-10 1.415089e+01 -9.821534e+00
1.402210e+14 1.050085e-24 1.472440e-10 1.414681e+01 -9.831962e+00
1.389214e+14 1.037816e-24 1.441748e-10 1.414277e+01 -9.841111e+00
1.376457e+14 1.035590e-24 1.425445e-10 1.413876e+01 -9.846050e+00
1.363933e+14 1.025430e-24 1.398618e-10 1.413479e+01 -9.854301e+00
1.351634e+14 1.016095e-24 1.373388e-10 1.413086e+01 -9.862207e+00
1.339555e+14 9.994933e-25 1.338876e-10 1.412696e+01 -9.873260e+00
1.327690e+14 9.948670e-25 1.320875e-10 1.412310e+01 -9.879138e+00
1.316033e+14 9.865746e-25 1.298365e-10 1.411927e+01 -9.886603e+00
1.304580e+14 8.969328e-25 1.170120e-10 1.411547e+01 -9.931769e+00
1.293324e+14 8.619124e-25 1.114732e-10 1.411171e+01 -9.952830e+00
1.282260e+14 8.405534e-25 1.077808e-10 1.410798e+01 -9.967459e+00
1.271384e+14 7.882800e-25 1.002207e-10 1.410428e+01 -9.999043e+00
1.260691e+14 7.740409e-25 9.758267e-11 1.410061e+01 -1.001063e+01
1.250177e+14 7.784072e-25 9.731466e-11 1.409697e+01 -1.001182e+01
1.239836e+14 7.260594e-25 9.001947e-11 1.409336e+01 -1.004566e+01
1.229665e+14 7.228867e-25 8.889087e-11 1.408979e+01 -1.005114e+01
1.219660e+14 7.031938e-25 8.576573e-11 1.408624e+01 -1.006669e+01
1.209816e+14 7.028093e-25 8.502699e-11 1.408272e+01 -1.007044e+01
1.200130e+14 6.826515e-25 8.192703e-11 1.407923e+01 -1.008657e+01
1.190597e+14 7.237616e-25 8.617086e-11 1.407576e+01 -1.006464e+01
1.181215e+14 7.062647e-25 8.342505e-11 1.407233e+01 -1.007870e+01
1.171980e+14 6.843575e-25 8.020531e-11 1.406892e+01 -1.009580e+01
1.162888e+14 6.587895e-25 7.660981e-11 1.406554e+01 -1.011572e+01
1.153935e+14 6.854056e-25 7.909138e-11 1.406218e+01 -1.010187e+01
1.145120e+14 6.883341e-25 7.882251e-11 1.405885e+01 -1.010335e+01
1.136438e+14 6.967023e-25 7.917592e-11 1.405555e+01 -1.010141e+01
1.127887e+14 6.775953e-25 7.642511e-11 1.405227e+01 -1.011676e+01
1.119464e+14 6.679469e-25 7.477424e-11 1.404901e+01 -1.012625e+01
1.111165e+14 6.555743e-25 7.284514e-11 1.404578e+01 -1.013760e+01
1.102989e+14 6.426099e-25 7.087916e-11 1.404257e+01 -1.014948e+01
1.094932e+14 6.452899e-25 7.065486e-11 1.403939e+01 -1.015086e+01
1.086992e+14 6.652963e-25 7.231718e-11 1.403623e+01 -1.014076e+01
1.079166e+14 6.431552e-25 6.940714e-11 1.403309e+01 -1.015860e+01
1.071452e+14 6.188874e-25 6.631084e-11 1.402997e+01 -1.017842e+01
1.063848e+14 6.236036e-25 6.634196e-11 1.402688e+01 -1.017821e+01
1.056351e+14 5.965511e-25 6.301673e-11 1.402381e+01 -1.020054e+01
1.048959e+14 6.011826e-25 6.306157e-11 1.402076e+01 -1.020024e+01
1.041669e+14 6.404065e-25 6.670917e-11 1.401773e+01 -1.017581e+01
1.034480e+14 6.305536e-25 6.522953e-11 1.401472e+01 -1.018556e+01
1.027390e+14 6.237139e-25 6.407975e-11 1.401174e+01 -1.019328e+01
1.020396e+14 6.210309e-25 6.336976e-11 1.400877e+01 -1.019812e+01
1.013497e+14 5.954705e-25 6.035075e-11 1.400582e+01 -1.021932e+01
1.006690e+14 5.741060e-25 5.779470e-11 1.400290e+01 -1.023811e+01
9.999746e+13 5.874973e-25 5.874824e-11 1.399999e+01 -1.023101e+01
9.933479e+13 5.790216e-25 5.751699e-11 1.399710e+01 -1.024020e+01
9.868084e+13 5.736042e-25 5.660374e-11 1.399423e+01 -1.024715e+01
9.803545e+13 5.735558e-25 5.622880e-11 1.399138e+01 -1.025004e+01
9.739844e+13 5.328523e-25 5.189898e-11 1.398855e+01 -1.028484e+01
9.676966e+13 5.276126e-25 5.105689e-11 1.398574e+01 -1.029195e+01
9.614894e+13 5.537001e-25 5.323768e-11 1.398294e+01 -1.027378e+01
9.553614e+13 5.496991e-25 5.251613e-11 1.398017e+01 -1.027971e+01
9.493110e+13 5.609109e-25 5.324788e-11 1.397741e+01 -1.027370e+01
9.433367e+13 5.382713e-25 5.077711e-11 1.397467e+01 -1.029433e+01
9.374371e+13 5.405402e-25 5.067225e-11 1.397194e+01 -1.029523e+01
9.316109e+13 5.398430e-25 5.029236e-11 1.396923e+01 -1.029850e+01
9.258567e+13 5.209248e-25 4.823018e-11 1.396654e+01 -1.031668e+01
9.201731e+13 5.053696e-25 4.650275e-11 1.396387e+01 -1.033252e+01
9.145589e+13 5.268648e-25 4.818489e-11 1.396121e+01 -1.031709e+01
9.090127e+13 5.206427e-25 4.732708e-11 1.395857e+01 -1.032489e+01
9.035335e+13 4.900407e-25 4.427682e-11 1.395594e+01 -1.035382e+01
8.981198e+13 5.090760e-25 4.572112e-11 1.395333e+01 -1.033988e+01
8.927707e+13 5.119106e-25 4.570188e-11 1.395074e+01 -1.034007e+01
8.874849e+13 5.071263e-25 4.500670e-11 1.394816e+01 -1.034672e+01
8.822613e+13 5.178570e-25 4.568852e-11 1.394560e+01 -1.034019e+01
8.770989e+13 4.921244e-25 4.316417e-11 1.394305e+01 -1.036488e+01
8.719965e+13 4.906027e-25 4.278038e-11 1.394051e+01 -1.036876e+01
8.669532e+13 4.911732e-25 4.258241e-11 1.393800e+01 -1.037077e+01
8.619678e+13 4.868661e-25 4.196629e-11 1.393549e+01 -1.037710e+01
8.570395e+13 4.816484e-25 4.127917e-11 1.393300e+01 -1.038427e+01
8.521671e+13 4.763586e-25 4.059372e-11 1.393052e+01 -1.039154e+01
8.473499e+13 4.847067e-25 4.107162e-11 1.392806e+01 -1.038646e+01
8.425868e+13 4.789942e-25 4.035942e-11 1.392561e+01 -1.039406e+01
8.378770e+13 4.733582e-25 3.966160e-11 1.392318e+01 -1.040163e+01
8.332196e+13 4.682591e-25 3.901627e-11 1.392076e+01 -1.040875e+01
8.286136e+13 4.614327e-25 3.823494e-11 1.391835e+01 -1.041754e+01
8.240583e+13 4.640815e-25 3.824302e-11 1.391596e+01 -1.041745e+01
8.195528e+13 4.542336e-25 3.722684e-11 1.391358e+01 -1.042914e+01
8.150962e+13 4.587415e-25 3.739184e-11 1.391121e+01 -1.042722e+01
8.106879e+13 4.457423e-25 3.613579e-11 1.390885e+01 -1.044206e+01
8.063271e+13 4.504158e-25 3.631824e-11 1.390651e+01 -1.043988e+01
8.020128e+13 4.482754e-25 3.595226e-11 1.390418e+01 -1.044427e+01
7.977445e+13 4.312041e-25 3.439907e-11 1.390186e+01 -1.046345e+01
7.935214e+13 4.284900e-25 3.400160e-11 1.389956e+01 -1.046850e+01
7.893428e+13 4.342149e-25 3.427444e-11 1.389727e+01 -1.046503e+01
7.852080e+13 4.279320e-25 3.360156e-11 1.389498e+01 -1.047364e+01
7.811162e+13 4.296815e-25 3.356311e-11 1.389272e+01 -1.047414e+01
7.770669e+13 4.192597e-25 3.257928e-11 1.389046e+01 -1.048706e+01
7.730593e+13 4.223915e-25 3.265337e-11 1.388821e+01 -1.048607e+01
7.690929e+13 4.067579e-25 3.128346e-11 1.388598e+01 -1.050469e+01
7.651669e+13 4.118368e-25 3.151239e-11 1.388376e+01 -1.050152e+01
7.612809e+13 4.043094e-25 3.077930e-11 1.388154e+01 -1.051174e+01
7.574341e+13 4.018567e-25 3.043800e-11 1.387934e+01 -1.051658e+01
7.536259e+13 4.009509e-25 3.021670e-11 1.387716e+01 -1.051975e+01
7.498559e+13 3.694278e-25 2.770176e-11 1.387498e+01 -1.055749e+01
7.461234e+13 3.276200e-25 2.444449e-11 1.387281e+01 -1.061182e+01
7.424279e+13 3.534934e-25 2.624434e-11 1.387065e+01 -1.058096e+01
7.387689e+13 3.159512e-25 2.334149e-11 1.386851e+01 -1.063187e+01
7.351457e+13 3.704117e-25 2.723065e-11 1.386637e+01 -1.056494e+01
7.315578e+13 3.415785e-25 2.498844e-11 1.386425e+01 -1.060226e+01
7.280049e+13 3.421550e-25 2.490905e-11 1.386213e+01 -1.060364e+01
7.244862e+13 3.315235e-25 2.401842e-11 1.386003e+01 -1.061946e+01
7.210014e+13 3.065392e-25 2.210152e-11 1.385794e+01 -1.065558e+01
7.175500e+13 3.444710e-25 2.471751e-11 1.385585e+01 -1.060700e+01
7.141315e+13 3.416178e-25 2.439601e-11 1.385378e+01 -1.061268e+01
7.107454e+13 3.239474e-25 2.302441e-11 1.385171e+01 -1.063781e+01
7.073912e+13 3.249344e-25 2.298557e-11 1.384966e+01 -1.063854e+01
7.040686e+13 3.149135e-25 2.217207e-11 1.384761e+01 -1.065419e+01
7.007770e+13 2.965589e-25 2.078217e-11 1.384558e+01 -1.068231e+01
6.975161e+13 2.971863e-25 2.072922e-11 1.384355e+01 -1.068342e+01
6.942853e+13 3.160317e-25 2.194161e-11 1.384154e+01 -1.065873e+01
6.910844e+13 2.869598e-25 1.983134e-11 1.383953e+01 -1.070265e+01
6.879128e+13 3.068692e-25 2.110992e-11 1.383753e+01 -1.067551e+01
6.847702e+13 2.695015e-25 1.845466e-11 1.383554e+01 -1.073389e+01
6.816562e+13 2.800812e-25 1.909191e-11 1.383357e+01 -1.071915e+01
6.785704e+13 2.717200e-25 1.843812e-11 1.383159e+01 -1.073428e+01
6.755124e+13 2.812985e-25 1.900206e-11 1.382963e+01 -1.072120e+01
6.724818e+13 2.683279e-25 1.804457e-11 1.382768e+01 -1.074365e+01
6.694783e+13 2.691058e-25 1.801605e-11 1.382574e+01 -1.074434e+01
6.665016e+13 2.503028e-25 1.668272e-11 1.382380e+01 -1.077773e+01
6.635511e+13 2.544360e-25 1.688313e-11 1.382187e+01 -1.077255e+01
6.606267e+13 2.281695e-25 1.507348e-11 1.381996e+01 -1.082179e+01
6.577280e+13 2.819531e-25 1.854484e-11 1.381805e+01 -1.073178e+01
6.548545e+13 2.395828e-25 1.568919e-11 1.381614e+01 -1.080440e+01
6.520061e+13 2.645115e-25 1.724631e-11 1.381425e+01 -1.076330e+01
6.491823e+13 2.511663e-25 1.630527e-11 1.381237e+01 -1.078767e+01
6.463829e+13 2.434733e-25 1.573770e-11 1.381049e+01 -1.080306e+01
6.436076e+13 2.266715e-25 1.458875e-11 1.380862e+01 -1.083598e+01
6.408559e+13 2.315794e-25 1.484090e-11 1.380676e+01 -1.082854e+01
6.381277e+13 2.477566e-25 1.581003e-11 1.380491e+01 -1.080107e+01
6.354226e+13 2.156676e-25 1.370401e-11 1.380306e+01 -1.086315e+01
6.327404e+13 2.292942e-25 1.450837e-11 1.380123e+01 -1.083838e+01
6.300807e+13 2.576329e-25 1.623295e-11 1.379940e+01 -1.078960e+01
6.274433e+13 2.435540e-25 1.528163e-11 1.379757e+01 -1.081583e+01
6.248278e+13 2.308475e-25 1.442399e-11 1.379576e+01 -1.084091e+01
6.222341e+13 2.320459e-25 1.443869e-11 1.379395e+01 -1.084047e+01
6.196618e+13 2.147533e-25 1.330744e-11 1.379215e+01 -1.087591e+01
6.171107e+13 2.248353e-25 1.387483e-11 1.379036e+01 -1.085777e+01
6.145806e+13 2.184577e-25 1.342598e-11 1.378858e+01 -1.087205e+01
6.120710e+13 2.127349e-25 1.302089e-11 1.378680e+01 -1.088536e+01
6.095819e+13 2.107002e-25 1.284390e-11 1.378503e+01 -1.089130e+01
6.071130e+13 2.278416e-25 1.383256e-11 1.378327e+01 -1.085910e+01
6.046640e+13 2.145424e-25 1.297261e-11 1.378151e+01 -1.088697e+01
6.022346e+13 2.037482e-25 1.227042e-11 1.377977e+01 -1.091114e+01
5.998247e+13 2.174943e-25 1.304585e-11 1.377802e+01 -1.088453e+01
5.974340e+13 2.207931e-25 1.319093e-11 1.377629e+01 -1.087972e+01
5.950623e+13 2.111139e-25 1.256259e-11 1.377456e+01 -1.090092e+01
5.927094e+13 2.009616e-25 1.191118e-11 1.377284e+01 -1.092405e+01
5.903750e+13 2.271561e-25 1.341073e-11 1.377113e+01 -1.087255e+01
5.880588e+13 1.975525e-25 1.161725e-11 1.376942e+01 -1.093490e+01
5.857608e+13 1.959016e-25 1.147515e-11 1.376772e+01 -1.094024e+01
5.834807e+13 1.968206e-25 1.148410e-11 1.376603e+01 -1.093990e+01
5.812183e+13 1.967442e-25 1.143513e-11 1.376434e+01 -1.094176e+01
5.789733e+13 1.940876e-25 1.123715e-11 1.376266e+01 -1.094934e+01
5.767457e+13 1.804815e-25 1.040919e-11 1.376098e+01 -1.098258e+01
5.745351e+13 1.837761e-25 1.055858e-11 1.375932e+01 -1.097639e+01
5.723414e+13 1.776445e-25 1.016733e-11 1.375766e+01 -1.099279e+01
5.701643e+13 2.083116e-25 1.187719e-11 1.375600e+01 -1.092529e+01
5.680038e+13 1.880267e-25 1.067999e-11 1.375435e+01 -1.097143e+01
5.658596e+13 1.612030e-25 9.121827e-12 1.375271e+01 -1.103992e+01
5.637315e+13 1.975096e-25 1.113424e-11 1.375107e+01 -1.095334e+01
5.616193e+13 1.949483e-25 1.094867e-11 1.374944e+01 -1.096064e+01
5.595230e+13 1.755768e-25 9.823923e-12 1.374782e+01 -1.100772e+01
5.574422e+13 1.797876e-25 1.002212e-11 1.374620e+01 -1.099904e+01
5.553768e+13 1.807539e-25 1.003865e-11 1.374459e+01 -1.099832e+01
5.533267e+13 1.819590e-25 1.006828e-11 1.374298e+01 -1.099704e+01
5.512917e+13 1.798255e-25 9.913629e-12 1.374138e+01 -1.100377e+01
5.492715e+13 1.949278e-25 1.070683e-11 1.373979e+01 -1.097034e+01
5.472662e+13 1.865358e-25 1.020847e-11 1.373820e+01 -1.099104e+01
5.452754e+13 1.954009e-25 1.065473e-11 1.373662e+01 -1.097246e+01
5.432990e+13 1.934909e-25 1.051234e-11 1.373504e+01 -1.097830e+01
5.413369e+13 1.798546e-25 9.736192e-12 1.373347e+01 -1.101161e+01
5.393890e+13 1.749663e-25 9.437489e-12 1.373190e+01 -1.102514e+01
5.374550e+13 1.693410e-25 9.101318e-12 1.373034e+01 -1.104090e+01
5.355348e+13 1.891393e-25 1.012907e-11 1.372879e+01 -1.099443e+01
5.336283e+13 1.758596e-25 9.384369e-12 1.372724e+01 -1.102759e+01
5.317354e+13 1.804837e-25 9.596957e-12 1.372570e+01 -1.101787e+01
5.298558e+13 1.639777e-25 8.688451e-12 1.372416e+01 -1.106106e+01
5.279894e+13 1.736645e-25 9.169300e-12 1.372263e+01 -1.103766e+01
5.261362e+13 1.873714e-25 9.858286e-12 1.372110e+01 -1.100620e+01
5.242959e+13 1.668645e-25 8.748636e-12 1.371958e+01 -1.105806e+01
5.224685e+13 1.684557e-25 8.801280e-12 1.371806e+01 -1.105545e+01
5.206537e+13 1.679713e-25 8.745488e-12 1.371655e+01 -1.105822e+01
5.188515e+13 1.698791e-25 8.814205e-12 1.371504e+01 -1.105482e+01
5.170617e+13 1.593479e-25 8.239272e-12 1.371354e+01 -1.108411e+01
5.152843e+13 1.584776e-25 8.166100e-12 1.371205e+01 -1.108799e+01
5.135190e+13 1.811281e-25 9.301272e-12 1.371056e+01 -1.103146e+01
5.117658e+13 1.671803e-25 8.555716e-12 1.370907e+01 -1.106774e+01
5.100245e+13 1.539949e-25 7.854120e-12 1.370759e+01 -1.110490e+01
5.082950e+13 1.545584e-25 7.856126e-12 1.370612e+01 -1.110479e+01
5.065772e+13 1.496517e-25 7.581013e-12 1.370465e+01 -1.112027e+01
5.048710e+13 1.727224e-25 8.720254e-12 1.370318e+01 -1.105947e+01
5.031762e+13 1.695459e-25 8.531145e-12 1.370172e+01 -1.106899e+01
5.014928e+13 1.651908e-25 8.284199e-12 1.370026e+01 -1.108175e+01
4.998206e+13 1.579160e-25 7.892967e-12 1.369881e+01 -1.110276e+01
4.981595e+13 1.550472e-25 7.723826e-12 1.369737e+01 -1.111217e+01
4.965094e+13 1.435932e-25 7.129536e-12 1.369593e+01 -1.114694e+01
4.948703e+13 1.690859e-25 8.367558e-12 1.369449e+01 -1.107740e+01
4.932419e+13 1.669765e-25 8.235982e-12 1.369306e+01 -1.108428e+01
4.916241e+13 1.662578e-25 8.173637e-12 1.369163e+01 -1.108758e+01
4.900170e+13 1.622050e-25 7.948321e-12 1.369021e+01 -1.109972e+01
4.884203e+13 1.592294e-25 7.777090e-12 1.368879e+01 -1.110918e+01
4.868340e+13 1.484298e-25 7.226066e-12 1.368738e+01 -1.114110e+01
4.852580e+13 1.604223e-25 7.784620e-12 1.368597e+01 -1.110876e+01
4.836922e+13 1.587775e-25 7.679946e-12 1.368457e+01 -1.111464e+01
4.821364e+13 1.559304e-25 7.517973e-12 1.368317e+01 -1.112390e+01
4.805906e+13 1.625561e-25 7.812295e-12 1.368178e+01 -1.110722e+01
4.790547e+13 1.625965e-25 7.789260e-12 1.368039e+01 -1.110850e+01
4.775285e+13 1.578523e-25 7.537896e-12 1.367900e+01 -1.112275e+01
4.760121e+13 1.467996e-25 6.987838e-12 1.367762e+01 -1.115566e+01
4.745052e+13 1.488495e-25 7.062985e-12 1.367624e+01 -1.115101e+01
4.730079e+13 1.563915e-25 7.397443e-12 1.367487e+01 -1.113092e+01
4.715200e+13 1.502222e-25 7.083276e-12 1.367350e+01 -1.114977e+01
4.700414e+13 1.470934e-25 6.913997e-12 1.367214e+01 -1.116027e+01
4.685721e+13 1.474451e-25 6.908865e-12 1.367078e+01 -1.116059e+01
4.671119e+13 1.537426e-25 7.181500e-12 1.366942e+01 -1.114378e+01
4.656608e+13 1.538332e-25 7.163408e-12 1.366807e+01 -1.114488e+01
4.642186e+13 1.413325e-25 6.560920e-12 1.366672e+01 -1.118304e+01
4.627854e+13 1.497377e-25 6.929644e-12 1.366538e+01 -1.115929e+01
4.613610e+13 1.492865e-25 6.887496e-12 1.366404e+01 -1.116194e+01
4.599454e+13 1.507513e-25 6.933735e-12 1.366271e+01 -1.115903e+01
4.585384e+13 1.467978e-25 6.731244e-12 1.366138e+01 -1.117190e+01
4.571400e+13 1.419357e-25 6.488450e-12 1.366005e+01 -1.118786e+01
4.557501e+13 1.384678e-25 6.310670e-12 1.365873e+01 -1.119992e+01
4.543686e+13 1.430132e-25 6.498070e-12 1.365741e+01 -1.118722e+01
4.529955e+13 1.414325e-25 6.406826e-12 1.365609e+01 -1.119336e+01
4.516306e+13 1.374635e-25 6.208273e-12 1.365478e+01 -1.120703e+01
4.502740e+13 1.436121e-25 6.466477e-12 1.365348e+01 -1.118933e+01
4.489254e+13 1.433332e-25 6.434593e-12 1.365217e+01 -1.119148e+01
4.475850e+13 1.404824e-25 6.287780e-12 1.365088e+01 -1.120150e+01
4.462525e+13 1.438988e-25 6.421519e-12 1.364958e+01 -1.119236e+01
4.449279e+13 1.406844e-25 6.259442e-12 1.364829e+01 -1.120346e+01
4.436111e+13 1.427977e-25 6.334665e-12 1.364700e+01 -1.119828e+01
4.423022e+13 1.365797e-25 6.040949e-12 1.364572e+01 -1.121889e+01
4.410009e+13 1.349643e-25 5.951939e-12 1.364444e+01 -1.122534e+01
4.397072e+13 1.363012e-25 5.993261e-12 1.364316e+01 -1.122234e+01
4.384212e+13 1.248461e-25 5.473519e-12 1.364189e+01 -1.126173e+01
4.371426e+13 1.262350e-25 5.518270e-12 1.364062e+01 -1.125820e+01
4.358715e+13 1.241618e-25 5.411857e-12 1.363936e+01 -1.126665e+01
4.346077e+13 1.365253e-25 5.933495e-12 1.363810e+01 -1.122669e+01
4.333513e+13 1.208712e-25 5.237967e-12 1.363684e+01 -1.128084e+01
4.321020e+13 1.318889e-25 5.698946e-12 1.363559e+01 -1.124421e+01
4.308600e+13 1.347935e-25 5.807715e-12 1.363434e+01 -1.123599e+01
4.296251e+13 1.218992e-25 5.237094e-12 1.363309e+01 -1.128091e+01
4.283973e+13 1.256225e-25 5.381635e-12 1.363185e+01 -1.126909e+01
4.271764e+13 1.206614e-25 5.154370e-12 1.363061e+01 -1.128782e+01
4.259625e+13 1.326600e-25 5.650816e-12 1.362937e+01 -1.124789e+01
4.247555e+13 1.201257e-25 5.102405e-12 1.362814e+01 -1.129223e+01
4.235552e+13 1.139792e-25 4.827650e-12 1.362691e+01 -1.131626e+01
4.223618e+13 1.168545e-25 4.935489e-12 1.362568e+01 -1.130667e+01
4.211750e+13 1.198749e-25 5.048831e-12 1.362446e+01 -1.129681e+01
4.199950e+13 1.193030e-25 5.010667e-12 1.362324e+01 -1.130010e+01
4.188215e+13 1.224197e-25 5.127201e-12 1.362203e+01 -1.129012e+01
4.176545e+13 1.277865e-25 5.337060e-12 1.362082e+01 -1.127270e+01
4.164940e+13 1.272321e-25 5.299140e-12 1.361961e+01 -1.127579e+01
4.153400e+13 1.135559e-25 4.716433e-12 1.361840e+01 -1.132639e+01
4.141923e+13 1.210214e-25 5.012614e-12 1.361720e+01 -1.129994e+01
4.130510e+13 1.206479e-25 4.983373e-12 1.361600e+01 -1.130248e+01
4.119159e+13 1.111323e-25 4.577715e-12 1.361481e+01 -1.133935e+01
4.107871e+13 1.161491e-25 4.771255e-12 1.361362e+01 -1.132137e+01
4.096644e+13 1.101737e-25 4.513423e-12 1.361243e+01 -1.134549e+01
4.085478e+13 1.154185e-25 4.715399e-12 1.361124e+01 -1.132648e+01
4.074373e+13 1.142195e-25 4.653730e-12 1.361006e+01 -1.133220e+01
4.063329e+13 1.152852e-25 4.684416e-12 1.360888e+01 -1.132934e+01
4.052344e+13 1.141258e-25 4.624772e-12 1.360771e+01 -1.133491e+01
4.041418e+13 1.153848e-25 4.663181e-12 1.360653e+01 -1.133132e+01
4.030551e+13 1.141388e-25 4.600422e-12 1.360536e+01 -1.133720e+01
4.019743e+13 1.161789e-25 4.670094e-12 1.360420e+01 -1.133067e+01
4.008992e+13 1.170635e-25 4.693064e-12 1.360304e+01 -1.132854e+01
3.998298e+13 1.130405e-25 4.519696e-12 1.360188e+01 -1.134489e+01
3.987662e+13 1.050848e-25 4.190426e-12 1.360072e+01 -1.137774e+01
3.977081e+13 1.092853e-25 4.346365e-12 1.359956e+01 -1.136187e+01
3.966557e+13 1.136590e-25 4.508351e-12 1.359841e+01 -1.134598e+01
3.956089e+13 1.079730e-25 4.271507e-12 1.359727e+01 -1.136942e+01
3.945675e+13 1.075349e-25 4.242977e-12 1.359612e+01 -1.137233e+01
3.935316e+13 1.085074e-25 4.270109e-12 1.359498e+01 -1.136956e+01
3.925012e+13 1.107769e-25 4.348007e-12 1.359384e+01 -1.136171e+01
3.914761e+13 1.054825e-25 4.129387e-12 1.359271e+01 -1.138411e+01
3.904564e+13 1.091932e-25 4.263519e-12 1.359157e+01 -1.137023e+01
3.894419e+13 1.054137e-25 4.105253e-12 1.359044e+01 -1.138666e+01
3.884328e+13 1.083215e-25 4.207563e-12 1.358932e+01 -1.137597e+01
3.874288e+13 1.076979e-25 4.172525e-12 1.358819e+01 -1.137960e+01
3.864300e+13 1.008233e-25 3.896114e-12 1.358707e+01 -1.140937e+01
3.854364e+13 1.014143e-25 3.908874e-12 1.358595e+01 -1.140795e+01
3.844478e+13 1.056201e-25 4.060540e-12 1.358484e+01 -1.139142e+01
3.834643e+13 9.918472e-26 3.803380e-12 1.358372e+01 -1.141983e+01
3.824858e+13 9.912031e-26 3.791211e-12 1.358262e+01 -1.142122e+01
3.815123e+13 1.010654e-25 3.855772e-12 1.358151e+01 -1.141389e+01
3.805438e+13 1.026651e-25 3.906855e-12 1.358040e+01 -1.140817e+01
3.795801e+13 1.008616e-25 3.828508e-12 1.357930e+01 -1.141697e+01
3.786214e+13 9.713706e-26 3.677817e-12 1.357821e+01 -1.143441e+01
3.776674e+13 9.792202e-26 3.698196e-12 1.357711e+01 -1.143201e+01
3.767183e+13 9.583394e-26 3.610240e-12 1.357602e+01 -1.144246e+01
3.757739e+13 9.690942e-26 3.641603e-12 1.357493e+01 -1.143871e+01
3.748342e+13 9.732139e-26 3.647939e-12 1.357384e+01 -1.143795e+01
3.738992e+13 9.586154e-26 3.584256e-12 1.357275e+01 -1.144560e+01
3.729689e+13 9.634037e-26 3.593196e-12 1.357167e+01 -1.144452e+01
3.720432e+13 9.969475e-26 3.709075e-12 1.357059e+01 -1.143073e+01
3.711221e+13 9.350076e-26 3.470020e-12 1.356952e+01 -1.145967e+01
3.702055e+13 9.870074e-26 3.653955e-12 1.356844e+01 -1.143724e+01
3.692934e+13 9.343100e-26 3.450345e-12 1.356737e+01 -1.146214e+01
3.683858e+13 9.551209e-26 3.518530e-12 1.356630e+01 -1.145364e+01
3.674827e+13 9.574954e-26 3.518630e-12 1.356524e+01 -1.145363e+01
3.665840e+13 8.897391e-26 3.261641e-12 1.356417e+01 -1.148656e+01
3.656897e+13 9.261960e-26 3.387003e-12 1.356311e+01 -1.147018e+01
3.647997e+13 9.094785e-26 3.317775e-12 1.356205e+01 -1.147915e+01
3.639141e+13 9.218165e-26 3.354620e-12 1.356100e+01 -1.147436e+01
3.630327e+13 9.445696e-26 3.429096e-12 1.355995e+01 -1.146482e+01
3.621556e+13 8.828935e-26 3.197448e-12 1.355890e+01 -1.149520e+01
3.612827e+13 9.385017e-26 3.390644e-12 1.355785e+01 -1.146972e+01
3.604140e+13 8.841924e-26 3.186754e-12 1.355680e+01 -1.149665e+01
3.595495e+13 9.095066e-26 3.270127e-12 1.355576e+01 -1.148544e+01
3.586892e+13 9.024821e-26 3.237106e-12 1.355472e+01 -1.148984e+01
3.578329e+13 8.716462e-26 3.119037e-12 1.355368e+01 -1.150598e+01
3.569807e+13 8.774560e-26 3.132349e-12 1.355264e+01 -1.150413e+01
3.561326e+13 8.676067e-26 3.089830e-12 1.355161e+01 -1.151007e+01
3.552885e+13 9.032527e-26 3.209153e-12 1.355058e+01 -1.149361e+01
3.544483e+13 8.800384e-26 3.119281e-12 1.354955e+01 -1.150595e+01
3.536122e+13 8.250908e-26 2.917621e-12 1.354853e+01 -1.153497e+01
3.527799e+13 9.077311e-26 3.202293e-12 1.354750e+01 -1.149454e+01
3.519516e+13 8.638304e-26 3.040265e-12 1.354648e+01 -1.151709e+01
3.511272e+13 8.712885e-26 3.059331e-12 1.354546e+01 -1.151437e+01
3.503066e+13 8.719625e-26 3.054542e-12 1.354445e+01 -1.151505e+01
3.494899e+13 8.369552e-26 2.925073e-12 1.354343e+01 -1.153386e+01
3.486769e+13 8.024536e-26 2.797970e-12 1.354242e+01 -1.155316e+01
3.478677e+13 8.428755e-26 2.932092e-12 1.354141e+01 -1.153282e+01
3.470623e+13 8.282779e-26 2.874640e-12 1.354041e+01 -1.154142e+01
3.462606e+13 8.597125e-26 2.976845e-12 1.353940e+01 -1.152624e+01
3.454625e+13 8.269306e-26 2.856736e-12 1.353840e+01 -1.154413e+01
3.446682e+13 7.776021e-26 2.680147e-12 1.353740e+01 -1.157184e+01
3.438775e+13 8.516595e-26 2.928665e-12 1.353640e+01 -1.153333e+01
3.430904e+13 8.116322e-26 2.784632e-12 1.353541e+01 -1.155523e+01
3.423069e+13 8.364394e-26 2.863190e-12 1.353442e+01 -1.154315e+01
3.415270e+13 8.046284e-26 2.748023e-12 1.353343e+01 -1.156098e+01
3.407506e+13 8.368835e-26 2.851686e-12 1.353244e+01 -1.154490e+01
3.399778e+13 8.038258e-26 2.732829e-12 1.353145e+01 -1.156339e+01
3.392084e+13 7.779034e-26 2.638714e-12 1.353047e+01 -1.157861e+01
3.384425e+13 7.613188e-26 2.576627e-12 1.352948e+01 -1.158895e+01
3.376801e+13 7.876235e-26 2.659648e-12 1.352851e+01 -1.157518e+01
3.369211e+13 8.330500e-26 2.806721e-12 1.352753e+01 -1.155180e+01
3.361655e+13 8.329079e-26 2.799949e-12 1.352655e+01 -1.155285e+01
3.354133e+13 8.038893e-26 2.696352e-12 1.352558e+01 -1.156922e+01
3.346644e+13 7.881403e-26 2.637625e-12 1.352461e+01 -1.157879e+01
3.339189e+13 7.674375e-26 2.562619e-12 1.352364e+01 -1.159132e+01
3.331767e+13 8.117002e-26 2.704396e-12 1.352267e+01 -1.156793e+01
3.324378e+13 7.488067e-26 2.489317e-12 1.352171e+01 -1.160392e+01
3.317021e+13 7.892436e-26 2.617938e-12 1.352075e+01 -1.158204e+01
3.309698e+13 7.842338e-26 2.595577e-12 1.351979e+01 -1.158577e+01
3.302406e+13 7.852047e-26 2.593065e-12 1.351883e+01 -1.158619e+01
3.295146e+13 7.546300e-26 2.486616e-12 1.351787e+01 -1.160439e+01
3.287918e+13 7.850695e-26 2.581245e-12 1.351692e+01 -1.158817e+01
3.280722e+13 7.512607e-26 2.464678e-12 1.351597e+01 -1.160824e+01
3.273558e+13 7.550413e-26 2.471671e-12 1.351502e+01 -1.160701e+01
3.266424e+13 7.676651e-26 2.507520e-12 1.351407e+01 -1.160076e+01
3.259322e+13 7.774206e-26 2.533864e-12 1.351313e+01 -1.159622e+01
3.252250e+13 7.484365e-26 2.434103e-12 1.351218e+01 -1.161366e+01
3.245209e+13 7.723664e-26 2.506490e-12 1.351124e+01 -1.160093e+01
3.238198e+13 7.208981e-26 2.334411e-12 1.351030e+01 -1.163182e+01
3.231218e+13 7.291304e-26 2.355979e-12 1.350937e+01 -1.162783e+01
3.224268e+13 7.404350e-26 2.387360e-12 1.350843e+01 -1.162208e+01
3.217347e+13 7.737652e-26 2.489471e-12 1.350750e+01 -1.160389e+01
3.210456e+13 7.652054e-26 2.456659e-12 1.350657e+01 -1.160966e+01
3.203595e+13 7.296187e-26 2.337403e-12 1.350564e+01 -1.163127e+01
3.196763e+13 7.518993e-26 2.403644e-12 1.350471e+01 -1.161913e+01
3.189960e+13 7.443064e-26 2.374307e-12 1.350379e+01 -1.162446e+01
3.183185e+13 7.647335e-26 2.434289e-12 1.350286e+01 -1.161363e+01
3.176440e+13 7.492030e-26 2.379798e-12 1.350194e+01 -1.162346e+01
3.169723e+13 7.196603e-26 2.281124e-12 1.350102e+01 -1.164185e+01
3.163034e+13 7.072190e-26 2.236958e-12 1.350010e+01 -1.165034e+01
3.156374e+13 7.312251e-26 2.308020e-12 1.349919e+01 -1.163676e+01
3.149742e+13 7.358909e-26 2.317866e-12 1.349827e+01 -1.163491e+01
3.143137e+13 7.417422e-26 2.331397e-12 1.349736e+01 -1.163238e+01
3.136560e+13 7.150576e-26 2.242821e-12 1.349645e+01 -1.164921e+01
3.130010e+13 7.075801e-26 2.214733e-12 1.349555e+01 -1.165468e+01
3.123488e+13 7.153674e-26 2.234442e-12 1.349464e+01 -1.165083e+01
3.116993e+13 6.960448e-26 2.169567e-12 1.349374e+01 -1.166363e+01
3.110525e+13 7.161483e-26 2.227597e-12 1.349283e+01 -1.165216e+01
3.104084e+13 7.114086e-26 2.208272e-12 1.349193e+01 -1.165595e+01
3.097669e+13 7.127213e-26 2.207775e-12 1.349104e+01 -1.165605e+01
3.091281e+13 7.182996e-26 2.220466e-12 1.349014e+01 -1.165356e+01
3.091281e+12 6.987882e-27 2.160151e-13 1.200000e+01 -2.000000e+01
3.091281e+11 6.987882e-27 2.160151e-13 1.100000e+01 -2.000000e+01
3.091281e+10 6.987882e-27 2.160151e-13 1.000000e+01 -2.000000e+01
3.091281e+09 6.987882e-27 2.160151e-13 9.000000e+00 -2.000000e+01
3.091281e+08 6.987882e-27 2.160151e-13 8.000000e+00 -2.000000e+01
3.091281e+07 6.987882e-27 2.160151e-13 7.000000e+00 -2.000000e+01