1.362693e+16 2.280690e-30 3.107879e-14 1.613440e+01 -1.350754e+01
1.303445e+16 2.514306e-29 3.277260e-13 1.611509e+01 -1.248449e+01
1.249135e+16 2.555182e-29 3.191767e-13 1.609661e+01 -1.249597e+01
1.199170e+16 2.606546e-29 3.125691e-13 1.607888e+01 -1.250505e+01
1.153048e+16 2.707415e-29 3.121779e-13 1.606185e+01 -1.250560e+01
1.110342e+16 2.856840e-29 3.172070e-13 1.604546e+01 -1.249866e+01
1.070687e+16 2.877841e-29 3.081267e-13 1.602966e+01 -1.251127e+01
1.033767e+16 3.038086e-29 3.140673e-13 1.601442e+01 -1.250298e+01
9.993080e+15 3.003789e-29 3.001711e-13 1.599970e+01 -1.252263e+01
9.670723e+15 3.106624e-29 3.004330e-13 1.598546e+01 -1.252225e+01
9.368512e+15 3.155208e-29 2.955960e-13 1.597167e+01 -1.252930e+01
9.084618e+15 3.208330e-29 2.914645e-13 1.595831e+01 -1.253541e+01
8.817424e+15 3.192947e-29 2.815357e-13 1.594534e+01 -1.255047e+01
8.565497e+15 3.296480e-29 2.823599e-13 1.593275e+01 -1.254920e+01
8.327567e+15 3.946507e-29 3.286480e-13 1.592052e+01 -1.248327e+01
8.102497e+15 4.594614e-29 3.722785e-13 1.590862e+01 -1.242913e+01
7.889274e+15 4.425786e-29 3.491623e-13 1.589704e+01 -1.245697e+01
7.686985e+15 4.764555e-29 3.662506e-13 1.588576e+01 -1.243622e+01
7.494810e+15 5.800453e-29 4.347329e-13 1.587476e+01 -1.236178e+01
7.312010e+15 6.319301e-29 4.620679e-13 1.586404e+01 -1.233529e+01
7.137914e+15 6.179230e-29 4.410681e-13 1.585357e+01 -1.235549e+01
6.971916e+15 6.119423e-29 4.266411e-13 1.584335e+01 -1.236994e+01
6.813464e+15 6.723102e-29 4.580761e-13 1.583337e+01 -1.233906e+01
6.662053e+15 7.025093e-29 4.680154e-13 1.582361e+01 -1.232974e+01
6.517226e+15 6.731932e-29 4.387352e-13 1.581406e+01 -1.235780e+01
6.378562e+15 6.919725e-29 4.413790e-13 1.580472e+01 -1.235519e+01
6.245675e+15 7.429351e-29 4.640131e-13 1.579558e+01 -1.233347e+01
6.118212e+15 7.177136e-29 4.391124e-13 1.578662e+01 -1.235742e+01
5.995848e+15 7.956518e-29 4.770607e-13 1.577785e+01 -1.232143e+01
5.878282e+15 1.017474e-28 5.981000e-13 1.576925e+01 -1.222323e+01
5.765238e+15 1.146596e-28 6.610399e-13 1.576082e+01 -1.217977e+01
5.656460e+15 1.083788e-28 6.130405e-13 1.575254e+01 -1.221251e+01
5.551711e+15 9.987049e-29 5.544521e-13 1.574443e+01 -1.225614e+01
5.450771e+15 1.023350e-28 5.578048e-13 1.573646e+01 -1.225352e+01
5.353436e+15 1.234796e-28 6.610399e-13 1.572863e+01 -1.217977e+01
5.259516e+15 1.356122e-28 7.132547e-13 1.572095e+01 -1.214676e+01
5.168834e+15 1.367678e-28 7.069299e-13 1.571339e+01 -1.215062e+01
5.081227e+15 1.382399e-28 7.024283e-13 1.570597e+01 -1.215340e+01
4.996540e+15 1.271971e-28 6.355455e-13 1.569867e+01 -1.219685e+01
4.914630e+15 1.293483e-28 6.356991e-13 1.569149e+01 -1.219675e+01
4.835361e+15 1.491627e-28 7.212557e-13 1.568443e+01 -1.214191e+01
4.758610e+15 1.503606e-28 7.155073e-13 1.567748e+01 -1.214539e+01
4.684256e+15 1.588936e-28 7.442985e-13 1.567064e+01 -1.212825e+01
4.612191e+15 1.570565e-28 7.243744e-13 1.566391e+01 -1.214004e+01
4.542309e+15 1.556338e-28 7.069369e-13 1.565728e+01 -1.215062e+01
4.474513e+15 1.704262e-28 7.625742e-13 1.565075e+01 -1.211772e+01
4.408712e+15 1.656939e-28 7.304966e-13 1.564431e+01 -1.213638e+01
4.344817e+15 1.673308e-28 7.270217e-13 1.563797e+01 -1.213845e+01
4.282749e+15 1.661654e-28 7.116447e-13 1.563172e+01 -1.214774e+01
4.222428e+15 1.690090e-28 7.136284e-13 1.562556e+01 -1.214653e+01
4.163783e+15 1.897464e-28 7.900628e-13 1.561949e+01 -1.210234e+01
4.106745e+15 1.931293e-28 7.931327e-13 1.561350e+01 -1.210065e+01
4.051249e+15 1.933534e-28 7.833225e-13 1.560759e+01 -1.210606e+01
3.997232e+15 1.923238e-28 7.687627e-13 1.560176e+01 -1.211421e+01
3.944637e+15 1.871244e-28 7.381380e-13 1.559601e+01 -1.213186e+01
3.893408e+15 1.891112e-28 7.362870e-13 1.559033e+01 -1.213295e+01
3.843492e+15 1.934172e-28 7.433975e-13 1.558473e+01 -1.212878e+01
3.794841e+15 1.948459e-28 7.394092e-13 1.557919e+01 -1.213112e+01
3.747405e+15 2.028667e-28 7.602238e-13 1.557373e+01 -1.211906e+01
3.701141e+15 2.069765e-28 7.660492e-13 1.556834e+01 -1.211574e+01
3.656005e+15 2.111786e-28 7.720700e-13 1.556301e+01 -1.211234e+01
3.611957e+15 1.971001e-28 7.119171e-13 1.555774e+01 -1.214757e+01
3.568957e+15 1.969463e-28 7.028927e-13 1.555254e+01 -1.215311e+01
3.526969e+15 2.139517e-28 7.546011e-13 1.554740e+01 -1.212228e+01
3.485958e+15 2.176369e-28 7.586732e-13 1.554232e+01 -1.211995e+01
3.445890e+15 2.232567e-28 7.693180e-13 1.553730e+01 -1.211389e+01
3.406732e+15 2.260730e-28 7.701702e-13 1.553234e+01 -1.211341e+01
3.368454e+15 2.288411e-28 7.708407e-13 1.552743e+01 -1.211304e+01
3.331027e+15 2.293889e-28 7.641004e-13 1.552258e+01 -1.211685e+01
3.294422e+15 2.222632e-28 7.322288e-13 1.551778e+01 -1.213535e+01
3.258613e+15 1.169399e-27 3.810619e-12 1.551303e+01 -1.141900e+01
3.223574e+15 2.090674e-27 6.739443e-12 1.550834e+01 -1.117138e+01
3.189281e+15 3.283589e-27 1.047229e-11 1.550369e+01 -1.097996e+01
3.155709e+15 4.506109e-27 1.421997e-11 1.549910e+01 -1.084710e+01
3.122838e+15 5.486125e-27 1.713228e-11 1.549455e+01 -1.076618e+01
3.090643e+15 4.048953e-27 1.251387e-11 1.549005e+01 -1.090261e+01
3.059106e+15 3.820720e-27 1.168799e-11 1.548559e+01 -1.093226e+01
3.028206e+15 5.433610e-27 1.645409e-11 1.548119e+01 -1.078373e+01
2.997924e+15 5.924868e-27 1.776230e-11 1.547682e+01 -1.075050e+01
2.968242e+15 6.446809e-27 1.913569e-11 1.547250e+01 -1.071816e+01
2.939141e+15 4.924357e-27 1.447338e-11 1.546822e+01 -1.083943e+01
2.910606e+15 4.496136e-27 1.308648e-11 1.546398e+01 -1.088318e+01
2.882619e+15 6.851856e-27 1.975129e-11 1.545979e+01 -1.070440e+01
2.855166e+15 8.151723e-27 2.327452e-11 1.545563e+01 -1.063312e+01
2.828230e+15 7.483112e-27 2.116396e-11 1.545151e+01 -1.067440e+01
2.801798e+15 7.311541e-27 2.048546e-11 1.544744e+01 -1.068855e+01
2.775856e+15 7.308889e-27 2.028842e-11 1.544340e+01 -1.069275e+01
2.750389e+15 7.424105e-27 2.041918e-11 1.543939e+01 -1.068996e+01
2.725385e+15 7.879516e-27 2.147472e-11 1.543543e+01 -1.066807e+01
2.700832e+15 7.687566e-27 2.076283e-11 1.543150e+01 -1.068271e+01
2.676718e+15 7.259722e-27 1.943223e-11 1.542760e+01 -1.071148e+01
2.653030e+15 7.504476e-27 1.990960e-11 1.542374e+01 -1.070094e+01
2.629758e+15 7.858924e-27 2.066707e-11 1.541992e+01 -1.068472e+01
2.606890e+15 7.692360e-27 2.005314e-11 1.541612e+01 -1.069782e+01
2.584417e+15 7.856505e-27 2.030449e-11 1.541236e+01 -1.069241e+01
2.562328e+15 6.826833e-27 1.749259e-11 1.540863e+01 -1.075715e+01
2.540614e+15 6.655304e-27 1.690855e-11 1.540494e+01 -1.077189e+01
2.519264e+15 6.935200e-27 1.747160e-11 1.540127e+01 -1.075767e+01
2.498270e+15 5.768953e-27 1.441240e-11 1.539764e+01 -1.084126e+01
2.477623e+15 4.379939e-27 1.085184e-11 1.539404e+01 -1.096450e+01
2.457315e+15 3.875248e-27 9.522705e-12 1.539046e+01 -1.102124e+01
2.437337e+15 5.378945e-27 1.311030e-11 1.538692e+01 -1.088239e+01
2.417681e+15 8.689144e-27 2.100757e-11 1.538340e+01 -1.067762e+01
2.398339e+15 9.363179e-27 2.245608e-11 1.537991e+01 -1.064867e+01
2.379305e+15 8.352132e-27 1.987227e-11 1.537645e+01 -1.070175e+01
2.360570e+15 9.398390e-27 2.218556e-11 1.537302e+01 -1.065393e+01
2.342128e+15 9.533619e-27 2.232896e-11 1.536961e+01 -1.065113e+01
2.323972e+15 9.597866e-27 2.230517e-11 1.536623e+01 -1.065159e+01
2.306095e+15 8.109253e-27 1.870071e-11 1.536288e+01 -1.072814e+01
2.288492e+15 8.918199e-27 2.040922e-11 1.535955e+01 -1.069017e+01
2.271155e+15 9.475040e-27 2.151928e-11 1.535625e+01 -1.066717e+01
2.254078e+15 8.669182e-27 1.954101e-11 1.535297e+01 -1.070905e+01
2.237257e+15 8.582493e-27 1.920124e-11 1.534972e+01 -1.071667e+01
2.220684e+15 9.273689e-27 2.059394e-11 1.534649e+01 -1.068626e+01
2.204356e+15 8.657452e-27 1.908411e-11 1.534328e+01 -1.071933e+01
2.188266e+15 8.271415e-27 1.810005e-11 1.534010e+01 -1.074232e+01
2.172409e+15 8.062049e-27 1.751407e-11 1.533694e+01 -1.075661e+01
2.156780e+15 6.898623e-27 1.487881e-11 1.533381e+01 -1.082743e+01
2.141374e+15 7.817937e-27 1.674113e-11 1.533069e+01 -1.077622e+01
2.126187e+15 8.316794e-27 1.768306e-11 1.532760e+01 -1.075244e+01
2.111214e+15 7.995923e-27 1.688110e-11 1.532453e+01 -1.077260e+01
2.096450e+15 8.058912e-27 1.689511e-11 1.532148e+01 -1.077224e+01
2.081892e+15 8.355605e-27 1.739546e-11 1.531846e+01 -1.075956e+01
2.067534e+15 8.281014e-27 1.712128e-11 1.531545e+01 -1.076646e+01
2.053373e+15 8.241672e-27 1.692322e-11 1.531247e+01 -1.077152e+01
2.039404e+15 8.657035e-27 1.765519e-11 1.530950e+01 -1.075313e+01
2.025624e+15 8.851769e-27 1.793036e-11 1.530656e+01 -1.074641e+01
2.012030e+15 9.287317e-27 1.868636e-11 1.530363e+01 -1.072848e+01
1.998616e+15 8.696835e-27 1.738163e-11 1.530073e+01 -1.075991e+01
1.985380e+15 8.781305e-27 1.743423e-11 1.529784e+01 -1.075860e+01
1.972318e+15 8.819947e-27 1.739574e-11 1.529498e+01 -1.075956e+01
1.959427e+15 7.120198e-27 1.395151e-11 1.529213e+01 -1.085538e+01
1.946704e+15 5.779702e-27 1.125137e-11 1.528930e+01 -1.094879e+01
1.934145e+15 8.460653e-27 1.636413e-11 1.528649e+01 -1.078611e+01
1.921746e+15 9.134338e-27 1.755388e-11 1.528370e+01 -1.075563e+01
1.909506e+15 8.588515e-27 1.639982e-11 1.528092e+01 -1.078516e+01
1.897420e+15 8.663373e-27 1.643806e-11 1.527816e+01 -1.078415e+01
1.885487e+15 8.646745e-27 1.630332e-11 1.527542e+01 -1.078772e+01
1.873702e+15 8.233959e-27 1.542799e-11 1.527270e+01 -1.081169e+01
1.862065e+15 7.757436e-27 1.444485e-11 1.526999e+01 -1.084029e+01
1.850570e+15 7.863273e-27 1.455154e-11 1.526731e+01 -1.083709e+01
1.839217e+15 7.898747e-27 1.452751e-11 1.526463e+01 -1.083781e+01
1.828002e+15 8.046093e-27 1.470828e-11 1.526198e+01 -1.083244e+01
1.816924e+15 8.226975e-27 1.494779e-11 1.525934e+01 -1.082542e+01
1.805978e+15 7.745970e-27 1.398905e-11 1.525671e+01 -1.085421e+01
1.795164e+15 7.911052e-27 1.420164e-11 1.525410e+01 -1.084766e+01
1.784479e+15 8.584752e-27 1.531931e-11 1.525151e+01 -1.081476e+01
1.773920e+15 8.417755e-27 1.493242e-11 1.524893e+01 -1.082587e+01
1.763485e+15 8.268535e-27 1.458143e-11 1.524637e+01 -1.083620e+01
1.753172e+15 7.855139e-27 1.377141e-11 1.524382e+01 -1.086102e+01
1.742979e+15 7.688804e-27 1.340142e-11 1.524129e+01 -1.087285e+01
1.732904e+15 8.346775e-27 1.446416e-11 1.523877e+01 -1.083971e+01
1.722945e+15 8.566992e-27 1.476045e-11 1.523627e+01 -1.083090e+01
1.713099e+15 8.562285e-27 1.466805e-11 1.523378e+01 -1.083363e+01
1.703366e+15 8.700113e-27 1.481948e-11 1.523131e+01 -1.082917e+01
1.693742e+15 8.664222e-27 1.467496e-11 1.522885e+01 -1.083342e+01
1.684227e+15 8.707035e-27 1.466462e-11 1.522640e+01 -1.083373e+01
1.674818e+15 7.756288e-27 1.299037e-11 1.522397e+01 -1.088638e+01
1.665513e+15 8.601846e-27 1.432649e-11 1.522155e+01 -1.084386e+01
1.656312e+15 8.434353e-27 1.396992e-11 1.521914e+01 -1.085481e+01
1.647211e+15 8.743897e-27 1.440304e-11 1.521675e+01 -1.084155e+01
1.638210e+15 8.680296e-27 1.422015e-11 1.521437e+01 -1.084710e+01
1.629307e+15 8.361301e-27 1.362312e-11 1.521200e+01 -1.086572e+01
1.620499e+15 8.085628e-27 1.310276e-11 1.520965e+01 -1.088264e+01
1.611787e+15 8.052370e-27 1.297871e-11 1.520731e+01 -1.088677e+01
1.603168e+15 8.375460e-27 1.342727e-11 1.520498e+01 -1.087201e+01
1.594640e+15 8.259409e-27 1.317079e-11 1.520266e+01 -1.088039e+01
1.586203e+15 7.993801e-27 1.267979e-11 1.520036e+01 -1.089689e+01
1.577855e+15 7.981890e-27 1.259426e-11 1.519807e+01 -1.089983e+01
1.569594e+15 8.006634e-27 1.256716e-11 1.519579e+01 -1.090076e+01
1.561419e+15 7.841616e-27 1.224405e-11 1.519352e+01 -1.091208e+01
1.553328e+15 7.910494e-27 1.228760e-11 1.519126e+01 -1.091053e+01
1.545322e+15 8.413579e-27 1.300169e-11 1.518902e+01 -1.088600e+01
1.537397e+15 8.482822e-27 1.304146e-11 1.518679e+01 -1.088467e+01
1.529553e+15 8.355238e-27 1.277978e-11 1.518456e+01 -1.089348e+01
1.521789e+15 8.431671e-27 1.283122e-11 1.518235e+01 -1.089173e+01
1.514103e+15 8.741272e-27 1.323519e-11 1.518016e+01 -1.087827e+01
1.506494e+15 8.700620e-27 1.310744e-11 1.517797e+01 -1.088248e+01
1.498962e+15 8.583254e-27 1.286597e-11 1.517579e+01 -1.089056e+01
1.491504e+15 8.513988e-27 1.269865e-11 1.517362e+01 -1.089624e+01
1.484121e+15 8.865106e-27 1.315689e-11 1.517147e+01 -1.088085e+01
1.476810e+15 8.761073e-27 1.293844e-11 1.516932e+01 -1.088812e+01
1.469571e+15 8.818513e-27 1.295943e-11 1.516719e+01 -1.088741e+01
1.462402e+15 8.709355e-27 1.273658e-11 1.516507e+01 -1.089495e+01
1.455303e+15 8.156817e-27 1.187064e-11 1.516295e+01 -1.092553e+01
1.448272e+15 8.805248e-27 1.275240e-11 1.516085e+01 -1.089441e+01
1.441310e+15 9.197968e-27 1.325712e-11 1.515876e+01 -1.087755e+01
1.434413e+15 9.159408e-27 1.313838e-11 1.515667e+01 -1.088146e+01
1.427583e+15 8.574272e-27 1.224048e-11 1.515460e+01 -1.091220e+01
1.420817e+15 9.200700e-27 1.307251e-11 1.515254e+01 -1.088364e+01
1.414115e+15 9.131046e-27 1.291235e-11 1.515048e+01 -1.088899e+01
1.407476e+15 9.465796e-27 1.332288e-11 1.514844e+01 -1.087540e+01
1.400899e+15 8.802658e-27 1.233164e-11 1.514641e+01 -1.090898e+01
1.394383e+15 9.062820e-27 1.263705e-11 1.514438e+01 -1.089835e+01
1.387928e+15 9.114711e-27 1.265056e-11 1.514237e+01 -1.089789e+01
1.381532e+15 8.552005e-27 1.181487e-11 1.514036e+01 -1.092757e+01
1.375194e+15 8.608861e-27 1.183886e-11 1.513836e+01 -1.092669e+01
1.368915e+15 9.012078e-27 1.233677e-11 1.513638e+01 -1.090880e+01
1.362693e+15 9.596376e-27 1.307691e-11 1.513440e+01 -1.088349e+01
1.356527e+15 9.035192e-27 1.225648e-11 1.513243e+01 -1.091163e+01
1.350416e+15 8.485603e-27 1.145910e-11 1.513047e+01 -1.094085e+01
1.344361e+15 8.637533e-27 1.161196e-11 1.512852e+01 -1.093509e+01
1.338359e+15 8.715173e-27 1.166403e-11 1.512657e+01 -1.093315e+01
1.332411e+15 8.757776e-27 1.166895e-11 1.512464e+01 -1.093297e+01
1.326515e+15 8.966697e-27 1.189446e-11 1.512271e+01 -1.092466e+01
1.320671e+15 8.584008e-27 1.133665e-11 1.512079e+01 -1.094552e+01
1.314879e+15 8.853590e-27 1.164140e-11 1.511889e+01 -1.093399e+01
1.309137e+15 9.029168e-27 1.182042e-11 1.511699e+01 -1.092737e+01
1.303445e+15 8.719959e-27 1.136599e-11 1.511509e+01 -1.094439e+01
1.297803e+15 9.218653e-27 1.196399e-11 1.511321e+01 -1.092212e+01
1.292209e+15 9.116806e-27 1.178082e-11 1.511133e+01 -1.092882e+01
1.286663e+15 9.043785e-27 1.163630e-11 1.510946e+01 -1.093419e+01
1.281164e+15 8.904704e-27 1.140839e-11 1.510760e+01 -1.094278e+01
1.275712e+15 8.787974e-27 1.121093e-11 1.510575e+01 -1.095036e+01
1.270307e+15 9.297636e-27 1.181085e-11 1.510391e+01 -1.092772e+01
1.264947e+15 9.252273e-27 1.170363e-11 1.510207e+01 -1.093168e+01
1.259632e+15 9.013780e-27 1.135405e-11 1.510024e+01 -1.094485e+01
1.254362e+15 8.530729e-27 1.070062e-11 1.509842e+01 -1.097059e+01
1.249135e+15 8.790147e-27 1.098008e-11 1.509661e+01 -1.095939e+01
1.243952e+15 8.565843e-27 1.065550e-11 1.509480e+01 -1.097243e+01
1.238812e+15 9.107818e-27 1.128287e-11 1.509301e+01 -1.094758e+01
1.233714e+15 1.000183e-26 1.233939e-11 1.509121e+01 -1.090871e+01
1.228657e+15 9.605761e-27 1.180219e-11 1.508943e+01 -1.092804e+01
1.223642e+15 9.628718e-27 1.178211e-11 1.508765e+01 -1.092878e+01
1.218668e+15 1.003882e-26 1.223399e-11 1.508589e+01 -1.091243e+01
1.213734e+15 9.530705e-27 1.156774e-11 1.508412e+01 -1.093675e+01
1.208840e+15 9.378758e-27 1.133742e-11 1.508237e+01 -1.094549e+01
1.203986e+15 9.086187e-27 1.093964e-11 1.508062e+01 -1.096100e+01
1.199170e+15 9.741783e-27 1.168205e-11 1.507888e+01 -1.093248e+01
1.194392e+15 9.687768e-27 1.157099e-11 1.507715e+01 -1.093663e+01
1.189652e+15 9.217677e-27 1.096583e-11 1.507542e+01 -1.095996e+01
1.184950e+15 9.492307e-27 1.124791e-11 1.507370e+01 -1.094893e+01
1.180285e+15 9.635135e-27 1.137221e-11 1.507199e+01 -1.094416e+01
1.175656e+15 9.908101e-27 1.164852e-11 1.507028e+01 -1.093373e+01
1.171064e+15 1.026844e-26 1.202500e-11 1.506858e+01 -1.091991e+01
1.166507e+15 1.129522e-26 1.317596e-11 1.506689e+01 -1.088022e+01
1.161986e+15 1.022790e-26 1.188468e-11 1.506520e+01 -1.092501e+01
1.157500e+15 1.069807e-26 1.238301e-11 1.506352e+01 -1.090717e+01
1.153048e+15 1.054459e-26 1.215841e-11 1.506185e+01 -1.091512e+01
1.148630e+15 1.046714e-26 1.202287e-11 1.506018e+01 -1.091999e+01
1.144246e+15 1.120322e-26 1.281924e-11 1.505852e+01 -1.089214e+01
1.139895e+15 1.131308e-26 1.289573e-11 1.505686e+01 -1.088955e+01
1.135577e+15 1.426533e-26 1.619939e-11 1.505522e+01 -1.079050e+01
1.131292e+15 1.448814e-26 1.639032e-11 1.505357e+01 -1.078541e+01
1.127039e+15 1.491915e-26 1.681447e-11 1.505194e+01 -1.077432e+01
1.122818e+15 1.405158e-26 1.577737e-11 1.505031e+01 -1.080197e+01
1.118628e+15 1.445825e-26 1.617341e-11 1.504869e+01 -1.079120e+01
1.114470e+15 1.427131e-26 1.590495e-11 1.504707e+01 -1.079847e+01
1.110342e+15 1.445405e-26 1.604894e-11 1.504546e+01 -1.079455e+01
1.106245e+15 1.487786e-26 1.645856e-11 1.504385e+01 -1.078361e+01
1.102178e+15 1.341065e-26 1.478092e-11 1.504225e+01 -1.083030e+01
1.098141e+15 1.408246e-26 1.546452e-11 1.504066e+01 -1.081066e+01
1.094133e+15 1.288268e-26 1.409536e-11 1.503907e+01 -1.085092e+01
1.090154e+15 1.238663e-26 1.350333e-11 1.503749e+01 -1.086956e+01
1.086204e+15 1.397658e-26 1.518143e-11 1.503591e+01 -1.081869e+01
1.082283e+15 1.491826e-26 1.614578e-11 1.503434e+01 -1.079194e+01
1.078390e+15 1.404483e-26 1.514580e-11 1.503278e+01 -1.081971e+01
1.074525e+15 1.236873e-26 1.329051e-11 1.503122e+01 -1.087646e+01
1.070687e+15 1.053047e-26 1.127484e-11 1.502966e+01 -1.094789e+01
1.066877e+15 1.255589e-26 1.339559e-11 1.502811e+01 -1.087304e+01
1.063094e+15 1.627692e-26 1.730389e-11 1.502657e+01 -1.076186e+01
1.059337e+15 1.604736e-26 1.699957e-11 1.502503e+01 -1.076956e+01
1.055607e+15 1.591668e-26 1.680176e-11 1.502350e+01 -1.077465e+01
1.051903e+15 1.353094e-26 1.423324e-11 1.502198e+01 -1.084670e+01
1.048225e+15 1.549369e-26 1.624088e-11 1.502045e+01 -1.078939e+01
1.044573e+15 1.729103e-26 1.806174e-11 1.501894e+01 -1.074324e+01
1.040946e+15 1.711220e-26 1.781287e-11 1.501743e+01 -1.074927e+01
1.037344e+15 1.825286e-26 1.893449e-11 1.501592e+01 -1.072275e+01
1.033767e+15 2.075030e-26 2.145097e-11 1.501442e+01 -1.066855e+01
1.030214e+15 2.172229e-26 2.237862e-11 1.501293e+01 -1.065017e+01
1.026686e+15 2.105736e-26 2.161930e-11 1.501144e+01 -1.066516e+01
1.023182e+15 2.092181e-26 2.140683e-11 1.500995e+01 -1.066945e+01
1.019702e+15 2.090376e-26 2.131560e-11 1.500847e+01 -1.067130e+01
1.016245e+15 2.104620e-26 2.138811e-11 1.500700e+01 -1.066983e+01
1.012812e+15 2.257724e-26 2.286651e-11 1.500553e+01 -1.064080e+01
1.009402e+15 2.090096e-26 2.109747e-11 1.500406e+01 -1.067577e+01
1.006015e+15 2.162127e-26 2.175131e-11 1.500260e+01 -1.066251e+01
1.002650e+15 2.165206e-26 2.170944e-11 1.500115e+01 -1.066335e+01
9.993080e+14 2.092692e-26 2.091244e-11 1.499970e+01 -1.067960e+01
9.959880e+14 2.154162e-26 2.145519e-11 1.499825e+01 -1.066847e+01
9.926901e+14 2.098376e-26 2.083037e-11 1.499681e+01 -1.068130e+01
9.894139e+14 2.420316e-26 2.394695e-11 1.499538e+01 -1.062075e+01
9.861592e+14 2.484765e-26 2.450374e-11 1.499395e+01 -1.061077e+01
9.829259e+14 2.542319e-26 2.498911e-11 1.499252e+01 -1.060225e+01
9.797137e+14 2.429212e-26 2.379932e-11 1.499110e+01 -1.062344e+01
9.765225e+14 2.540636e-26 2.480988e-11 1.498968e+01 -1.060538e+01
9.733519e+14 2.664410e-26 2.593408e-11 1.498827e+01 -1.058613e+01
9.702019e+14 2.541590e-26 2.465856e-11 1.498686e+01 -1.060803e+01
9.670723e+14 2.504331e-26 2.421869e-11 1.498546e+01 -1.061585e+01
9.639627e+14 2.918253e-26 2.813087e-11 1.498406e+01 -1.055082e+01
9.608731e+14 2.829320e-26 2.718617e-11 1.498267e+01 -1.056565e+01
9.578032e+14 2.914821e-26 2.791825e-11 1.498128e+01 -1.055411e+01
9.547529e+14 2.984013e-26 2.848995e-11 1.497989e+01 -1.054531e+01
9.517219e+14 2.956814e-26 2.814065e-11 1.497851e+01 -1.055067e+01
9.487101e+14 2.791822e-26 2.648630e-11 1.497713e+01 -1.057698e+01
9.457174e+14 3.140809e-26 2.970318e-11 1.497576e+01 -1.052720e+01
9.427434e+14 3.139452e-26 2.959697e-11 1.497439e+01 -1.052875e+01
9.397881e+14 2.974297e-26 2.795209e-11 1.497303e+01 -1.055359e+01
9.368512e+14 2.930944e-26 2.745858e-11 1.497167e+01 -1.056132e+01
9.339327e+14 3.171358e-26 2.961835e-11 1.497032e+01 -1.052844e+01
9.310323e+14 3.087272e-26 2.874350e-11 1.496896e+01 -1.054146e+01
9.281498e+14 2.898650e-26 2.690381e-11 1.496762e+01 -1.057019e+01
9.252852e+14 2.959428e-26 2.738315e-11 1.496628e+01 -1.056252e+01
9.224382e+14 3.409617e-26 3.145161e-11 1.496494e+01 -1.050236e+01
9.196086e+14 3.628719e-26 3.337001e-11 1.496360e+01 -1.047664e+01
9.167963e+14 3.783055e-26 3.468291e-11 1.496227e+01 -1.045988e+01
9.140012e+14 3.680900e-26 3.364347e-11 1.496095e+01 -1.047310e+01
9.112231e+14 3.979524e-26 3.626234e-11 1.495962e+01 -1.044054e+01
9.084618e+14 4.142032e-26 3.762878e-11 1.495831e+01 -1.042448e+01
9.057172e+14 3.826396e-26 3.465633e-11 1.495699e+01 -1.046022e+01
9.029892e+14 3.832859e-26 3.461030e-11 1.495568e+01 -1.046079e+01
9.002775e+14 3.790102e-26 3.412144e-11 1.495438e+01 -1.046697e+01
8.975820e+14 3.923362e-26 3.521539e-11 1.495307e+01 -1.045327e+01
8.949027e+14 4.033176e-26 3.609300e-11 1.495178e+01 -1.044258e+01
8.922393e+14 3.765323e-26 3.359569e-11 1.495048e+01 -1.047372e+01
8.895917e+14 3.629008e-26 3.228336e-11 1.494919e+01 -1.049102e+01
8.869598e+14 3.922075e-26 3.478723e-11 1.494790e+01 -1.045858e+01
8.843434e+14 4.100613e-26 3.626349e-11 1.494662e+01 -1.044053e+01
8.817424e+14 4.254121e-26 3.751038e-11 1.494534e+01 -1.042585e+01
8.791566e+14 4.215515e-26 3.706098e-11 1.494407e+01 -1.043108e+01
8.765860e+14 4.255264e-26 3.730105e-11 1.494279e+01 -1.042828e+01
8.740303e+14 4.333636e-26 3.787729e-11 1.494153e+01 -1.042162e+01
8.714895e+14 3.839233e-26 3.345851e-11 1.494026e+01 -1.047549e+01
8.689635e+14 3.991923e-26 3.468836e-11 1.493900e+01 -1.045982e+01
8.664520e+14 4.316335e-26 3.739898e-11 1.493774e+01 -1.042714e+01
8.639550e+14 4.108475e-26 3.549538e-11 1.493649e+01 -1.044983e+01
8.614724e+14 4.103974e-26 3.535460e-11 1.493524e+01 -1.045155e+01
8.590040e+14 4.147458e-26 3.562683e-11 1.493400e+01 -1.044822e+01
8.565497e+14 4.587958e-26 3.929814e-11 1.493275e+01 -1.040563e+01
8.541094e+14 4.726159e-26 4.036657e-11 1.493151e+01 -1.039398e+01
8.516830e+14 4.470220e-26 3.807210e-11 1.493028e+01 -1.041939e+01
8.492703e+14 4.636462e-26 3.937609e-11 1.492905e+01 -1.040477e+01
8.468712e+14 5.232110e-26 4.430923e-11 1.492782e+01 -1.035351e+01
8.444856e+14 5.145731e-26 4.345496e-11 1.492659e+01 -1.036196e+01
8.421135e+14 4.672788e-26 3.935018e-11 1.492537e+01 -1.040505e+01
8.397546e+14 4.173492e-26 3.504709e-11 1.492415e+01 -1.045535e+01
8.374089e+14 3.728095e-26 3.121940e-11 1.492294e+01 -1.050558e+01
8.350763e+14 4.251914e-26 3.550673e-11 1.492173e+01 -1.044969e+01
8.327567e+14 4.902184e-26 4.082327e-11 1.492052e+01 -1.038909e+01
8.304499e+14 4.683515e-26 3.889424e-11 1.491931e+01 -1.041011e+01
8.281558e+14 4.991916e-26 4.134084e-11 1.491811e+01 -1.038362e+01
8.258744e+14 5.245182e-26 4.331861e-11 1.491691e+01 -1.036333e+01
8.236055e+14 5.317339e-26 4.379389e-11 1.491572e+01 -1.035859e+01
8.213490e+14 5.805983e-26 4.768739e-11 1.491453e+01 -1.032160e+01
8.191049e+14 6.653983e-26 5.450310e-11 1.491334e+01 -1.026358e+01
8.168730e+14 6.423656e-26 5.247312e-11 1.491215e+01 -1.028006e+01
8.146533e+14 5.988584e-26 4.878620e-11 1.491097e+01 -1.031170e+01
8.124455e+14 6.195656e-26 5.033633e-11 1.490979e+01 -1.029812e+01
8.102497e+14 6.427038e-26 5.207505e-11 1.490862e+01 -1.028337e+01
8.080658e+14 6.028899e-26 4.871747e-11 1.490745e+01 -1.031232e+01
8.058935e+14 5.743863e-26 4.628942e-11 1.490628e+01 -1.033452e+01
8.037330e+14 5.004922e-26 4.022621e-11 1.490511e+01 -1.039549e+01
8.015840e+14 4.728713e-26 3.790460e-11 1.490395e+01 -1.042131e+01
7.994464e+14 5.193070e-26 4.151581e-11 1.490279e+01 -1.038179e+01
7.973202e+14 5.729708e-26 4.568412e-11 1.490163e+01 -1.034023e+01
7.952053e+14 6.553312e-26 5.211228e-11 1.490048e+01 -1.028306e+01
7.931016e+14 7.383758e-26 5.856070e-11 1.489933e+01 -1.023239e+01
7.910090e+14 6.541034e-26 5.174017e-11 1.489818e+01 -1.028617e+01
7.889274e+14 6.400652e-26 5.049649e-11 1.489704e+01 -1.029674e+01
7.868567e+14 6.290646e-26 4.949837e-11 1.489590e+01 -1.030541e+01
7.847969e+14 5.320757e-26 4.175713e-11 1.489476e+01 -1.037927e+01
7.827478e+14 4.473728e-26 3.501800e-11 1.489362e+01 -1.045571e+01
7.807094e+14 4.988401e-26 3.894492e-11 1.489249e+01 -1.040955e+01
7.786816e+14 5.793171e-26 4.511035e-11 1.489136e+01 -1.034572e+01
7.766642e+14 5.807683e-26 4.510620e-11 1.489023e+01 -1.034576e+01
7.746574e+14 5.850026e-26 4.531766e-11 1.488911e+01 -1.034373e+01
7.726608e+14 5.799626e-26 4.481144e-11 1.488799e+01 -1.034861e+01
7.706746e+14 6.490607e-26 5.002146e-11 1.488687e+01 -1.030084e+01
7.686985e+14 7.229225e-26 5.557094e-11 1.488576e+01 -1.025515e+01
7.667325e+14 7.911055e-26 6.065663e-11 1.488464e+01 -1.021712e+01
7.647765e+14 7.262389e-26 5.554104e-11 1.488353e+01 -1.025539e+01
7.628305e+14 5.345522e-26 4.077727e-11 1.488243e+01 -1.038958e+01
7.608944e+14 5.779650e-26 4.397704e-11 1.488132e+01 -1.035677e+01
7.589681e+14 7.917433e-26 6.009079e-11 1.488022e+01 -1.022119e+01
7.570515e+14 6.797550e-26 5.146095e-11 1.487913e+01 -1.028852e+01
7.551446e+14 6.000196e-26 4.531015e-11 1.487803e+01 -1.034380e+01
7.532472e+14 9.165637e-26 6.903991e-11 1.487694e+01 -1.016090e+01
7.513594e+14 1.134453e-25 8.523821e-11 1.487585e+01 -1.006937e+01
7.494810e+14 1.220481e-25 9.147273e-11 1.487476e+01 -1.003871e+01
7.476120e+14 1.286722e-25 9.619685e-11 1.487368e+01 -1.001684e+01
7.457522e+14 1.322704e-25 9.864093e-11 1.487259e+01 -1.000594e+01
7.439017e+14 1.289372e-25 9.591662e-11 1.487152e+01 -1.001811e+01
7.420604e+14 1.253949e-25 9.305059e-11 1.487044e+01 -1.003128e+01
7.402281e+14 1.279654e-25 9.472362e-11 1.486937e+01 -1.002354e+01
7.384049e+14 1.226838e-25 9.059034e-11 1.486829e+01 -1.004292e+01
7.365907e+14 1.238485e-25 9.122567e-11 1.486723e+01 -1.003988e+01
7.347853e+14 1.319626e-25 9.696416e-11 1.486616e+01 -1.001339e+01
7.329888e+14 1.394113e-25 1.021869e-10 1.486510e+01 -9.990605e+00
7.312010e+14 1.282855e-25 9.380250e-11 1.486404e+01 -1.002779e+01
7.294219e+14 1.325722e-25 9.670108e-11 1.486298e+01 -1.001457e+01
7.276515e+14 1.376673e-25 1.001738e-10 1.486192e+01 -9.999246e+00
7.258896e+14 1.357533e-25 9.854189e-11 1.486087e+01 -1.000638e+01
7.241362e+14 1.291237e-25 9.350313e-11 1.485982e+01 -1.002917e+01
7.223913e+14 1.290460e-25 9.322172e-11 1.485877e+01 -1.003048e+01
7.206548e+14 1.352530e-25 9.747070e-11 1.485773e+01 -1.001113e+01
7.189266e+14 1.305359e-25 9.384574e-11 1.485668e+01 -1.002759e+01
7.172067e+14 1.308371e-25 9.383721e-11 1.485564e+01 -1.002762e+01
7.154950e+14 1.359837e-25 9.729563e-11 1.485461e+01 -1.001191e+01
7.137914e+14 1.344553e-25 9.597302e-11 1.485357e+01 -1.001785e+01
7.120960e+14 1.439128e-25 1.024797e-10 1.485254e+01 -9.989362e+00
7.104085e+14 1.350335e-25 9.592895e-11 1.485151e+01 -1.001805e+01
7.087291e+14 1.325059e-25 9.391080e-11 1.485048e+01 -1.002728e+01
7.070575e+14 1.484214e-25 1.049425e-10 1.484945e+01 -9.979049e+00
7.053939e+14 1.468077e-25 1.035573e-10 1.484843e+01 -9.984819e+00
7.037380e+14 1.480491e-25 1.041878e-10 1.484741e+01 -9.982183e+00
7.020899e+14 1.447306e-25 1.016139e-10 1.484639e+01 -9.993047e+00
7.004495e+14 1.450251e-25 1.015828e-10 1.484538e+01 -9.993180e+00
6.988168e+14 1.374922e-25 9.608188e-11 1.484436e+01 -1.001736e+01
6.971916e+14 1.255548e-25 8.753575e-11 1.484335e+01 -1.005781e+01
6.955740e+14 1.393398e-25 9.692117e-11 1.484234e+01 -1.001358e+01
6.939639e+14 1.630756e-25 1.131686e-10 1.484134e+01 -9.946274e+00
6.923612e+14 1.639625e-25 1.135213e-10 1.484033e+01 -9.944923e+00
6.907659e+14 1.724225e-25 1.191036e-10 1.483933e+01 -9.924075e+00
6.891779e+14 1.797208e-25 1.238596e-10 1.483833e+01 -9.907070e+00
6.875972e+14 1.903140e-25 1.308594e-10 1.483733e+01 -9.883195e+00
6.860238e+14 1.844250e-25 1.265199e-10 1.483634e+01 -9.897841e+00
6.844575e+14 1.657150e-25 1.134249e-10 1.483535e+01 -9.945292e+00
6.828984e+14 1.690544e-25 1.154469e-10 1.483436e+01 -9.937618e+00
6.813464e+14 1.762305e-25 1.200740e-10 1.483337e+01 -9.920551e+00
6.798014e+14 1.837386e-25 1.249057e-10 1.483238e+01 -9.903418e+00
6.782633e+14 1.987287e-25 1.347904e-10 1.483140e+01 -9.870341e+00
6.767323e+14 1.928390e-25 1.305004e-10 1.483042e+01 -9.884388e+00
6.752081e+14 1.978902e-25 1.336171e-10 1.482944e+01 -9.874138e+00
6.736908e+14 2.009050e-25 1.353478e-10 1.482846e+01 -9.868549e+00
6.721803e+14 1.887165e-25 1.268515e-10 1.482749e+01 -9.896704e+00
6.706765e+14 2.106755e-25 1.412951e-10 1.482651e+01 -9.849873e+00
6.691795e+14 2.236135e-25 1.496375e-10 1.482554e+01 -9.824959e+00
6.676891e+14 2.257401e-25 1.507242e-10 1.482457e+01 -9.821817e+00
6.662053e+14 2.301201e-25 1.533073e-10 1.482361e+01 -9.814437e+00
6.647282e+14 2.374232e-25 1.578219e-10 1.482264e+01 -9.801833e+00
6.632575e+14 2.206271e-25 1.463326e-10 1.482168e+01 -9.834659e+00
6.617934e+14 2.086715e-25 1.380974e-10 1.482072e+01 -9.859814e+00
6.603357e+14 2.246729e-25 1.483595e-10 1.481976e+01 -9.828685e+00
6.588844e+14 2.294983e-25 1.512129e-10 1.481881e+01 -9.820411e+00
6.574395e+14 2.402944e-25 1.579790e-10 1.481786e+01 -9.801401e+00
6.560009e+14 2.368729e-25 1.553888e-10 1.481690e+01 -9.808580e+00
6.545686e+14 2.385215e-25 1.561287e-10 1.481596e+01 -9.806517e+00
6.531425e+14 2.322750e-25 1.517087e-10 1.481501e+01 -9.818990e+00
6.517226e+14 2.385879e-25 1.554932e-10 1.481406e+01 -9.808289e+00
6.503089e+14 2.527726e-25 1.643802e-10 1.481312e+01 -9.784150e+00
6.489013e+14 2.590920e-25 1.681251e-10 1.481218e+01 -9.774367e+00
6.474998e+14 2.527230e-25 1.636381e-10 1.481124e+01 -9.786116e+00
6.461043e+14 2.416518e-25 1.561323e-10 1.481030e+01 -9.806507e+00
6.447148e+14 2.416618e-25 1.558029e-10 1.480937e+01 -9.807424e+00
6.433313e+14 2.479894e-25 1.595394e-10 1.480843e+01 -9.797132e+00
6.419537e+14 2.418904e-25 1.552825e-10 1.480750e+01 -9.808878e+00
6.405821e+14 2.512964e-25 1.609759e-10 1.480657e+01 -9.793239e+00
6.392162e+14 2.521408e-25 1.611725e-10 1.480565e+01 -9.792709e+00
6.378562e+14 2.477359e-25 1.580199e-10 1.480472e+01 -9.801288e+00
6.365019e+14 2.484036e-25 1.581094e-10 1.480380e+01 -9.801042e+00
6.351534e+14 2.621246e-25 1.664893e-10 1.480288e+01 -9.778614e+00
6.338106e+14 2.606301e-25 1.651901e-10 1.480196e+01 -9.782016e+00
6.324734e+14 2.711557e-25 1.714988e-10 1.480104e+01 -9.765739e+00
6.311419e+14 2.759808e-25 1.741830e-10 1.480013e+01 -9.758994e+00
6.298160e+14 2.650025e-25 1.669028e-10 1.479921e+01 -9.777536e+00
6.284956e+14 2.650569e-25 1.665871e-10 1.479830e+01 -9.778359e+00
6.271808e+14 2.746868e-25 1.722783e-10 1.479739e+01 -9.763769e+00
6.258714e+14 2.779756e-25 1.739770e-10 1.479649e+01 -9.759508e+00
6.245675e+14 2.850423e-25 1.780282e-10 1.479558e+01 -9.749511e+00
6.232690e+14 2.803018e-25 1.747034e-10 1.479468e+01 -9.757699e+00
6.219759e+14 2.855281e-25 1.775916e-10 1.479377e+01 -9.750578e+00
6.206882e+14 2.861706e-25 1.776227e-10 1.479287e+01 -9.750502e+00
6.194058e+14 2.813531e-25 1.742717e-10 1.479198e+01 -9.758773e+00
6.181287e+14 2.705696e-25 1.672468e-10 1.479108e+01 -9.776642e+00
6.168568e+14 2.547920e-25 1.571702e-10 1.479018e+01 -9.803630e+00
6.155901e+14 2.681088e-25 1.650451e-10 1.478929e+01 -9.782397e+00
6.143287e+14 2.726510e-25 1.674973e-10 1.478840e+01 -9.775992e+00
6.130724e+14 2.771680e-25 1.699241e-10 1.478751e+01 -9.769745e+00
6.118212e+14 2.936864e-25 1.796836e-10 1.478662e+01 -9.745492e+00
6.105752e+14 2.856185e-25 1.743915e-10 1.478574e+01 -9.758475e+00
6.093341e+14 2.819328e-25 1.717913e-10 1.478486e+01 -9.764999e+00
6.080982e+14 2.910645e-25 1.769958e-10 1.478397e+01 -9.752037e+00
6.068672e+14 2.987851e-25 1.813229e-10 1.478309e+01 -9.741547e+00
6.056412e+14 3.019941e-25 1.829001e-10 1.478222e+01 -9.737786e+00
6.044202e+14 2.856473e-25 1.726510e-10 1.478134e+01 -9.762831e+00
6.032040e+14 2.897641e-25 1.747869e-10 1.478046e+01 -9.757491e+00
6.019928e+14 2.912202e-25 1.753125e-10 1.477959e+01 -9.756187e+00
6.007864e+14 2.810202e-25 1.688331e-10 1.477872e+01 -9.772542e+00
5.995848e+14 2.800799e-25 1.679317e-10 1.477785e+01 -9.774867e+00
5.983880e+14 2.627801e-25 1.572445e-10 1.477698e+01 -9.803425e+00
5.971960e+14 2.739877e-25 1.636244e-10 1.477612e+01 -9.786152e+00
5.960087e+14 2.890215e-25 1.722594e-10 1.477525e+01 -9.763817e+00
5.948262e+14 2.833067e-25 1.685182e-10 1.477439e+01 -9.773353e+00
5.936483e+14 2.893934e-25 1.717979e-10 1.477353e+01 -9.764982e+00
5.924751e+14 3.090033e-25 1.830768e-10 1.477267e+01 -9.737367e+00
5.913065e+14 2.923190e-25 1.728501e-10 1.477181e+01 -9.762330e+00
5.901425e+14 2.835225e-25 1.673187e-10 1.477096e+01 -9.776456e+00
5.889831e+14 2.878692e-25 1.695501e-10 1.477010e+01 -9.770702e+00
5.878282e+14 2.854563e-25 1.677993e-10 1.476925e+01 -9.775210e+00
5.866779e+14 2.959155e-25 1.736071e-10 1.476840e+01 -9.760433e+00
5.855320e+14 2.940210e-25 1.721587e-10 1.476755e+01 -9.764071e+00
5.843906e+14 2.866478e-25 1.675143e-10 1.476670e+01 -9.775948e+00
5.832537e+14 2.890283e-25 1.685768e-10 1.476586e+01 -9.773202e+00
5.821212e+14 2.815956e-25 1.639227e-10 1.476501e+01 -9.785361e+00
5.809930e+14 2.750910e-25 1.598260e-10 1.476417e+01 -9.796353e+00
5.798692e+14 2.576626e-25 1.494106e-10 1.476333e+01 -9.825618e+00
5.787498e+14 2.555658e-25 1.479087e-10 1.476249e+01 -9.830006e+00
5.776347e+14 2.769184e-25 1.599577e-10 1.476165e+01 -9.795995e+00
5.765238e+14 2.886020e-25 1.663859e-10 1.476082e+01 -9.778883e+00
5.754173e+14 2.920846e-25 1.680706e-10 1.475998e+01 -9.774508e+00
5.743149e+14 3.089513e-25 1.774354e-10 1.475915e+01 -9.750960e+00
5.732168e+14 3.114108e-25 1.785059e-10 1.475832e+01 -9.748347e+00
5.721229e+14 3.297794e-25 1.886744e-10 1.475749e+01 -9.724287e+00
5.710331e+14 3.189344e-25 1.821221e-10 1.475666e+01 -9.739637e+00
5.699475e+14 3.150258e-25 1.795482e-10 1.475583e+01 -9.745819e+00
5.688660e+14 2.914419e-25 1.657914e-10 1.475501e+01 -9.780438e+00
5.677886e+14 3.354830e-25 1.904834e-10 1.475419e+01 -9.720143e+00
5.667153e+14 3.439269e-25 1.949086e-10 1.475336e+01 -9.710169e+00
5.656460e+14 3.537364e-25 2.000896e-10 1.475254e+01 -9.698775e+00
5.645808e+14 3.652550e-25 2.062160e-10 1.475173e+01 -9.685678e+00
5.635195e+14 3.419041e-25 1.926697e-10 1.475091e+01 -9.715187e+00
5.624623e+14 3.280003e-25 1.844878e-10 1.475009e+01 -9.734032e+00
5.614090e+14 3.441475e-25 1.932075e-10 1.474928e+01 -9.713976e+00
5.603596e+14 3.554407e-25 1.991746e-10 1.474847e+01 -9.700766e+00
5.593142e+14 3.718313e-25 2.079705e-10 1.474766e+01 -9.681998e+00
5.582726e+14 3.483611e-25 1.944805e-10 1.474685e+01 -9.711124e+00
5.572349e+14 3.628099e-25 2.021704e-10 1.474604e+01 -9.694282e+00
5.562011e+14 3.553605e-25 1.976519e-10 1.474523e+01 -9.704099e+00
5.551711e+14 3.396956e-25 1.885892e-10 1.474443e+01 -9.724483e+00
5.541449e+14 3.474330e-25 1.925282e-10 1.474362e+01 -9.715506e+00
5.531225e+14 3.644605e-25 2.015913e-10 1.474282e+01 -9.695528e+00
5.521039e+14 3.613414e-25 1.994980e-10 1.474202e+01 -9.700061e+00
5.510890e+14 3.716370e-25 2.048050e-10 1.474122e+01 -9.688659e+00
5.500778e+14 3.643541e-25 2.004231e-10 1.474042e+01 -9.698052e+00
5.490703e+14 3.632614e-25 1.994561e-10 1.473963e+01 -9.700153e+00
5.480665e+14 3.621534e-25 1.984842e-10 1.473883e+01 -9.702274e+00
5.470664e+14 3.575315e-25 1.955935e-10 1.473804e+01 -9.708646e+00
5.460699e+14 3.711265e-25 2.026611e-10 1.473725e+01 -9.693230e+00
5.450771e+14 3.738894e-25 2.037985e-10 1.473646e+01 -9.690799e+00
5.440878e+14 3.639326e-25 1.980113e-10 1.473567e+01 -9.703310e+00
5.431022e+14 3.822929e-25 2.076241e-10 1.473488e+01 -9.682722e+00
5.421201e+14 3.818980e-25 2.070346e-10 1.473410e+01 -9.683957e+00
5.411415e+14 3.918613e-25 2.120524e-10 1.473331e+01 -9.673557e+00
5.401665e+14 3.922008e-25 2.118537e-10 1.473253e+01 -9.673964e+00
5.391950e+14 3.918148e-25 2.112646e-10 1.473175e+01 -9.675173e+00
5.382269e+14 3.820214e-25 2.056142e-10 1.473097e+01 -9.686947e+00
5.372624e+14 3.859334e-25 2.073475e-10 1.473019e+01 -9.683301e+00
5.363013e+14 3.720290e-25 1.995196e-10 1.472941e+01 -9.700014e+00
5.353436e+14 3.762839e-25 2.014412e-10 1.472863e+01 -9.695852e+00
5.343893e+14 3.889945e-25 2.078745e-10 1.472786e+01 -9.682199e+00
5.334384e+14 3.940619e-25 2.102078e-10 1.472708e+01 -9.677351e+00
5.324909e+14 3.899268e-25 2.076325e-10 1.472631e+01 -9.682705e+00
5.315468e+14 3.953893e-25 2.101679e-10 1.472554e+01 -9.677434e+00
5.306060e+14 4.064615e-25 2.156709e-10 1.472477e+01 -9.666208e+00
5.296686e+14 4.000645e-25 2.119016e-10 1.472400e+01 -9.673866e+00
5.287344e+14 3.999813e-25 2.114839e-10 1.472324e+01 -9.674723e+00
5.278035e+14 4.119169e-25 2.174112e-10 1.472247e+01 -9.662718e+00
5.268759e+14 4.186488e-25 2.205760e-10 1.472171e+01 -9.656442e+00
5.259516e+14 4.140658e-25 2.177786e-10 1.472095e+01 -9.661985e+00
5.250305e+14 4.056447e-25 2.129758e-10 1.472018e+01 -9.671670e+00
5.241126e+14 4.196447e-25 2.199411e-10 1.471942e+01 -9.657694e+00
5.231979e+14 4.322052e-25 2.261289e-10 1.471867e+01 -9.645644e+00
5.222864e+14 4.344828e-25 2.269244e-10 1.471791e+01 -9.644119e+00
5.213781e+14 4.352276e-25 2.269182e-10 1.471715e+01 -9.644131e+00
5.204729e+14 4.301723e-25 2.238930e-10 1.471640e+01 -9.649959e+00
5.195709e+14 4.293402e-25 2.230727e-10 1.471564e+01 -9.651554e+00
5.186720e+14 4.242135e-25 2.200277e-10 1.471489e+01 -9.657523e+00
5.177762e+14 4.319312e-25 2.236437e-10 1.471414e+01 -9.650443e+00
5.168834e+14 4.424378e-25 2.286888e-10 1.471339e+01 -9.640755e+00
5.159938e+14 4.384595e-25 2.262424e-10 1.471264e+01 -9.645426e+00
5.151072e+14 4.490457e-25 2.313067e-10 1.471190e+01 -9.635812e+00
5.142237e+14 4.529659e-25 2.329258e-10 1.471115e+01 -9.632782e+00
5.133432e+14 4.477669e-25 2.298581e-10 1.471041e+01 -9.638540e+00
5.124656e+14 4.504976e-25 2.308646e-10 1.470966e+01 -9.636643e+00
5.115911e+14 4.352377e-25 2.226637e-10 1.470892e+01 -9.652351e+00
5.107196e+14 4.266894e-25 2.179186e-10 1.470818e+01 -9.661706e+00
5.098510e+14 4.144502e-25 2.113079e-10 1.470744e+01 -9.675084e+00
5.089854e+14 4.190942e-25 2.133128e-10 1.470671e+01 -9.670983e+00
5.081227e+14 4.132193e-25 2.099661e-10 1.470597e+01 -9.677851e+00
5.072629e+14 4.219452e-25 2.140372e-10 1.470523e+01 -9.669511e+00
5.064061e+14 4.388885e-25 2.222558e-10 1.470450e+01 -9.653147e+00
5.055521e+14 4.379146e-25 2.213887e-10 1.470377e+01 -9.654845e+00
5.047010e+14 4.496686e-25 2.269482e-10 1.470303e+01 -9.644073e+00
5.038528e+14 4.449976e-25 2.242133e-10 1.470230e+01 -9.649339e+00
5.030074e+14 4.514603e-25 2.270879e-10 1.470157e+01 -9.643806e+00
5.021648e+14 4.521462e-25 2.270519e-10 1.470085e+01 -9.643875e+00
5.013251e+14 4.590778e-25 2.301472e-10 1.470012e+01 -9.637994e+00
5.004881e+14 4.585246e-25 2.294861e-10 1.469939e+01 -9.639244e+00
4.996540e+14 4.558630e-25 2.277738e-10 1.469867e+01 -9.642496e+00
4.988226e+14 4.552800e-25 2.271040e-10 1.469795e+01 -9.643775e+00
4.979940e+14 4.660842e-25 2.321072e-10 1.469722e+01 -9.634311e+00
4.971682e+14 4.680575e-25 2.327033e-10 1.469650e+01 -9.633197e+00
4.963450e+14 4.717362e-25 2.341439e-10 1.469578e+01 -9.630517e+00
4.955246e+14 4.779899e-25 2.368558e-10 1.469507e+01 -9.625516e+00
4.947069e+14 4.774323e-25 2.361891e-10 1.469435e+01 -9.626740e+00
4.938919e+14 4.845891e-25 2.393347e-10 1.469363e+01 -9.620994e+00
4.930796e+14 4.848952e-25 2.390919e-10 1.469292e+01 -9.621435e+00
4.922700e+14 4.808749e-25 2.367203e-10 1.469220e+01 -9.625765e+00
4.914630e+14 4.798546e-25 2.358307e-10 1.469149e+01 -9.627400e+00
4.906586e+14 4.840385e-25 2.374977e-10 1.469078e+01 -9.624341e+00
4.898569e+14 4.799521e-25 2.351078e-10 1.469007e+01 -9.628733e+00
4.890577e+14 4.802086e-25 2.348497e-10 1.468936e+01 -9.629210e+00
4.882612e+14 4.791415e-25 2.339462e-10 1.468865e+01 -9.630884e+00
4.874673e+14 4.771787e-25 2.326090e-10 1.468795e+01 -9.633373e+00
4.866760e+14 4.637023e-25 2.256728e-10 1.468724e+01 -9.646521e+00
4.858872e+14 4.603308e-25 2.236688e-10 1.468654e+01 -9.650395e+00
4.851010e+14 4.609343e-25 2.235997e-10 1.468583e+01 -9.650529e+00
4.843173e+14 4.624272e-25 2.239615e-10 1.468513e+01 -9.649827e+00
4.835361e+14 4.724308e-25 2.284373e-10 1.468443e+01 -9.641233e+00
4.827575e+14 4.690143e-25 2.264201e-10 1.468373e+01 -9.645085e+00
4.819814e+14 4.574558e-25 2.204852e-10 1.468303e+01 -9.656621e+00
4.812077e+14 4.566672e-25 2.197518e-10 1.468233e+01 -9.658068e+00
4.804365e+14 4.581344e-25 2.201045e-10 1.468164e+01 -9.657371e+00
4.796678e+14 4.605141e-25 2.208938e-10 1.468094e+01 -9.655817e+00
4.789016e+14 4.574238e-25 2.190610e-10 1.468025e+01 -9.659435e+00
4.781378e+14 4.703356e-25 2.248852e-10 1.467955e+01 -9.648039e+00
4.773764e+14 4.773503e-25 2.278758e-10 1.467886e+01 -9.642302e+00
4.766175e+14 4.825589e-25 2.299960e-10 1.467817e+01 -9.638280e+00
4.758610e+14 4.891805e-25 2.327819e-10 1.467748e+01 -9.633051e+00
4.751068e+14 4.935176e-25 2.344736e-10 1.467679e+01 -9.629906e+00
4.743551e+14 4.927566e-25 2.337416e-10 1.467610e+01 -9.631264e+00
4.736057e+14 4.961843e-25 2.349957e-10 1.467542e+01 -9.628940e+00
4.728587e+14 4.982215e-25 2.355884e-10 1.467473e+01 -9.627846e+00
4.721140e+14 5.035523e-25 2.377341e-10 1.467405e+01 -9.623909e+00
4.713717e+14 5.093804e-25 2.401075e-10 1.467336e+01 -9.619594e+00
4.706317e+14 5.133470e-25 2.415974e-10 1.467268e+01 -9.616908e+00
4.698940e+14 5.215986e-25 2.450961e-10 1.467200e+01 -9.610664e+00
4.691587e+14 5.146729e-25 2.414633e-10 1.467132e+01 -9.617149e+00
4.684256e+14 5.196252e-25 2.434057e-10 1.467064e+01 -9.613669e+00
4.676949e+14 5.226862e-25 2.444576e-10 1.466996e+01 -9.611796e+00
4.669664e+14 5.209573e-25 2.432695e-10 1.466929e+01 -9.613912e+00
4.662401e+14 5.254713e-25 2.449958e-10 1.466861e+01 -9.610841e+00
4.655161e+14 5.329047e-25 2.480758e-10 1.466793e+01 -9.605416e+00
4.647944e+14 5.321378e-25 2.473347e-10 1.466726e+01 -9.606715e+00
4.640749e+14 5.342753e-25 2.479438e-10 1.466659e+01 -9.605647e+00
4.633577e+14 5.373936e-25 2.490054e-10 1.466592e+01 -9.603791e+00
4.626426e+14 5.390561e-25 2.493903e-10 1.466525e+01 -9.603120e+00
4.619297e+14 5.313983e-25 2.454687e-10 1.466458e+01 -9.610004e+00
4.612191e+14 5.350059e-25 2.467549e-10 1.466391e+01 -9.607734e+00
4.605106e+14 5.494896e-25 2.530458e-10 1.466324e+01 -9.596801e+00
4.598043e+14 5.531599e-25 2.543453e-10 1.466257e+01 -9.594576e+00
4.591002e+14 5.598254e-25 2.570159e-10 1.466191e+01 -9.590040e+00
4.583982e+14 5.585518e-25 2.560391e-10 1.466124e+01 -9.591694e+00
4.576983e+14 5.487661e-25 2.511693e-10 1.466058e+01 -9.600033e+00
4.570006e+14 5.303904e-25 2.423888e-10 1.465992e+01 -9.615488e+00
4.563050e+14 5.400542e-25 2.464295e-10 1.465926e+01 -9.608307e+00
4.556116e+14 5.467432e-25 2.491025e-10 1.465859e+01 -9.603622e+00
4.549202e+14 5.448650e-25 2.478701e-10 1.465794e+01 -9.605776e+00
4.542309e+14 5.541315e-25 2.517037e-10 1.465728e+01 -9.599110e+00
4.535437e+14 5.583569e-25 2.532393e-10 1.465662e+01 -9.596469e+00
4.528586e+14 5.523897e-25 2.501544e-10 1.465596e+01 -9.601792e+00
4.521756e+14 5.438184e-25 2.459014e-10 1.465531e+01 -9.609239e+00
4.514946e+14 5.562461e-25 2.511421e-10 1.465465e+01 -9.600081e+00
4.508156e+14 5.481347e-25 2.471077e-10 1.465400e+01 -9.607114e+00
4.501387e+14 5.466841e-25 2.460837e-10 1.465335e+01 -9.608917e+00
4.494639e+14 5.457357e-25 2.452885e-10 1.465269e+01 -9.610323e+00
4.487910e+14 5.421751e-25 2.433233e-10 1.465204e+01 -9.613816e+00
4.481202e+14 5.505775e-25 2.467249e-10 1.465139e+01 -9.607787e+00
4.474513e+14 5.464724e-25 2.445198e-10 1.465075e+01 -9.611686e+00
4.467845e+14 5.475804e-25 2.446504e-10 1.465010e+01 -9.611454e+00
4.461196e+14 5.444791e-25 2.429028e-10 1.464945e+01 -9.614567e+00
4.454568e+14 5.508495e-25 2.453796e-10 1.464881e+01 -9.610161e+00
4.447958e+14 5.514293e-25 2.452735e-10 1.464816e+01 -9.610349e+00
4.441369e+14 5.535976e-25 2.458731e-10 1.464752e+01 -9.609289e+00
4.434799e+14 5.541744e-25 2.457652e-10 1.464687e+01 -9.609480e+00
4.428248e+14 5.659597e-25 2.506210e-10 1.464623e+01 -9.600983e+00
4.421717e+14 5.649554e-25 2.498073e-10 1.464559e+01 -9.602395e+00
4.415205e+14 5.596411e-25 2.470930e-10 1.464495e+01 -9.607140e+00
4.408712e+14 5.618294e-25 2.476944e-10 1.464431e+01 -9.606084e+00
4.402238e+14 5.678051e-25 2.499613e-10 1.464367e+01 -9.602127e+00
4.395783e+14 5.759760e-25 2.531865e-10 1.464304e+01 -9.596559e+00
4.389347e+14 5.738623e-25 2.518881e-10 1.464240e+01 -9.598792e+00
4.382930e+14 5.848093e-25 2.563178e-10 1.464176e+01 -9.591221e+00
4.376531e+14 5.777746e-25 2.528649e-10 1.464113e+01 -9.597111e+00
4.370152e+14 5.635646e-25 2.462863e-10 1.464050e+01 -9.608560e+00
4.363790e+14 5.718066e-25 2.495244e-10 1.463986e+01 -9.602887e+00
4.357448e+14 5.756781e-25 2.508487e-10 1.463923e+01 -9.600588e+00
4.351123e+14 5.767998e-25 2.509727e-10 1.463860e+01 -9.600374e+00
4.344817e+14 5.912317e-25 2.568794e-10 1.463797e+01 -9.590271e+00
4.338530e+14 5.829344e-25 2.529078e-10 1.463734e+01 -9.597038e+00
4.332260e+14 5.851807e-25 2.535155e-10 1.463671e+01 -9.595995e+00
4.326009e+14 5.913489e-25 2.558180e-10 1.463609e+01 -9.592069e+00
4.319775e+14 5.964232e-25 2.576414e-10 1.463546e+01 -9.588984e+00
4.313560e+14 5.958925e-25 2.570418e-10 1.463484e+01 -9.589996e+00
4.307362e+14 6.026873e-25 2.595993e-10 1.463421e+01 -9.585697e+00
4.301182e+14 6.010248e-25 2.585117e-10 1.463359e+01 -9.587520e+00
4.295020e+14 5.913994e-25 2.540072e-10 1.463297e+01 -9.595154e+00
4.288876e+14 5.913876e-25 2.536388e-10 1.463234e+01 -9.595784e+00
4.282749e+14 6.056390e-25 2.593799e-10 1.463172e+01 -9.586064e+00
4.276639e+14 6.067981e-25 2.595057e-10 1.463110e+01 -9.585853e+00
4.270547e+14 6.027898e-25 2.574242e-10 1.463048e+01 -9.589351e+00
4.264472e+14 6.217800e-25 2.651564e-10 1.462987e+01 -9.576498e+00
4.258415e+14 6.241275e-25 2.657794e-10 1.462925e+01 -9.575479e+00
4.252374e+14 6.305339e-25 2.681266e-10 1.462863e+01 -9.571660e+00
4.246351e+14 6.032916e-25 2.561788e-10 1.462802e+01 -9.591457e+00
4.240345e+14 6.020904e-25 2.553071e-10 1.462740e+01 -9.592937e+00
4.234356e+14 6.154737e-25 2.606135e-10 1.462679e+01 -9.584003e+00
4.228384e+14 5.967178e-25 2.523152e-10 1.462617e+01 -9.598057e+00
4.222428e+14 5.948788e-25 2.511833e-10 1.462556e+01 -9.600009e+00
4.216489e+14 6.018558e-25 2.537719e-10 1.462495e+01 -9.595557e+00
4.210567e+14 6.005972e-25 2.528855e-10 1.462434e+01 -9.597076e+00
4.204662e+14 5.798404e-25 2.438033e-10 1.462373e+01 -9.612960e+00
4.198773e+14 5.686402e-25 2.387591e-10 1.462312e+01 -9.622040e+00
4.192901e+14 5.810135e-25 2.436132e-10 1.462251e+01 -9.613299e+00
4.187045e+14 6.061700e-25 2.538061e-10 1.462191e+01 -9.595498e+00
4.181205e+14 5.988213e-25 2.503795e-10 1.462130e+01 -9.601401e+00
4.175382e+14 5.987512e-25 2.500015e-10 1.462070e+01 -9.602057e+00
4.169574e+14 5.902425e-25 2.461060e-10 1.462009e+01 -9.608878e+00
4.163783e+14 5.889868e-25 2.452413e-10 1.461949e+01 -9.610406e+00
4.158008e+14 5.892312e-25 2.450028e-10 1.461889e+01 -9.610829e+00
4.152249e+14 6.078701e-25 2.524028e-10 1.461828e+01 -9.597906e+00
4.146506e+14 6.107731e-25 2.532574e-10 1.461768e+01 -9.596438e+00
4.140779e+14 6.161276e-25 2.551248e-10 1.461708e+01 -9.593247e+00
4.135068e+14 6.003184e-25 2.482357e-10 1.461648e+01 -9.605136e+00
4.129372e+14 6.102647e-25 2.520010e-10 1.461588e+01 -9.598598e+00
4.123692e+14 6.224756e-25 2.566897e-10 1.461529e+01 -9.590591e+00
4.118027e+14 6.149282e-25 2.532291e-10 1.461469e+01 -9.596486e+00
4.112379e+14 6.265243e-25 2.576505e-10 1.461409e+01 -9.588969e+00
4.106745e+14 6.276235e-25 2.577490e-10 1.461350e+01 -9.588803e+00
4.101127e+14 6.436616e-25 2.639738e-10 1.461290e+01 -9.578439e+00
4.095525e+14 6.398061e-25 2.620342e-10 1.461231e+01 -9.581642e+00
4.089937e+14 6.509440e-25 2.662320e-10 1.461172e+01 -9.574740e+00
4.084365e+14 6.502109e-25 2.655699e-10 1.461112e+01 -9.575821e+00
4.078808e+14 6.412852e-25 2.615679e-10 1.461053e+01 -9.582416e+00
4.073266e+14 6.449245e-25 2.626949e-10 1.460994e+01 -9.580548e+00
4.067739e+14 6.517402e-25 2.651110e-10 1.460935e+01 -9.576572e+00
4.062228e+14 6.681030e-25 2.713987e-10 1.460876e+01 -9.566392e+00
4.056731e+14 6.654614e-25 2.699598e-10 1.460818e+01 -9.568701e+00
4.051249e+14 6.717291e-25 2.721342e-10 1.460759e+01 -9.565217e+00
4.045781e+14 6.773837e-25 2.740546e-10 1.460700e+01 -9.562163e+00
4.040329e+14 7.023026e-25 2.837533e-10 1.460642e+01 -9.547059e+00
4.034891e+14 6.919779e-25 2.792055e-10 1.460583e+01 -9.554076e+00
4.029468e+14 6.841693e-25 2.756838e-10 1.460525e+01 -9.559589e+00
4.024059e+14 6.918288e-25 2.783960e-10 1.460466e+01 -9.555337e+00
4.018665e+14 6.807212e-25 2.735590e-10 1.460408e+01 -9.562949e+00
4.013285e+14 7.026988e-25 2.820131e-10 1.460350e+01 -9.549731e+00
4.007920e+14 7.137065e-25 2.860478e-10 1.460292e+01 -9.543561e+00
4.002569e+14 7.031990e-25 2.814602e-10 1.460234e+01 -9.550583e+00
3.997232e+14 7.037674e-25 2.813122e-10 1.460176e+01 -9.550811e+00
3.991909e+14 7.253561e-25 2.895556e-10 1.460118e+01 -9.538268e+00
3.986601e+14 7.246540e-25 2.888906e-10 1.460060e+01 -9.539267e+00
3.981307e+14 7.113904e-25 2.832263e-10 1.460003e+01 -9.547866e+00
3.976027e+14 7.324874e-25 2.912389e-10 1.459945e+01 -9.535751e+00
3.970760e+14 7.377518e-25 2.929436e-10 1.459887e+01 -9.533216e+00
3.965508e+14 7.423707e-25 2.943877e-10 1.459830e+01 -9.531080e+00
3.960269e+14 7.329873e-25 2.902827e-10 1.459772e+01 -9.537179e+00
3.955045e+14 7.014586e-25 2.774300e-10 1.459715e+01 -9.556847e+00
3.949834e+14 6.708295e-25 2.649665e-10 1.459658e+01 -9.576809e+00
3.944637e+14 6.369363e-25 2.512483e-10 1.459601e+01 -9.599897e+00
3.939453e+14 6.587178e-25 2.594988e-10 1.459544e+01 -9.585865e+00
3.934283e+14 7.054993e-25 2.775634e-10 1.459487e+01 -9.556638e+00
3.929127e+14 6.842938e-25 2.688677e-10 1.459430e+01 -9.570461e+00
3.923984e+14 6.874486e-25 2.697537e-10 1.459373e+01 -9.569033e+00
3.918855e+14 7.008391e-25 2.746487e-10 1.459316e+01 -9.561222e+00
3.913739e+14 6.812780e-25 2.666344e-10 1.459259e+01 -9.574084e+00
3.908636e+14 6.834006e-25 2.671164e-10 1.459203e+01 -9.573299e+00
3.903547e+14 6.719913e-25 2.623149e-10 1.459146e+01 -9.581177e+00
3.898471e+14 6.723646e-25 2.621194e-10 1.459089e+01 -9.581501e+00
3.893408e+14 6.785348e-25 2.641813e-10 1.459033e+01 -9.578098e+00
3.888358e+14 6.862538e-25 2.668400e-10 1.458977e+01 -9.573749e+00
3.883321e+14 6.949779e-25 2.698823e-10 1.458920e+01 -9.568826e+00
3.878298e+14 7.051326e-25 2.734714e-10 1.458864e+01 -9.563088e+00
3.873287e+14 7.174264e-25 2.778798e-10 1.458808e+01 -9.556143e+00
3.868289e+14 7.017892e-25 2.714723e-10 1.458752e+01 -9.566274e+00
3.863304e+14 7.127209e-25 2.753458e-10 1.458696e+01 -9.560122e+00
3.858332e+14 7.229987e-25 2.789569e-10 1.458640e+01 -9.554463e+00
3.853373e+14 7.048355e-25 2.715994e-10 1.458584e+01 -9.566071e+00
3.848426e+14 7.267255e-25 2.796749e-10 1.458528e+01 -9.553346e+00
3.843492e+14 7.285924e-25 2.800339e-10 1.458473e+01 -9.552789e+00
3.838571e+14 7.311724e-25 2.806657e-10 1.458417e+01 -9.551811e+00
3.833662e+14 7.209354e-25 2.763823e-10 1.458361e+01 -9.558490e+00
3.828766e+14 7.109960e-25 2.722237e-10 1.458306e+01 -9.565074e+00
3.823883e+14 7.045072e-25 2.693953e-10 1.458250e+01 -9.569610e+00
3.819011e+14 7.103974e-25 2.713016e-10 1.458195e+01 -9.566548e+00
3.814153e+14 7.065229e-25 2.694786e-10 1.458140e+01 -9.569476e+00
3.809306e+14 7.309055e-25 2.784243e-10 1.458085e+01 -9.555293e+00
3.804472e+14 7.126547e-25 2.711275e-10 1.458029e+01 -9.566826e+00
3.799650e+14 7.220792e-25 2.743648e-10 1.457974e+01 -9.561672e+00
3.794841e+14 6.899581e-25 2.618281e-10 1.457919e+01 -9.581984e+00
3.790043e+14 6.968081e-25 2.640933e-10 1.457864e+01 -9.578243e+00
3.785258e+14 6.982788e-25 2.643165e-10 1.457810e+01 -9.577876e+00
3.780484e+14 7.204819e-25 2.723770e-10 1.457755e+01 -9.564829e+00
3.775723e+14 6.924093e-25 2.614346e-10 1.457700e+01 -9.582637e+00
3.770974e+14 7.024744e-25 2.649012e-10 1.457645e+01 -9.576916e+00
3.766236e+14 7.231387e-25 2.723511e-10 1.457591e+01 -9.564871e+00
3.761511e+14 7.378324e-25 2.775364e-10 1.457536e+01 -9.556680e+00
3.756797e+14 7.276673e-25 2.733698e-10 1.457482e+01 -9.563249e+00
3.752095e+14 7.208653e-25 2.704755e-10 1.457427e+01 -9.567872e+00
3.747405e+14 7.351962e-25 2.755078e-10 1.457373e+01 -9.559866e+00
3.742727e+14 7.453318e-25 2.789573e-10 1.457319e+01 -9.554462e+00
3.738060e+14 7.426982e-25 2.776250e-10 1.457265e+01 -9.556541e+00
3.733405e+14 7.394436e-25 2.760642e-10 1.457211e+01 -9.558990e+00
3.728761e+14 7.438467e-25 2.773627e-10 1.457156e+01 -9.556952e+00
3.724129e+14 7.238814e-25 2.695828e-10 1.457102e+01 -9.569308e+00
3.719509e+14 7.575416e-25 2.817683e-10 1.457049e+01 -9.550108e+00
3.714900e+14 7.516842e-25 2.792431e-10 1.456995e+01 -9.554018e+00
3.710302e+14 7.521793e-25 2.790812e-10 1.456941e+01 -9.554269e+00
3.705716e+14 7.579306e-25 2.808675e-10 1.456887e+01 -9.551498e+00
3.701141e+14 7.453600e-25 2.758682e-10 1.456834e+01 -9.559298e+00
3.696577e+14 7.580816e-25 2.802307e-10 1.456780e+01 -9.552484e+00
3.692025e+14 7.628710e-25 2.816539e-10 1.456726e+01 -9.550284e+00
3.687483e+14 7.691401e-25 2.836191e-10 1.456673e+01 -9.547264e+00
3.682953e+14 7.888638e-25 2.905349e-10 1.456620e+01 -9.536802e+00
3.678434e+14 7.721552e-25 2.840322e-10 1.456566e+01 -9.546632e+00
3.673926e+14 7.849883e-25 2.883989e-10 1.456513e+01 -9.540006e+00
3.669430e+14 7.749387e-25 2.843583e-10 1.456460e+01 -9.546134e+00
3.664944e+14 7.789415e-25 2.854777e-10 1.456407e+01 -9.544428e+00
3.660469e+14 8.142127e-25 2.980400e-10 1.456354e+01 -9.525725e+00
3.656005e+14 8.021027e-25 2.932492e-10 1.456301e+01 -9.532763e+00
3.651552e+14 7.860003e-25 2.870121e-10 1.456248e+01 -9.542100e+00
3.647109e+14 7.950004e-25 2.899454e-10 1.456195e+01 -9.537684e+00
3.642678e+14 7.870728e-25 2.867053e-10 1.456142e+01 -9.542564e+00
3.638257e+14 8.020376e-25 2.918019e-10 1.456089e+01 -9.534912e+00
3.633847e+14 8.063641e-25 2.930204e-10 1.456037e+01 -9.533102e+00
3.629448e+14 8.075253e-25 2.930871e-10 1.455984e+01 -9.533003e+00
3.625059e+14 8.158556e-25 2.957525e-10 1.455932e+01 -9.529072e+00
3.620681e+14 8.338031e-25 3.018935e-10 1.455879e+01 -9.520146e+00
3.616314e+14 7.812180e-25 2.825129e-10 1.455827e+01 -9.548962e+00
3.611957e+14 7.875177e-25 2.844480e-10 1.455774e+01 -9.545997e+00
3.607610e+14 7.700290e-25 2.777964e-10 1.455722e+01 -9.556273e+00
3.603274e+14 7.711576e-25 2.778692e-10 1.455670e+01 -9.556160e+00
3.598948e+14 8.139951e-25 2.929526e-10 1.455618e+01 -9.533203e+00
3.594633e+14 7.686304e-25 2.762944e-10 1.455565e+01 -9.558628e+00
3.590328e+14 7.965471e-25 2.859866e-10 1.455513e+01 -9.543654e+00
3.586033e+14 7.879534e-25 2.825627e-10 1.455461e+01 -9.548885e+00
3.581749e+14 8.218314e-25 2.943594e-10 1.455410e+01 -9.531122e+00
3.577475e+14 7.792115e-25 2.787610e-10 1.455358e+01 -9.554768e+00
3.573211e+14 7.672959e-25 2.741710e-10 1.455306e+01 -9.561978e+00
3.568957e+14 7.975666e-25 2.846481e-10 1.455254e+01 -9.545692e+00
3.564713e+14 8.070469e-25 2.876891e-10 1.455202e+01 -9.541077e+00
3.560480e+14 7.945141e-25 2.828851e-10 1.455151e+01 -9.548390e+00
3.556256e+14 8.065851e-25 2.868423e-10 1.455099e+01 -9.542357e+00
3.552043e+14 8.025251e-25 2.850603e-10 1.455048e+01 -9.545063e+00
3.547839e+14 7.956109e-25 2.822699e-10 1.454996e+01 -9.549335e+00
3.543645e+14 7.809032e-25 2.767244e-10 1.454945e+01 -9.557953e+00
3.539462e+14 7.766496e-25 2.748921e-10 1.454894e+01 -9.560838e+00
3.535288e+14 8.047886e-25 2.845159e-10 1.454842e+01 -9.545893e+00
3.531124e+14 7.840163e-25 2.768458e-10 1.454791e+01 -9.557762e+00
3.526969e+14 7.419293e-25 2.616762e-10 1.454740e+01 -9.582236e+00
3.522825e+14 7.648516e-25 2.694438e-10 1.454689e+01 -9.569532e+00
3.518690e+14 7.773051e-25 2.735096e-10 1.454638e+01 -9.563027e+00
3.514565e+14 7.854033e-25 2.760351e-10 1.454587e+01 -9.559036e+00
3.510450e+14 7.322763e-25 2.570619e-10 1.454536e+01 -9.589962e+00
3.506344e+14 7.973511e-25 2.795787e-10 1.454485e+01 -9.553496e+00
3.502248e+14 7.968273e-25 2.790686e-10 1.454435e+01 -9.554289e+00
3.498161e+14 8.236732e-25 2.881342e-10 1.454384e+01 -9.540405e+00
3.494084e+14 8.174495e-25 2.856237e-10 1.454333e+01 -9.544206e+00
3.490016e+14 8.333673e-25 2.908466e-10 1.454283e+01 -9.536336e+00
3.485958e+14 8.139414e-25 2.837366e-10 1.454232e+01 -9.547085e+00
3.481909e+14 8.147991e-25 2.837057e-10 1.454182e+01 -9.547132e+00
3.477870e+14 8.387657e-25 2.917118e-10 1.454131e+01 -9.535046e+00
3.473840e+14 8.166801e-25 2.837016e-10 1.454081e+01 -9.547138e+00
3.469819e+14 8.244003e-25 2.860520e-10 1.454031e+01 -9.543555e+00
3.465808e+14 8.186394e-25 2.837247e-10 1.453980e+01 -9.547103e+00
3.461806e+14 7.709099e-25 2.668741e-10 1.453930e+01 -9.573694e+00
3.457813e+14 8.143732e-25 2.815950e-10 1.453880e+01 -9.550375e+00
3.453829e+14 8.337190e-25 2.879523e-10 1.453830e+01 -9.540679e+00
3.449855e+14 8.176949e-25 2.820929e-10 1.453780e+01 -9.549608e+00
3.445890e+14 8.625187e-25 2.972144e-10 1.453730e+01 -9.526930e+00
3.441933e+14 8.714844e-25 2.999591e-10 1.453680e+01 -9.522938e+00
3.437986e+14 8.795101e-25 3.023744e-10 1.453630e+01 -9.519455e+00
3.434048e+14 8.887199e-25 3.051907e-10 1.453581e+01 -9.515429e+00
3.430119e+14 8.893333e-25 3.050519e-10 1.453531e+01 -9.515626e+00
3.426199e+14 8.767423e-25 3.003893e-10 1.453481e+01 -9.522315e+00
3.422288e+14 8.715065e-25 2.982546e-10 1.453432e+01 -9.525413e+00
3.418385e+14 8.744829e-25 2.989320e-10 1.453382e+01 -9.524428e+00
3.414492e+14 8.761191e-25 2.991502e-10 1.453333e+01 -9.524111e+00
3.338445e+14 8.971362e-25 2.995040e-10 1.452354e+01 -9.523597e+00
3.265712e+14 9.415678e-25 3.074890e-10 1.451398e+01 -9.512170e+00
3.196081e+14 9.515753e-25 3.041312e-10 1.450462e+01 -9.516939e+00
3.129357e+14 9.942974e-25 3.111512e-10 1.449546e+01 -9.507029e+00
3.065362e+14 1.020090e-24 3.126944e-10 1.448648e+01 -9.504880e+00
3.003932e+14 1.044602e-24 3.137912e-10 1.447769e+01 -9.503359e+00
2.944916e+14 1.080490e-24 3.181953e-10 1.446907e+01 -9.497306e+00
2.888173e+14 1.103406e-24 3.186828e-10 1.446062e+01 -9.496641e+00
2.833577e+14 1.126776e-24 3.192807e-10 1.445233e+01 -9.495827e+00
2.781006e+14 1.156648e-24 3.216644e-10 1.444420e+01 -9.492597e+00
2.730350e+14 1.160078e-24 3.167418e-10 1.443622e+01 -9.499295e+00
2.681506e+14 1.172292e-24 3.143508e-10 1.442838e+01 -9.502585e+00
2.634380e+14 1.190471e-24 3.136153e-10 1.442068e+01 -9.503603e+00
2.588881e+14 1.205971e-24 3.122114e-10 1.441311e+01 -9.505551e+00
2.544927e+14 1.220668e-24 3.106510e-10 1.440568e+01 -9.507727e+00
2.502441e+14 1.230367e-24 3.078921e-10 1.439836e+01 -9.511601e+00
2.461350e+14 1.258657e-24 3.097994e-10 1.439117e+01 -9.508919e+00
2.421586e+14 1.268372e-24 3.071472e-10 1.438410e+01 -9.512653e+00
2.383087e+14 1.266913e-24 3.019164e-10 1.437714e+01 -9.520113e+00
2.345793e+14 1.279167e-24 3.000661e-10 1.437029e+01 -9.522783e+00
2.309649e+14 1.305778e-24 3.015888e-10 1.436355e+01 -9.520585e+00
2.274601e+14 1.337828e-24 3.043025e-10 1.435691e+01 -9.516694e+00
2.240601e+14 1.349541e-24 3.023782e-10 1.435036e+01 -9.519450e+00
2.207602e+14 1.339701e-24 2.957528e-10 1.434392e+01 -9.529071e+00
2.175562e+14 1.366180e-24 2.972210e-10 1.433757e+01 -9.526921e+00
2.144438e+14 1.359452e-24 2.915259e-10 1.433131e+01 -9.535323e+00
2.114192e+14 1.346158e-24 2.846036e-10 1.432514e+01 -9.545760e+00
2.084787e+14 1.373559e-24 2.863578e-10 1.431906e+01 -9.543091e+00
2.056189e+14 1.387268e-24 2.852486e-10 1.431306e+01 -9.544776e+00
2.028365e+14 1.432205e-24 2.905036e-10 1.430715e+01 -9.536849e+00
2.001284e+14 1.454759e-24 2.911387e-10 1.430131e+01 -9.535900e+00
1.974917e+14 1.521782e-24 3.005392e-10 1.429555e+01 -9.522099e+00
1.949235e+14 1.526874e-24 2.976237e-10 1.428986e+01 -9.526333e+00
1.924213e+14 1.551007e-24 2.984469e-10 1.428425e+01 -9.525133e+00
1.899825e+14 1.593404e-24 3.027189e-10 1.427871e+01 -9.518960e+00
1.876048e+14 1.650709e-24 3.096809e-10 1.427324e+01 -9.509086e+00
1.852858e+14 1.649591e-24 3.056458e-10 1.426784e+01 -9.514782e+00
1.830234e+14 1.633114e-24 2.988981e-10 1.426251e+01 -9.524477e+00
1.808157e+14 1.670676e-24 3.020844e-10 1.425724e+01 -9.519872e+00
1.786605e+14 1.702697e-24 3.042047e-10 1.425203e+01 -9.516834e+00
1.765562e+14 1.683406e-24 2.972157e-10 1.424688e+01 -9.526928e+00
1.745008e+14 1.672408e-24 2.918366e-10 1.424180e+01 -9.534860e+00
1.724928e+14 1.648234e-24 2.843084e-10 1.423677e+01 -9.546210e+00
1.705304e+14 1.621220e-24 2.764673e-10 1.423180e+01 -9.558356e+00
1.686121e+14 1.596817e-24 2.692427e-10 1.422689e+01 -9.569856e+00
1.667366e+14 1.542559e-24 2.572010e-10 1.422203e+01 -9.589727e+00
1.649023e+14 1.558585e-24 2.570143e-10 1.421723e+01 -9.590043e+00
1.631079e+14 1.510029e-24 2.462976e-10 1.421248e+01 -9.608540e+00
1.613522e+14 1.491996e-24 2.407369e-10 1.420777e+01 -9.618457e+00
1.596339e+14 1.479506e-24 2.361792e-10 1.420313e+01 -9.626758e+00
1.579517e+14 1.465863e-24 2.315356e-10 1.419852e+01 -9.635382e+00
1.563047e+14 1.428351e-24 2.232579e-10 1.419397e+01 -9.651193e+00
1.546916e+14 1.404040e-24 2.171933e-10 1.418947e+01 -9.663154e+00
1.531115e+14 1.389848e-24 2.128018e-10 1.418501e+01 -9.672025e+00
1.515634e+14 1.364148e-24 2.067550e-10 1.418059e+01 -9.684544e+00
1.500462e+14 1.344905e-24 2.017979e-10 1.417623e+01 -9.695083e+00
1.485592e+14 1.350142e-24 2.005760e-10 1.417190e+01 -9.697721e+00
1.471013e+14 1.321878e-24 1.944499e-10 1.416762e+01 -9.711192e+00
1.456717e+14 1.318346e-24 1.920458e-10 1.416338e+01 -9.716595e+00
1.442697e+14 1.283731e-24 1.852035e-10 1.415918e+01 -9.732351e+00
1.428944e+14 1.293178e-24 1.847879e-10 1.415502e+01 -9.733326e+00
1.415450e+14 1.282938e-24 1.815935e-10 1.415089e+01 -9.740900e+00
1.402210e+14 1.264150e-24 1.772603e-10 1.414681e+01 -9.751389e+00
1.389214e+14 1.249936e-24 1.736428e-10 1.414277e+01 -9.760343e+00
1.376457e+14 1.242265e-24 1.709925e-10 1.413876e+01 -9.767023e+00
1.363933e+14 1.227477e-24 1.674196e-10 1.413479e+01 -9.776194e+00
1.351634e+14 1.216104e-24 1.643728e-10 1.413086e+01 -9.784170e+00
1.339555e+14 1.194957e-24 1.600711e-10 1.412696e+01 -9.795687e+00
1.327690e+14 1.189089e-24 1.578741e-10 1.412310e+01 -9.801689e+00
1.316033e+14 1.177603e-24 1.549764e-10 1.411927e+01 -9.809734e+00
1.304580e+14 1.072874e-24 1.399650e-10 1.411547e+01 -9.853981e+00
1.293324e+14 1.032793e-24 1.335735e-10 1.411171e+01 -9.874280e+00
1.282260e+14 1.007390e-24 1.291737e-10 1.410798e+01 -9.888826e+00
1.271384e+14 9.469724e-25 1.203966e-10 1.410428e+01 -9.919386e+00
1.260691e+14 9.301666e-25 1.172653e-10 1.410061e+01 -9.930830e+00
1.250177e+14 9.365002e-25 1.170791e-10 1.409697e+01 -9.931521e+00
1.239836e+14 8.745406e-25 1.084287e-10 1.409336e+01 -9.964856e+00
1.229665e+14 8.724495e-25 1.072821e-10 1.408979e+01 -9.969473e+00
1.219660e+14 8.495195e-25 1.036125e-10 1.408624e+01 -9.984588e+00
1.209816e+14 8.483785e-25 1.026382e-10 1.408272e+01 -9.988691e+00
1.200130e+14 8.243284e-25 9.893010e-11 1.407923e+01 -1.000467e+01
1.190597e+14 8.722956e-25 1.038553e-10 1.407576e+01 -9.983571e+00
1.181215e+14 8.509394e-25 1.005142e-10 1.407233e+01 -9.997772e+00
1.171980e+14 8.255281e-25 9.675022e-11 1.406892e+01 -1.001435e+01
1.162888e+14 7.959051e-25 9.255481e-11 1.406554e+01 -1.003360e+01
1.153935e+14 8.256005e-25 9.526896e-11 1.406218e+01 -1.002105e+01
1.145120e+14 8.287795e-25 9.490519e-11 1.405885e+01 -1.002271e+01
1.136438e+14 8.390586e-25 9.535382e-11 1.405555e+01 -1.002066e+01
1.127887e+14 8.125712e-25 9.164886e-11 1.405227e+01 -1.003787e+01
1.119464e+14 8.013692e-25 8.971038e-11 1.404901e+01 -1.004716e+01
1.111165e+14 7.892161e-25 8.769496e-11 1.404578e+01 -1.005703e+01
1.102989e+14 7.749701e-25 8.547835e-11 1.404257e+01 -1.006814e+01
1.094932e+14 7.782080e-25 8.520849e-11 1.403939e+01 -1.006952e+01
1.086992e+14 7.994544e-25 8.690005e-11 1.403623e+01 -1.006098e+01
1.079166e+14 7.738719e-25 8.351365e-11 1.403309e+01 -1.007824e+01
1.071452e+14 7.456562e-25 7.989352e-11 1.402997e+01 -1.009749e+01
1.063848e+14 7.478433e-25 7.955917e-11 1.402688e+01 -1.009931e+01
1.056351e+14 7.208717e-25 7.614935e-11 1.402381e+01 -1.011833e+01
1.048959e+14 7.254537e-25 7.609709e-11 1.402076e+01 -1.011863e+01
1.041669e+14 7.676773e-25 7.996658e-11 1.401773e+01 -1.009709e+01
1.034480e+14 7.519682e-25 7.778963e-11 1.401472e+01 -1.010908e+01
1.027390e+14 7.446279e-25 7.650233e-11 1.401174e+01 -1.011633e+01
1.020396e+14 7.409936e-25 7.561071e-11 1.400877e+01 -1.012142e+01
1.013497e+14 7.123833e-25 7.219983e-11 1.400582e+01 -1.014146e+01
1.006690e+14 6.903323e-25 6.949509e-11 1.400290e+01 -1.015805e+01
9.999746e+13 7.045570e-25 7.045391e-11 1.399999e+01 -1.015209e+01
9.933479e+13 6.955262e-25 6.908995e-11 1.399710e+01 -1.016059e+01
9.868084e+13 6.898302e-25 6.807303e-11 1.399423e+01 -1.016702e+01
9.803545e+13 6.885938e-25 6.750660e-11 1.399138e+01 -1.017065e+01
9.739844e+13 6.422261e-25 6.255182e-11 1.398855e+01 -1.020376e+01
9.676966e+13 6.374061e-25 6.168157e-11 1.398574e+01 -1.020984e+01
9.614894e+13 6.651423e-25 6.395273e-11 1.398294e+01 -1.019414e+01
9.553614e+13 6.584459e-25 6.290538e-11 1.398017e+01 -1.020131e+01
9.493110e+13 6.720939e-25 6.380261e-11 1.397741e+01 -1.019516e+01
9.433367e+13 6.475727e-25 6.108791e-11 1.397467e+01 -1.021404e+01
9.374371e+13 6.486006e-25 6.080223e-11 1.397194e+01 -1.021608e+01
9.316109e+13 6.478116e-25 6.035084e-11 1.396923e+01 -1.021932e+01
9.258567e+13 6.253541e-25 5.789883e-11 1.396654e+01 -1.023733e+01
9.201731e+13 6.124531e-25 5.635629e-11 1.396387e+01 -1.024906e+01
9.145589e+13 6.320124e-25 5.780126e-11 1.396121e+01 -1.023806e+01
9.090127e+13 6.237829e-25 5.670266e-11 1.395857e+01 -1.024640e+01
9.035335e+13 5.905882e-25 5.336162e-11 1.395594e+01 -1.027277e+01
8.981198e+13 6.114882e-25 5.491897e-11 1.395333e+01 -1.026028e+01
8.927707e+13 6.127952e-25 5.470856e-11 1.395074e+01 -1.026194e+01
8.874849e+13 6.077540e-25 5.393725e-11 1.394816e+01 -1.026811e+01
8.822613e+13 6.165861e-25 5.439900e-11 1.394560e+01 -1.026441e+01
8.770989e+13 5.875279e-25 5.153201e-11 1.394305e+01 -1.028792e+01
8.719965e+13 5.858867e-25 5.108912e-11 1.394051e+01 -1.029167e+01
8.669532e+13 5.874297e-25 5.092741e-11 1.393800e+01 -1.029305e+01
8.619678e+13 5.832529e-25 5.027452e-11 1.393549e+01 -1.029865e+01
8.570395e+13 5.741580e-25 4.920760e-11 1.393300e+01 -1.030797e+01
8.521671e+13 5.702174e-25 4.859206e-11 1.393052e+01 -1.031343e+01
8.473499e+13 5.778859e-25 4.896715e-11 1.392806e+01 -1.031010e+01
8.425868e+13 5.708702e-25 4.810077e-11 1.392561e+01 -1.031785e+01
8.378770e+13 5.644804e-25 4.729652e-11 1.392318e+01 -1.032517e+01
8.332196e+13 5.593472e-25 4.660591e-11 1.392076e+01 -1.033156e+01
8.286136e+13 5.510964e-25 4.566460e-11 1.391835e+01 -1.034042e+01
8.240583e+13 5.522724e-25 4.551046e-11 1.391596e+01 -1.034189e+01
8.195528e+13 5.423057e-25 4.444481e-11 1.391358e+01 -1.035218e+01
8.150962e+13 5.454154e-25 4.445660e-11 1.391121e+01 -1.035206e+01
8.106879e+13 5.312904e-25 4.307107e-11 1.390885e+01 -1.036581e+01
8.063271e+13 5.349593e-25 4.313522e-11 1.390651e+01 -1.036517e+01
8.020128e+13 5.321032e-25 4.267536e-11 1.390418e+01 -1.036982e+01
7.977445e+13 5.126410e-25 4.089566e-11 1.390186e+01 -1.038832e+01
7.935214e+13 5.102971e-25 4.049317e-11 1.389956e+01 -1.039262e+01
7.893428e+13 5.153782e-25 4.068101e-11 1.389727e+01 -1.039061e+01
7.852080e+13 5.092730e-25 3.998852e-11 1.389498e+01 -1.039806e+01
7.811162e+13 5.091313e-25 3.976907e-11 1.389272e+01 -1.040045e+01
7.770669e+13 4.981526e-25 3.870979e-11 1.389046e+01 -1.041218e+01
7.730593e+13 5.001774e-25 3.866668e-11 1.388821e+01 -1.041266e+01
7.690929e+13 4.839322e-25 3.721888e-11 1.388598e+01 -1.042924e+01
7.651669e+13 4.885532e-25 3.738248e-11 1.388376e+01 -1.042733e+01
7.612809e+13 4.803658e-25 3.656933e-11 1.388154e+01 -1.043688e+01
7.574341e+13 4.764977e-25 3.609156e-11 1.387934e+01 -1.044259e+01
7.536259e+13 4.750576e-25 3.580158e-11 1.387716e+01 -1.044610e+01
7.498559e+13 4.392541e-25 3.293773e-11 1.387498e+01 -1.048231e+01
7.461234e+13 3.909999e-25 2.917342e-11 1.387281e+01 -1.053501e+01
7.424279e+13 4.199753e-25 3.118014e-11 1.387065e+01 -1.050612e+01
7.387689e+13 3.773382e-25 2.787657e-11 1.386851e+01 -1.055476e+01
7.351457e+13 4.403482e-25 3.237201e-11 1.386637e+01 -1.048983e+01
7.315578e+13 4.063336e-25 2.972565e-11 1.386425e+01 -1.052687e+01
7.280049e+13 4.063585e-25 2.958309e-11 1.386213e+01 -1.052896e+01
7.244862e+13 3.953548e-25 2.864291e-11 1.386003e+01 -1.054298e+01
7.210014e+13 3.655510e-25 2.635628e-11 1.385794e+01 -1.057912e+01
7.175500e+13 4.089322e-25 2.934293e-11 1.385585e+01 -1.053250e+01
7.141315e+13 4.048500e-25 2.891161e-11 1.385378e+01 -1.053893e+01
7.107454e+13 3.865399e-25 2.747314e-11 1.385171e+01 -1.056109e+01
7.073912e+13 3.868665e-25 2.736660e-11 1.384966e+01 -1.056278e+01
7.040686e+13 3.751082e-25 2.641019e-11 1.384761e+01 -1.057823e+01
7.007770e+13 3.532697e-25 2.475633e-11 1.384558e+01 -1.060631e+01
6.975161e+13 3.537830e-25 2.467693e-11 1.384355e+01 -1.060771e+01
6.942853e+13 3.757627e-25 2.608866e-11 1.384154e+01 -1.058355e+01
6.910844e+13 3.430803e-25 2.370974e-11 1.383953e+01 -1.062507e+01
6.879128e+13 3.646146e-25 2.508230e-11 1.383753e+01 -1.060063e+01
6.847702e+13 3.219727e-25 2.204773e-11 1.383554e+01 -1.065664e+01
6.816562e+13 3.332583e-25 2.271676e-11 1.383357e+01 -1.064365e+01
6.785704e+13 3.242450e-25 2.200231e-11 1.383159e+01 -1.065753e+01
6.755124e+13 3.354473e-25 2.265988e-11 1.382963e+01 -1.064474e+01
6.724818e+13 3.201877e-25 2.153204e-11 1.382768e+01 -1.066691e+01
6.694783e+13 3.207311e-25 2.147225e-11 1.382574e+01 -1.066812e+01
6.665016e+13 2.988550e-25 1.991873e-11 1.382380e+01 -1.070074e+01
6.635511e+13 3.031831e-25 2.011775e-11 1.382187e+01 -1.069642e+01
6.606267e+13 2.732468e-25 1.805141e-11 1.381996e+01 -1.074349e+01
6.577280e+13 3.347134e-25 2.201504e-11 1.381805e+01 -1.065728e+01
6.548545e+13 2.858978e-25 1.872215e-11 1.381614e+01 -1.072764e+01
6.520061e+13 3.140150e-25 2.047397e-11 1.381425e+01 -1.068880e+01
6.491823e+13 2.993624e-25 1.943408e-11 1.381237e+01 -1.071144e+01
6.463829e+13 2.906845e-25 1.878935e-11 1.381049e+01 -1.072609e+01
6.436076e+13 2.704488e-25 1.740629e-11 1.380862e+01 -1.075929e+01
6.408559e+13 2.760904e-25 1.769341e-11 1.380676e+01 -1.075219e+01
6.381277e+13 2.943973e-25 1.878631e-11 1.380491e+01 -1.072616e+01
6.354226e+13 2.573905e-25 1.635517e-11 1.380306e+01 -1.078634e+01
6.327404e+13 2.738036e-25 1.732466e-11 1.380123e+01 -1.076134e+01
6.300807e+13 3.056572e-25 1.925887e-11 1.379940e+01 -1.071537e+01
6.274433e+13 2.890841e-25 1.813839e-11 1.379757e+01 -1.074140e+01
6.248278e+13 2.748822e-25 1.717541e-11 1.379576e+01 -1.076509e+01
6.222341e+13 2.774491e-25 1.726383e-11 1.379395e+01 -1.076286e+01
6.196618e+13 2.561715e-25 1.587397e-11 1.379215e+01 -1.079931e+01
6.171107e+13 2.667616e-25 1.646215e-11 1.379036e+01 -1.078351e+01
6.145806e+13 2.593717e-25 1.594048e-11 1.378858e+01 -1.079750e+01
6.120710e+13 2.533423e-25 1.550635e-11 1.378680e+01 -1.080949e+01
6.095819e+13 2.513018e-25 1.531890e-11 1.378503e+01 -1.081477e+01
6.071130e+13 2.707625e-25 1.643834e-11 1.378327e+01 -1.078414e+01
6.046640e+13 2.546331e-25 1.539675e-11 1.378151e+01 -1.081257e+01
6.022346e+13 2.435279e-25 1.466609e-11 1.377977e+01 -1.083369e+01
5.998247e+13 2.598350e-25 1.558555e-11 1.377802e+01 -1.080728e+01
5.974340e+13 2.617133e-25 1.563565e-11 1.377629e+01 -1.080588e+01
5.950623e+13 2.508530e-25 1.492732e-11 1.377456e+01 -1.082602e+01
5.927094e+13 2.400036e-25 1.422524e-11 1.377284e+01 -1.084694e+01
5.903750e+13 2.697216e-25 1.592369e-11 1.377113e+01 -1.079796e+01
5.880588e+13 2.346106e-25 1.379648e-11 1.376942e+01 -1.086023e+01
5.857608e+13 2.331900e-25 1.365936e-11 1.376772e+01 -1.086457e+01
5.834807e+13 2.347085e-25 1.369479e-11 1.376603e+01 -1.086344e+01
5.812183e+13 2.334090e-25 1.356616e-11 1.376434e+01 -1.086754e+01
5.789733e+13 2.314433e-25 1.339995e-11 1.376266e+01 -1.087290e+01
5.767457e+13 2.147270e-25 1.238429e-11 1.376098e+01 -1.090713e+01
5.745351e+13 2.183174e-25 1.254310e-11 1.375932e+01 -1.090160e+01
5.723414e+13 2.110767e-25 1.208080e-11 1.375766e+01 -1.091790e+01
5.701643e+13 2.466374e-25 1.406238e-11 1.375600e+01 -1.085194e+01
5.680038e+13 2.233994e-25 1.268917e-11 1.375435e+01 -1.089657e+01
5.658596e+13 1.929531e-25 1.091844e-11 1.375271e+01 -1.096184e+01
5.637315e+13 2.353642e-25 1.326822e-11 1.375107e+01 -1.087719e+01
5.616193e+13 2.303995e-25 1.293968e-11 1.374944e+01 -1.088808e+01
5.595230e+13 2.088193e-25 1.168392e-11 1.374782e+01 -1.093241e+01
5.574422e+13 2.134809e-25 1.190033e-11 1.374620e+01 -1.092444e+01
5.553768e+13 2.176175e-25 1.208597e-11 1.374459e+01 -1.091772e+01
5.533267e+13 2.161554e-25 1.196046e-11 1.374298e+01 -1.092225e+01
5.512917e+13 2.130346e-25 1.174442e-11 1.374138e+01 -1.093017e+01
5.492715e+13 2.306027e-25 1.266635e-11 1.373979e+01 -1.089735e+01
5.472662e+13 2.207946e-25 1.208334e-11 1.373820e+01 -1.091781e+01
5.452754e+13 2.325866e-25 1.268237e-11 1.373662e+01 -1.089680e+01
5.432990e+13 2.285001e-25 1.241439e-11 1.373504e+01 -1.090607e+01
5.413369e+13 2.134746e-25 1.155617e-11 1.373347e+01 -1.093719e+01
5.393890e+13 2.083258e-25 1.123686e-11 1.373190e+01 -1.094935e+01
5.374550e+13 2.008750e-25 1.079613e-11 1.373034e+01 -1.096673e+01
5.355348e+13 2.241488e-25 1.200395e-11 1.372879e+01 -1.092068e+01
5.336283e+13 2.085093e-25 1.112665e-11 1.372724e+01 -1.095364e+01
5.317354e+13 2.138106e-25 1.136907e-11 1.372570e+01 -1.094428e+01
5.298558e+13 1.962735e-25 1.039966e-11 1.372416e+01 -1.098298e+01
5.279894e+13 2.064894e-25 1.090242e-11 1.372263e+01 -1.096248e+01
5.261362e+13 2.209575e-25 1.162537e-11 1.372110e+01 -1.093459e+01
5.242959e+13 1.993156e-25 1.045004e-11 1.371958e+01 -1.098088e+01
5.224685e+13 2.014795e-25 1.052667e-11 1.371806e+01 -1.097771e+01
5.206537e+13 1.989083e-25 1.035623e-11 1.371655e+01 -1.098480e+01
5.188515e+13 2.027816e-25 1.052135e-11 1.371504e+01 -1.097793e+01
5.170617e+13 1.895806e-25 9.802486e-12 1.371354e+01 -1.100866e+01
5.152843e+13 1.874601e-25 9.659527e-12 1.371205e+01 -1.101504e+01
5.135190e+13 2.136454e-25 1.097110e-11 1.371056e+01 -1.095975e+01
5.117658e+13 1.977221e-25 1.011874e-11 1.370907e+01 -1.099487e+01
5.100245e+13 1.844639e-25 9.408110e-12 1.370759e+01 -1.102650e+01
5.082950e+13 1.844651e-25 9.376267e-12 1.370612e+01 -1.102797e+01
5.065772e+13 1.783336e-25 9.033972e-12 1.370465e+01 -1.104412e+01
5.048710e+13 2.047613e-25 1.033780e-11 1.370318e+01 -1.098557e+01
5.031762e+13 2.000228e-25 1.006467e-11 1.370172e+01 -1.099720e+01
5.014928e+13 1.954563e-25 9.801995e-12 1.370026e+01 -1.100869e+01
4.998206e+13 1.873367e-25 9.363473e-12 1.369881e+01 -1.102856e+01
4.981595e+13 1.857614e-25 9.253879e-12 1.369737e+01 -1.103368e+01
4.965094e+13 1.734500e-25 8.611956e-12 1.369593e+01 -1.106490e+01
4.948703e+13 1.996539e-25 9.880277e-12 1.369449e+01 -1.100523e+01
4.932419e+13 1.966708e-25 9.700628e-12 1.369306e+01 -1.101320e+01
4.916241e+13 1.966244e-25 9.666529e-12 1.369163e+01 -1.101473e+01
4.900170e+13 1.928146e-25 9.448246e-12 1.369021e+01 -1.102465e+01
4.884203e+13 1.878890e-25 9.176880e-12 1.368879e+01 -1.103730e+01
4.868340e+13 1.754652e-25 8.542242e-12 1.368738e+01 -1.106843e+01
4.852580e+13 1.893676e-25 9.189217e-12 1.368597e+01 -1.103672e+01
4.836922e+13 1.877764e-25 9.082596e-12 1.368457e+01 -1.104179e+01
4.821364e+13 1.853419e-25 8.936007e-12 1.368317e+01 -1.104886e+01
4.805906e+13 1.921571e-25 9.234890e-12 1.368178e+01 -1.103457e+01
4.790547e+13 1.913383e-25 9.166150e-12 1.368039e+01 -1.103781e+01
4.775285e+13 1.858139e-25 8.873143e-12 1.367900e+01 -1.105192e+01
4.760121e+13 1.743852e-25 8.300945e-12 1.367762e+01 -1.108087e+01
4.745052e+13 1.777265e-25 8.433217e-12 1.367624e+01 -1.107401e+01
4.730079e+13 1.849838e-25 8.749878e-12 1.367487e+01 -1.105800e+01
4.715200e+13 1.776295e-25 8.375585e-12 1.367350e+01 -1.107698e+01
4.700414e+13 1.739152e-25 8.174732e-12 1.367214e+01 -1.108753e+01
4.685721e+13 1.755321e-25 8.224945e-12 1.367078e+01 -1.108487e+01
4.671119e+13 1.810938e-25 8.459108e-12 1.366942e+01 -1.107268e+01
4.656608e+13 1.815483e-25 8.453991e-12 1.366807e+01 -1.107294e+01
4.642186e+13 1.680540e-25 7.801382e-12 1.366672e+01 -1.110783e+01
4.627854e+13 1.770161e-25 8.192047e-12 1.366538e+01 -1.108661e+01
4.613610e+13 1.763892e-25 8.137911e-12 1.366404e+01 -1.108949e+01
4.599454e+13 1.773282e-25 8.156130e-12 1.366271e+01 -1.108852e+01
4.585384e+13 1.731398e-25 7.939124e-12 1.366138e+01 -1.110023e+01
4.571400e+13 1.671866e-25 7.642766e-12 1.366005e+01 -1.111675e+01
4.557501e+13 1.634192e-25 7.447831e-12 1.365873e+01 -1.112797e+01
4.543686e+13 1.687758e-25 7.668644e-12 1.365741e+01 -1.111528e+01
4.529955e+13 1.671475e-25 7.571704e-12 1.365609e+01 -1.112081e+01
4.516306e+13 1.645661e-25 7.432308e-12 1.365478e+01 -1.112888e+01
4.502740e+13 1.697938e-25 7.645371e-12 1.365348e+01 -1.111660e+01
4.489254e+13 1.691010e-25 7.591374e-12 1.365217e+01 -1.111968e+01
4.475850e+13 1.661957e-25 7.438669e-12 1.365088e+01 -1.112850e+01
4.462525e+13 1.692401e-25 7.552382e-12 1.364958e+01 -1.112192e+01
4.449279e+13 1.654364e-25 7.360727e-12 1.364829e+01 -1.113308e+01
4.436111e+13 1.678565e-25 7.446300e-12 1.364700e+01 -1.112806e+01
4.423022e+13 1.609842e-25 7.120367e-12 1.364572e+01 -1.114750e+01
4.410009e+13 1.594054e-25 7.029793e-12 1.364444e+01 -1.115306e+01
4.397072e+13 1.609404e-25 7.076667e-12 1.364316e+01 -1.115017e+01
4.384212e+13 1.492489e-25 6.543387e-12 1.364189e+01 -1.118420e+01
4.371426e+13 1.496301e-25 6.540970e-12 1.364062e+01 -1.118436e+01
4.358715e+13 1.475282e-25 6.430334e-12 1.363936e+01 -1.119177e+01
4.346077e+13 1.606376e-25 6.981432e-12 1.363810e+01 -1.115606e+01
4.333513e+13 1.434509e-25 6.216462e-12 1.363684e+01 -1.120646e+01
4.321020e+13 1.554405e-25 6.716615e-12 1.363559e+01 -1.117285e+01
4.308600e+13 1.585939e-25 6.833177e-12 1.363434e+01 -1.116538e+01
4.296251e+13 1.446453e-25 6.214327e-12 1.363309e+01 -1.120661e+01
4.283973e+13 1.479288e-25 6.337229e-12 1.363185e+01 -1.119810e+01
4.271764e+13 1.434970e-25 6.129852e-12 1.363061e+01 -1.121255e+01
4.259625e+13 1.559721e-25 6.643826e-12 1.362937e+01 -1.117758e+01
4.247555e+13 1.424099e-25 6.048939e-12 1.362814e+01 -1.121832e+01
4.235552e+13 1.361564e-25 5.766977e-12 1.362691e+01 -1.123905e+01
4.223618e+13 1.388638e-25 5.865077e-12 1.362568e+01 -1.123173e+01
4.211750e+13 1.421854e-25 5.988496e-12 1.362446e+01 -1.122268e+01
4.199950e+13 1.413830e-25 5.938015e-12 1.362324e+01 -1.122636e+01
4.188215e+13 1.446833e-25 6.059646e-12 1.362203e+01 -1.121755e+01
4.176545e+13 1.501746e-25 6.272111e-12 1.362082e+01 -1.120259e+01
4.164940e+13 1.495037e-25 6.226741e-12 1.361961e+01 -1.120574e+01
4.153400e+13 1.351625e-25 5.613840e-12 1.361840e+01 -1.125074e+01
4.141923e+13 1.430530e-25 5.925147e-12 1.361720e+01 -1.122730e+01
4.130510e+13 1.423105e-25 5.878150e-12 1.361600e+01 -1.123076e+01
4.119159e+13 1.318654e-25 5.431747e-12 1.361481e+01 -1.126506e+01
4.107871e+13 1.377409e-25 5.658220e-12 1.361362e+01 -1.124732e+01
4.096644e+13 1.305739e-25 5.349148e-12 1.361243e+01 -1.127172e+01
4.085478e+13 1.362441e-25 5.566222e-12 1.361124e+01 -1.125444e+01
4.074373e+13 1.354110e-25 5.517150e-12 1.361006e+01 -1.125829e+01
4.063329e+13 1.362750e-25 5.537300e-12 1.360888e+01 -1.125670e+01
4.052344e+13 1.351021e-25 5.474800e-12 1.360771e+01 -1.126163e+01
4.041418e+13 1.364104e-25 5.512916e-12 1.360653e+01 -1.125862e+01
4.030551e+13 1.350202e-25 5.442058e-12 1.360536e+01 -1.126424e+01
4.019743e+13 1.365896e-25 5.490551e-12 1.360420e+01 -1.126038e+01
4.008992e+13 1.375838e-25 5.515722e-12 1.360304e+01 -1.125840e+01
3.998298e+13 1.333432e-25 5.331460e-12 1.360188e+01 -1.127315e+01
3.987662e+13 1.251009e-25 4.988602e-12 1.360072e+01 -1.130202e+01
3.977081e+13 1.294743e-25 5.149297e-12 1.359956e+01 -1.128825e+01
3.966557e+13 1.340218e-25 5.316053e-12 1.359841e+01 -1.127441e+01
3.956089e+13 1.285775e-25 5.086639e-12 1.359727e+01 -1.129357e+01
3.945675e+13 1.274413e-25 5.028419e-12 1.359612e+01 -1.129857e+01
3.935316e+13 1.282483e-25 5.046976e-12 1.359498e+01 -1.129697e+01
3.925012e+13 1.304177e-25 5.118911e-12 1.359384e+01 -1.129082e+01
3.914761e+13 1.248847e-25 4.888938e-12 1.359271e+01 -1.131079e+01
3.904564e+13 1.286969e-25 5.025053e-12 1.359157e+01 -1.129886e+01
3.894419e+13 1.247430e-25 4.858017e-12 1.359044e+01 -1.131354e+01
3.884328e+13 1.274738e-25 4.951501e-12 1.358932e+01 -1.130526e+01
3.874288e+13 1.267403e-25 4.910284e-12 1.358819e+01 -1.130889e+01
3.864300e+13 1.194735e-25 4.616813e-12 1.358707e+01 -1.133566e+01
3.854364e+13 1.207245e-25 4.653163e-12 1.358595e+01 -1.133225e+01
3.844478e+13 1.248881e-25 4.801296e-12 1.358484e+01 -1.131864e+01
3.834643e+13 1.179109e-25 4.521463e-12 1.358372e+01 -1.134472e+01
3.824858e+13 1.177277e-25 4.502919e-12 1.358262e+01 -1.134651e+01
3.815123e+13 1.198399e-25 4.572040e-12 1.358151e+01 -1.133989e+01
3.805438e+13 1.211014e-25 4.608438e-12 1.358040e+01 -1.133645e+01
3.795801e+13 1.195370e-25 4.537389e-12 1.357930e+01 -1.134319e+01
3.786214e+13 1.156881e-25 4.380197e-12 1.357821e+01 -1.135851e+01
3.776674e+13 1.162732e-25 4.391261e-12 1.357711e+01 -1.135741e+01
3.767183e+13 1.137613e-25 4.285596e-12 1.357602e+01 -1.136799e+01
3.757739e+13 1.147046e-25 4.310298e-12 1.357493e+01 -1.136549e+01
3.748342e+13 1.151314e-25 4.315517e-12 1.357384e+01 -1.136497e+01
3.738992e+13 1.133862e-25 4.239502e-12 1.357275e+01 -1.137269e+01
3.729689e+13 1.139526e-25 4.250077e-12 1.357167e+01 -1.137160e+01
3.720432e+13 1.174704e-25 4.370405e-12 1.357059e+01 -1.135948e+01
3.711221e+13 1.112887e-25 4.130170e-12 1.356952e+01 -1.138403e+01
3.702055e+13 1.162713e-25 4.304427e-12 1.356844e+01 -1.136608e+01
3.692934e+13 1.109349e-25 4.096754e-12 1.356737e+01 -1.138756e+01
3.683858e+13 1.131024e-25 4.166531e-12 1.356630e+01 -1.138023e+01
3.674827e+13 1.134264e-25 4.168223e-12 1.356524e+01 -1.138005e+01
3.665840e+13 1.061142e-25 3.889978e-12 1.356417e+01 -1.141005e+01
3.656897e+13 1.098439e-25 4.016877e-12 1.356311e+01 -1.139611e+01
3.647997e+13 1.082563e-25 3.949185e-12 1.356205e+01 -1.140349e+01
3.639141e+13 1.092582e-25 3.976059e-12 1.356100e+01 -1.140055e+01
3.630327e+13 1.114576e-25 4.046276e-12 1.355995e+01 -1.139294e+01
3.621556e+13 1.050531e-25 3.804559e-12 1.355890e+01 -1.141970e+01
3.612827e+13 1.105346e-25 3.993426e-12 1.355785e+01 -1.139865e+01
3.604140e+13 1.050230e-25 3.785178e-12 1.355680e+01 -1.142191e+01
3.595495e+13 1.074724e-25 3.864166e-12 1.355576e+01 -1.141294e+01
3.586892e+13 1.067680e-25 3.829651e-12 1.355472e+01 -1.141684e+01
3.578329e+13 1.035182e-25 3.704222e-12 1.355368e+01 -1.143130e+01
3.569807e+13 1.039309e-25 3.710132e-12 1.355264e+01 -1.143061e+01
3.561326e+13 1.031057e-25 3.671929e-12 1.355161e+01 -1.143511e+01
3.552885e+13 1.063333e-25 3.777900e-12 1.355058e+01 -1.142275e+01
3.544483e+13 1.044212e-25 3.701193e-12 1.354955e+01 -1.143166e+01
3.536122e+13 9.863577e-26 3.487881e-12 1.354853e+01 -1.145744e+01
3.527799e+13 1.069255e-25 3.772118e-12 1.354750e+01 -1.142341e+01
3.519516e+13 1.022735e-25 3.599531e-12 1.354648e+01 -1.144375e+01
3.511272e+13 1.028392e-25 3.610965e-12 1.354546e+01 -1.144238e+01
3.503066e+13 1.029803e-25 3.607468e-12 1.354445e+01 -1.144280e+01
3.494899e+13 9.951915e-26 3.478093e-12 1.354343e+01 -1.145866e+01
3.486769e+13 9.610842e-26 3.351078e-12 1.354242e+01 -1.147482e+01
3.478677e+13 9.984381e-26 3.473244e-12 1.354141e+01 -1.145926e+01
3.470623e+13 9.830856e-26 3.411919e-12 1.354041e+01 -1.146700e+01
3.462606e+13 1.015587e-25 3.516578e-12 1.353940e+01 -1.145388e+01
3.454625e+13 9.816840e-26 3.391351e-12 1.353840e+01 -1.146963e+01
3.446682e+13 9.315714e-26 3.210830e-12 1.353740e+01 -1.149338e+01
3.438775e+13 1.005806e-25 3.458742e-12 1.353640e+01 -1.146108e+01
3.430904e+13 9.641746e-26 3.307991e-12 1.353541e+01 -1.148044e+01
3.423069e+13 9.882512e-26 3.382852e-12 1.353442e+01 -1.147072e+01
3.415270e+13 9.550698e-26 3.261821e-12 1.353343e+01 -1.148654e+01
3.407506e+13 9.882818e-26 3.367577e-12 1.353244e+01 -1.147268e+01
3.399778e+13 9.538298e-26 3.242809e-12 1.353145e+01 -1.148908e+01
3.392084e+13 9.244939e-26 3.135961e-12 1.353047e+01 -1.150363e+01
3.384425e+13 9.063798e-26 3.067575e-12 1.352948e+01 -1.151320e+01
3.376801e+13 9.328812e-26 3.150154e-12 1.352851e+01 -1.150167e+01
3.369211e+13 9.822833e-26 3.309520e-12 1.352753e+01 -1.148024e+01
3.361655e+13 9.802186e-26 3.295157e-12 1.352655e+01 -1.148212e+01
3.354133e+13 9.473944e-26 3.177687e-12 1.352558e+01 -1.149789e+01
3.346644e+13 9.322884e-26 3.120038e-12 1.352461e+01 -1.150584e+01
3.339189e+13 9.114788e-26 3.043600e-12 1.352364e+01 -1.151661e+01
3.331767e+13 9.554408e-26 3.183306e-12 1.352267e+01 -1.149712e+01
3.324378e+13 8.909133e-26 2.961732e-12 1.352171e+01 -1.152845e+01
3.317021e+13 9.306489e-26 3.086982e-12 1.352075e+01 -1.151047e+01
3.309698e+13 9.261701e-26 3.065343e-12 1.351979e+01 -1.151352e+01
3.302406e+13 9.264245e-26 3.059430e-12 1.351883e+01 -1.151436e+01
3.295146e+13 8.960869e-26 2.952737e-12 1.351787e+01 -1.152978e+01
3.287918e+13 9.251152e-26 3.041703e-12 1.351692e+01 -1.151688e+01
3.280722e+13 8.916296e-26 2.925189e-12 1.351597e+01 -1.153385e+01
3.273558e+13 8.935828e-26 2.925195e-12 1.351502e+01 -1.153385e+01
3.266424e+13 9.059292e-26 2.959149e-12 1.351407e+01 -1.152883e+01
3.259322e+13 9.158937e-26 2.985192e-12 1.351313e+01 -1.152503e+01
3.252250e+13 8.859287e-26 2.881262e-12 1.351218e+01 -1.154042e+01
3.245209e+13 9.094617e-26 2.951393e-12 1.351124e+01 -1.152997e+01
3.238198e+13 8.570899e-26 2.775427e-12 1.351030e+01 -1.155667e+01
3.231218e+13 8.686189e-26 2.806697e-12 1.350937e+01 -1.155180e+01
3.224268e+13 8.754898e-26 2.822813e-12 1.350843e+01 -1.154932e+01
3.217347e+13 9.089971e-26 2.924559e-12 1.350750e+01 -1.153394e+01
3.210456e+13 8.984790e-26 2.884527e-12 1.350657e+01 -1.153993e+01
3.203595e+13 8.612193e-26 2.758998e-12 1.350564e+01 -1.155925e+01
3.196763e+13 8.851901e-26 2.829743e-12 1.350471e+01 -1.154825e+01
3.189960e+13 8.769316e-26 2.797376e-12 1.350379e+01 -1.155325e+01
3.183185e+13 8.978205e-26 2.857929e-12 1.350286e+01 -1.154395e+01
3.176440e+13 8.828558e-26 2.804338e-12 1.350194e+01 -1.155217e+01
3.169723e+13 8.502329e-26 2.695003e-12 1.350102e+01 -1.156944e+01
3.163034e+13 8.384491e-26 2.652043e-12 1.350010e+01 -1.157642e+01
3.156374e+13 8.612230e-26 2.718342e-12 1.349919e+01 -1.156570e+01
3.149742e+13 8.665424e-26 2.729384e-12 1.349827e+01 -1.156394e+01
3.143137e+13 8.728373e-26 2.743447e-12 1.349736e+01 -1.156170e+01
3.136560e+13 8.451068e-26 2.650728e-12 1.349645e+01 -1.157663e+01
3.130010e+13 8.386015e-26 2.624832e-12 1.349555e+01 -1.158090e+01
3.123488e+13 8.471512e-26 2.646067e-12 1.349464e+01 -1.157740e+01
3.116993e+13 8.262231e-26 2.575332e-12 1.349374e+01 -1.158917e+01
3.110525e+13 8.436222e-26 2.624108e-12 1.349283e+01 -1.158102e+01
3.104084e+13 8.399554e-26 2.607292e-12 1.349193e+01 -1.158381e+01
3.097669e+13 8.409282e-26 2.604917e-12 1.349104e+01 -1.158421e+01
3.091281e+13 8.436405e-26 2.607930e-12 1.349014e+01 -1.158370e+01
3.091281e+12 6.987882e-27 2.160151e-13 1.200000e+01 -2.000000e+01
3.091281e+11 6.987882e-27 2.160151e-13 1.100000e+01 -2.000000e+01
3.091281e+10 6.987882e-27 2.160151e-13 1.000000e+01 -2.000000e+01
3.091281e+09 6.987882e-27 2.160151e-13 9.000000e+00 -2.000000e+01
3.091281e+08 6.987882e-27 2.160151e-13 8.000000e+00 -2.000000e+01
3.091281e+07 6.987882e-27 2.160151e-13 7.000000e+00 -2.000000e+01