!E(eV)		F(ergcm-2s-1)	delta e(-)	delta e(+)	delta F(-)	delta F(+)	Observatory
3.1500E+02	2.6964E-12	0.0000E+00	0.0000E+00	3.2355E-13	3.2355E-13	XRT
3.4000E+02	3.5113E-12	0.0000E+00	0.0000E+00	4.3873E-13	4.3873E-13	XRT
3.6000E+02	3.5685E-12	0.0000E+00	0.0000E+00	4.3477E-13	4.3477E-13	XRT
3.8000E+02	2.9419E-12	0.0000E+00	0.0000E+00	3.8555E-13	3.8555E-13	XRT
4.0000E+02	2.8247E-12	0.0000E+00	0.0000E+00	3.6991E-13	3.6991E-13	XRT
4.2000E+02	3.2403E-12	0.0000E+00	0.0000E+00	3.9155E-13	3.9155E-13	XRT
4.4000E+02	2.9253E-12	0.0000E+00	0.0000E+00	3.6666E-13	3.6666E-13	XRT
4.6000E+02	3.2251E-12	0.0000E+00	0.0000E+00	3.8368E-13	3.8368E-13	XRT
4.8000E+02	4.1258E-12	0.0000E+00	0.0000E+00	4.3573E-13	4.3573E-13	XRT
5.0000E+02	2.9536E-12	0.0000E+00	0.0000E+00	3.7747E-13	3.7747E-13	XRT
5.2000E+02	2.9592E-12	0.0000E+00	0.0000E+00	3.8972E-13	3.8972E-13	XRT
5.4000E+02	4.4068E-12	0.0000E+00	0.0000E+00	4.9716E-13	4.9716E-13	XRT
5.6500E+02	2.4768E-12	0.0000E+00	0.0000E+00	3.1543E-13	3.1543E-13	XRT
5.9500E+02	2.5567E-12	0.0000E+00	0.0000E+00	3.2804E-13	3.2804E-13	XRT
6.2500E+02	2.7435E-12	0.0000E+00	0.0000E+00	3.3948E-13	3.3948E-13	XRT
6.5000E+02	3.3174E-12	0.0000E+00	0.0000E+00	4.5253E-13	4.5253E-13	XRT
6.7500E+02	2.2090E-12	0.0000E+00	0.0000E+00	2.9856E-13	2.9856E-13	XRT
7.0500E+02	2.0319E-12	0.0000E+00	0.0000E+00	2.8271E-13	2.8271E-13	XRT
7.3500E+02	2.3240E-12	0.0000E+00	0.0000E+00	3.0045E-13	3.0045E-13	XRT
7.6500E+02	2.6394E-12	0.0000E+00	0.0000E+00	3.1835E-13	3.1835E-13	XRT
8.0000E+02	2.0735E-12	0.0000E+00	0.0000E+00	2.4341E-13	2.4341E-13	XRT
8.3500E+02	2.3783E-12	0.0000E+00	0.0000E+00	3.0004E-13	3.0004E-13	XRT
8.6000E+02	2.9408E-12	0.0000E+00	0.0000E+00	4.0815E-13	4.0815E-13	XRT
8.8500E+02	2.3318E-12	0.0000E+00	0.0000E+00	2.9760E-13	2.9760E-13	XRT
9.1000E+02	2.8421E-12	0.0000E+00	0.0000E+00	4.0228E-13	4.0228E-13	XRT
9.4000E+02	1.7076E-12	0.0000E+00	0.0000E+00	2.2061E-13	2.2061E-13	XRT
9.7500E+02	2.0260E-12	0.0000E+00	0.0000E+00	2.7851E-13	2.7851E-13	XRT
1.0100E+03	1.9419E-12	0.0000E+00	0.0000E+00	2.3786E-13	2.3786E-13	XRT
1.0450E+03	2.2015E-12	0.0000E+00	0.0000E+00	2.9419E-13	2.9419E-13	XRT
1.0750E+03	2.4335E-12	0.0000E+00	0.0000E+00	3.1224E-13	3.1224E-13	XRT
1.1100E+03	2.1975E-12	0.0000E+00	0.0000E+00	2.5975E-13	2.5975E-13	XRT
1.1500E+03	1.9172E-12	0.0000E+00	0.0000E+00	2.4600E-13	2.4600E-13	XRT
1.1900E+03	1.9523E-12	0.0000E+00	0.0000E+00	2.5258E-13	2.5258E-13	XRT
1.2350E+03	1.5692E-12	0.0000E+00	0.0000E+00	2.0713E-13	2.0713E-13	XRT
1.2800E+03	1.8801E-12	0.0000E+00	0.0000E+00	2.5910E-13	2.5910E-13	XRT
1.3200E+03	1.8925E-12	0.0000E+00	0.0000E+00	2.6567E-13	2.6567E-13	XRT
1.3600E+03	2.1363E-12	0.0000E+00	0.0000E+00	2.8919E-13	2.8919E-13	XRT
1.4100E+03	1.7628E-12	0.0000E+00	0.0000E+00	2.2139E-13	2.2139E-13	XRT
1.4600E+03	2.4810E-12	0.0000E+00	0.0000E+00	3.3231E-13	3.3231E-13	XRT
1.5100E+03	1.7840E-12	0.0000E+00	0.0000E+00	2.3951E-13	2.3951E-13	XRT
1.5750E+03	1.6291E-12	0.0000E+00	0.0000E+00	2.2414E-13	2.2414E-13	XRT
1.6400E+03	2.4054E-12	0.0000E+00	0.0000E+00	3.1120E-13	3.1120E-13	XRT
1.7000E+03	2.4226E-12	0.0000E+00	0.0000E+00	3.2718E-13	3.2718E-13	XRT
1.7600E+03	2.5932E-12	0.0000E+00	0.0000E+00	3.5649E-13	3.5649E-13	XRT
1.8400E+03	1.7480E-12	0.0000E+00	0.0000E+00	2.4581E-13	2.4581E-13	XRT
1.9350E+03	2.2842E-12	0.0000E+00	0.0000E+00	3.1781E-13	3.1781E-13	XRT
2.0300E+03	2.1782E-12	0.0000E+00	0.0000E+00	3.0552E-13	3.0552E-13	XRT
2.1350E+03	2.1681E-12	0.0000E+00	0.0000E+00	3.0795E-13	3.0795E-13	XRT
2.2750E+03	1.9581E-12	0.0000E+00	0.0000E+00	2.7290E-13	2.7290E-13	XRT
2.4550E+03	2.2892E-12	0.0000E+00	0.0000E+00	3.0940E-13	3.0940E-13	XRT
2.6550E+03	2.1070E-12	0.0000E+00	0.0000E+00	2.9680E-13	2.9680E-13	XRT
2.8550E+03	2.5733E-12	0.0000E+00	0.0000E+00	3.6455E-13	3.6455E-13	XRT
3.0400E+03	2.9610E-12	0.0000E+00	0.0000E+00	4.1604E-13	4.1604E-13	XRT
3.2650E+03	2.1654E-12	0.0000E+00	0.0000E+00	3.0730E-13	3.0730E-13	XRT
3.5300E+03	2.6481E-12	0.0000E+00	0.0000E+00	3.6907E-13	3.6907E-13	XRT
3.7950E+03	2.9105E-12	0.0000E+00	0.0000E+00	4.0530E-13	4.0530E-13	XRT
4.0500E+03	3.6317E-12	0.0000E+00	0.0000E+00	5.1449E-13	5.1449E-13	XRT
4.3200E+03	3.4034E-12	0.0000E+00	0.0000E+00	4.8466E-13	4.8466E-13	XRT
4.6600E+03	3.3251E-12	0.0000E+00	0.0000E+00	4.7559E-13	4.7559E-13	XRT
5.0400E+03	4.3201E-12	0.0000E+00	0.0000E+00	6.1414E-13	6.1414E-13	XRT
5.5000E+03	4.1656E-12	0.0000E+00	0.0000E+00	5.9475E-13	5.9475E-13	XRT
6.1450E+03	4.7547E-12	0.0000E+00	0.0000E+00	6.7827E-13	6.7827E-13	XRT

1.1900E+11	3.3443E-11	7.0000E+09	7.0000E+09	0.0000E+00	0.0000E+00	VERITAS
1.3300E+11	1.5015E-11	7.0000E+09	8.0000E+09	0.0000E+00	0.0000E+00	VERITAS
1.5000E+11	1.0479E-11	9.0000E+09	8.0000E+09	3.6229E-12	3.6229E-12	VERITAS
1.6800E+11	6.6609E-12	1.0000E+10	1.0000E+10	2.8131E-12	2.8131E-12	VERITAS
1.8800E+11	1.0057E-11	1.0000E+10	1.2000E+10	0.0000E+00	0.0000E+00	VERITAS
2.1100E+11	6.6059E-12	1.1000E+10	1.3000E+10	0.0000E+00	0.0000E+00	VERITAS
2.3700E+11	1.0214E-11	1.3000E+10	1.4000E+10	0.0000E+00	0.0000E+00	VERITAS
2.6600E+11	5.3780E-12	1.5000E+10	1.6000E+10	0.0000E+00	0.0000E+00	VERITAS
2.9900E+11	4.6208E-12	1.7000E+10	1.7000E+10	0.0000E+00	0.0000E+00	VERITAS
3.3500E+11	3.6914E-12	1.9000E+10	2.0000E+10	0.0000E+00	0.0000E+00	VERITAS
3.7600E+11	2.3670E-12	2.1000E+10	2.2000E+10	1.3536E-12	1.3536E-12	VERITAS
4.2200E+11	2.7345E-12	2.4000E+10	2.5000E+10	0.0000E+00	0.0000E+00	VERITAS
4.7300E+11	3.7458E-12	2.6000E+10	2.8000E+10	0.0000E+00	0.0000E+00	VERITAS
