!E(eV)		F(ergcm-2s-1)	delta e(-)	delta e(+)	delta F(-)	delta F(+)	Observatory
2.2543E+00	4.7229E-11	0.0000E+00	0.0000E+00	1.2301E-12	1.2301E-12	Stewart_Observatory
1.7463E+00	3.5330E-11	0.0000E+00	0.0000E+00	6.9019E-13	6.9019E-13	Stewart_Observatory
4.7686E+00	5.1694E-11	0.0000E+00	0.0000E+00	1.0280E-12	1.0280E-12	UVOT_V
2.8229E+00	4.5558E-11	0.0000E+00	0.0000E+00	8.7765E-13	8.7765E-13	UVOT_B
3.5782E+00	4.9024E-11	0.0000E+00	0.0000E+00	1.0816E-12	1.0816E-12	UVOT_U
6.4307E+00	5.4741E-11	0.0000E+00	0.0000E+00	1.0934E-12	1.0934E-12	UVOT_W1
2.2674E+00	3.9528E-11	0.0000E+00	0.0000E+00	9.0728E-13	9.0728E-13	UVOT_M2
5.5202E+00	5.5005E-11	0.0000E+00	0.0000E+00	1.1954E-12	1.1954E-12	UVOT_W2
3.1500E+02	2.8060E-12	1.5000E+01	1.5000E+01	3.3670E-13	3.3670E-13	XRT_NH_frozen
3.4000E+02	3.6310E-12	1.0000E+01	1.0000E+01	4.5370E-13	4.5370E-13	XRT_NH_frozen
3.6000E+02	3.6760E-12	1.0000E+01	1.0000E+01	4.4790E-13	4.4790E-13	XRT_NH_frozen
3.8000E+02	3.0210E-12	1.0000E+01	1.0000E+01	3.9590E-13	3.9590E-13	XRT_NH_frozen
4.0000E+02	2.8910E-12	1.0000E+01	1.0000E+01	3.7860E-13	3.7860E-13	XRT_NH_frozen
4.2000E+02	3.3110E-12	1.0000E+01	1.0000E+01	4.0010E-13	4.0010E-13	XRT_NH_frozen
4.4000E+02	2.9840E-12	1.0000E+01	1.0000E+01	3.7400E-13	3.7400E-13	XRT_NH_frozen
4.6000E+02	3.2850E-12	1.0000E+01	1.0000E+01	3.9080E-13	3.9080E-13	XRT_NH_frozen
4.8000E+02	4.1970E-12	1.0000E+01	1.0000E+01	4.4330E-13	4.4330E-13	XRT_NH_frozen
5.0000E+02	3.0020E-12	1.0000E+01	1.0000E+01	3.8370E-13	3.8370E-13	XRT_NH_frozen
5.2000E+02	3.0060E-12	1.0000E+01	1.0000E+01	3.9590E-13	3.9590E-13	XRT_NH_frozen
5.4000E+02	4.4800E-12	1.0000E+01	1.0000E+01	5.0540E-13	5.0540E-13	XRT_NH_frozen
5.6500E+02	2.5140E-12	1.5000E+01	1.5000E+01	3.2020E-13	3.2020E-13	XRT_NH_frozen
5.9500E+02	2.5930E-12	1.5000E+01	1.5000E+01	3.3270E-13	3.3270E-13	XRT_NH_frozen
6.2500E+02	2.7790E-12	1.5000E+01	1.5000E+01	3.4390E-13	3.4390E-13	XRT_NH_frozen
6.5000E+02	3.3570E-12	1.0000E+01	1.0000E+01	4.5790E-13	4.5790E-13	XRT_NH_frozen
6.7500E+02	2.2330E-12	1.5000E+01	1.5000E+01	3.0190E-13	3.0190E-13	XRT_NH_frozen
7.0500E+02	2.0520E-12	1.5000E+01	1.5000E+01	2.8540E-13	2.8540E-13	XRT_NH_frozen
7.3500E+02	2.3460E-12	1.5000E+01	1.5000E+01	3.0320E-13	3.0320E-13	XRT_NH_frozen
7.6500E+02	2.6620E-12	1.5000E+01	1.5000E+01	3.2110E-13	3.2110E-13	XRT_NH_frozen
8.0000E+02	2.0900E-12	2.0000E+01	2.0000E+01	2.4530E-13	2.4530E-13	XRT_NH_frozen
8.3500E+02	2.3950E-12	1.5000E+01	1.5000E+01	3.0220E-13	3.0220E-13	XRT_NH_frozen
8.6000E+02	2.9600E-12	1.0000E+01	1.0000E+01	4.1090E-13	4.1090E-13	XRT_NH_frozen
8.8500E+02	2.3470E-12	1.5000E+01	1.5000E+01	2.9950E-13	2.9950E-13	XRT_NH_frozen
9.1000E+02	2.8600E-12	1.0000E+01	1.0000E+01	4.0480E-13	4.0480E-13	XRT_NH_frozen
9.4000E+02	1.7180E-12	2.0000E+01	2.0000E+01	2.2190E-13	2.2190E-13	XRT_NH_frozen
9.7500E+02	2.0370E-12	1.5000E+01	1.5000E+01	2.8000E-13	2.8000E-13	XRT_NH_frozen
1.0100E+03	1.9510E-12	2.0000E+01	2.0000E+01	2.3900E-13	2.3900E-13	XRT_NH_frozen
1.0450E+03	2.2110E-12	1.5000E+01	1.5000E+01	2.9550E-13	2.9550E-13	XRT_NH_frozen
1.0750E+03	2.4440E-12	1.5000E+01	1.5000E+01	3.1350E-13	3.1350E-13	XRT_NH_frozen
1.1100E+03	2.2060E-12	2.0000E+01	2.0000E+01	2.6070E-13	2.6070E-13	XRT_NH_frozen
1.1500E+03	1.9240E-12	2.0000E+01	2.0000E+01	2.4690E-13	2.4690E-13	XRT_NH_frozen
1.1900E+03	1.9580E-12	2.0000E+01	2.0000E+01	2.5340E-13	2.5340E-13	XRT_NH_frozen
1.2350E+03	1.5740E-12	2.5000E+01	2.5000E+01	2.0770E-13	2.0770E-13	XRT_NH_frozen
1.2800E+03	1.8850E-12	2.0000E+01	2.0000E+01	2.5980E-13	2.5980E-13	XRT_NH_frozen
1.3200E+03	1.8970E-12	2.0000E+01	2.0000E+01	2.6630E-13	2.6630E-13	XRT_NH_frozen
1.3600E+03	2.1410E-12	2.0000E+01	2.0000E+01	2.8990E-13	2.8990E-13	XRT_NH_frozen
1.4100E+03	1.7670E-12	3.0000E+01	3.0000E+01	2.2190E-13	2.2190E-13	XRT_NH_frozen
1.4600E+03	2.4860E-12	2.0000E+01	2.0000E+01	3.3300E-13	3.3300E-13	XRT_NH_frozen
1.5100E+03	1.7870E-12	3.0000E+01	3.0000E+01	2.3990E-13	2.3990E-13	XRT_NH_frozen
1.5750E+03	1.6320E-12	3.5000E+01	3.5000E+01	2.2450E-13	2.2450E-13	XRT_NH_frozen
1.6400E+03	2.4090E-12	3.0000E+01	3.0000E+01	3.1170E-13	3.1170E-13	XRT_NH_frozen
1.7000E+03	2.4260E-12	3.0000E+01	3.0000E+01	3.2760E-13	3.2760E-13	XRT_NH_frozen
1.7600E+03	2.5960E-12	3.0000E+01	3.0000E+01	3.5690E-13	3.5690E-13	XRT_NH_frozen
1.8400E+03	1.7500E-12	5.0000E+01	5.0000E+01	2.4610E-13	2.4610E-13	XRT_NH_frozen
1.9350E+03	2.2860E-12	4.5000E+01	4.5000E+01	3.1810E-13	3.1810E-13	XRT_NH_frozen
2.0300E+03	2.1800E-12	5.0000E+01	5.0000E+01	3.0580E-13	3.0580E-13	XRT_NH_frozen
2.1350E+03	2.1700E-12	5.5000E+01	5.5000E+01	3.0820E-13	3.0820E-13	XRT_NH_frozen
2.2750E+03	1.9590E-12	8.5000E+01	8.5000E+01	2.7310E-13	2.7310E-13	XRT_NH_frozen
2.4550E+03	2.2900E-12	9.5000E+01	9.5000E+01	3.0960E-13	3.0960E-13	XRT_NH_frozen
2.6550E+03	2.1080E-12	1.0500E+02	1.0500E+02	2.9690E-13	2.9690E-13	XRT_NH_frozen
2.8550E+03	2.5740E-12	9.5000E+01	9.5000E+01	3.6470E-13	3.6470E-13	XRT_NH_frozen
3.0400E+03	2.9620E-12	9.0000E+01	9.0000E+01	4.1620E-13	4.1620E-13	XRT_NH_frozen
3.2650E+03	2.1660E-12	1.3500E+02	1.3500E+02	3.0740E-13	3.0740E-13	XRT_NH_frozen
3.5300E+03	2.6490E-12	1.3000E+02	1.3000E+02	3.6920E-13	3.6920E-13	XRT_NH_frozen
3.7950E+03	2.9110E-12	1.3500E+02	1.3500E+02	4.0540E-13	4.0540E-13	XRT_NH_frozen
4.0500E+03	3.6330E-12	1.2000E+02	1.2000E+02	5.1460E-13	5.1460E-13	XRT_NH_frozen
4.3200E+03	3.4040E-12	1.5000E+02	1.5000E+02	4.8480E-13	4.8480E-13	XRT_NH_frozen
4.6600E+03	3.3260E-12	1.9000E+02	1.9000E+02	4.7570E-13	4.7570E-13	XRT_NH_frozen
5.0400E+03	4.3210E-12	1.9000E+02	1.9000E+02	6.1430E-13	6.1430E-13	XRT_NH_frozen
5.5000E+03	4.1660E-12	2.7000E+02	2.7000E+02	5.9480E-13	5.9480E-13	XRT_NH_frozen
6.1450E+03	4.7550E-12	3.7500E+02	3.7500E+02	6.7830E-13	6.7830E-13	XRT_NH_frozen
1.7700E+08	9.6188E-11	7.7668E+07	1.3840E+08	1.1148E-11	1.1148E-11	Fermi
5.6200E+08	6.1406E-11	2.4661E+08	4.3762E+08	8.8380E-12	8.8380E-12	Fermi
1.7780E+09	5.4815E-11	7.7839E+08	1.3839E+09	1.1796E-11	1.1796E-11	Fermi
5.6230E+09	5.1081E-11	2.4611E+09	4.3764E+09	1.8198E-11	1.8198E-11	Fermi
1.7782E+10	4.6104E-11	7.7826E+09	1.3840E+10	3.2794E-11	3.2794E-11	Fermi
5.6234E+10	9.7648E-11	2.4612E+10	4.3768E+10	4.8824E-11	4.8824E-11	Fermi
1.4100E+11	6.2846E-12	2.9000E+10	3.7000E+10	3.1614E-12	3.1614E-12	VERITAS
2.2400E+11	1.8104E-12	4.6000E+10	5.8000E+10	9.5505E-13	9.5505E-13	VERITAS
5.3100E+11	9.5410E-13	2.4900E+11	4.6900E+11	0.0000E+00	0.0000E+00	VERITAS

