!E(eV)		F(ergcm-2s-1)	delta e(-)	delta e(+)	delta F(-)	delta F(+)	Observatory
6.2035E-05	5.6700E-14	0.0000E+00	0.0000E+00	4.2000E-15	4.2000E-15	OVRO
1.5302E-04	1.4060E-13	0.0000E+00	0.0000E+00	4.6990E-14	4.6990E-14	Metsahovi
5.9140E-04	5.8528E-13	0.0000E+00	0.0000E+00	3.0223E-13	3.0223E-13	Planck_PCCS2
8.9744E-04	4.5965E-13	0.0000E+00	0.0000E+00	3.1068E-13	3.1068E-13	Planck_PCCS2
0.056356451381 	5.22994336e-12 	0.0000E+00 	0.0000E+00 	1.25918403e-13 	1.25918403e-13 	WISE
0.103320160866 	5.25076782e-12 	0.0000E+00 	0.0000E+00 	3.93981044e-14 	3.93981044e-14 	WISE
0.269530854433 	1.0186771e-11 	0.0000E+00 	0.0000E+00 	4.47462678e-14 	4.47462678e-14 	WISE
0.364659391292 	1.15145896e-11 	0.0000E+00 	0.0000E+00 	5.19295165e-14 	5.19295165e-14 	WISE
1.90240712452 	1.34797069e-11 	0.0000E+00 	0.0000E+00 	3.86839640e-14 	3.86839640e-14 	Tuorla
2.29903517936 	1.31604075e-11 	0.0000E+00 	0.0000E+00 	2.74252657e-13 	2.74252657e-13 	UVOT
2.86777858139 	1.29017925e-11 	0.0000E+00 	0.0000E+00 	2.0518792e-13 	2.05187923e-13 	UVOT
3.54442357736 	1.22695428e-11 	0.0000E+00 	0.0000E+00 	1.96934094e-13 	1.96934094e-13 	UVOT
4.71569400768 	1.08166516e-11 	0.0000E+00 	0.0000E+00 	1.70973555e-13 	1.70973555e-13 	UVOT
5.56603094869 	1.06026409e-11 	0.0000E+00 	0.0000E+00 	2.20384582e-13 	2.20384582e-13 	UVOT
6.11710051507 	1.01942222e-11 	0.0000E+00 	0.0000E+00 	1.72563415e-13 	1.72563415e-13 	UVOT
3.1500E+02	3.2462E-12	1.4629E+01	1.5341E+01	3.1539E-13	3.1539E-13	XRT
3.4500E+02	2.8373E-12	1.5341E+01	1.5313E+01	2.8449E-13	2.8449E-13	XRT
3.7500E+02	2.9676E-12	1.5313E+01	1.2702E+01	2.8181E-13	2.8181E-13	XRT
4.0000E+02	3.0543E-12	1.2702E+01	1.2689E+01	3.4081E-13	3.4081E-13	XRT
4.2500E+02	2.6264E-12	1.2689E+01	1.2679E+01	2.5353E-13	2.5353E-13	XRT
4.5000E+02	3.3365E-12	1.2679E+01	1.0109E+01	3.4507E-13	3.4507E-13	XRT
4.7000E+02	2.7401E-12	1.0109E+01	1.2662E+01	3.1214E-13	3.1214E-13	XRT
4.9500E+02	2.5032E-12	1.2662E+01	1.5221E+01	2.4747E-13	2.4747E-13	XRT
5.2500E+02	2.5923E-12	1.5221E+01	1.5208E+01	2.6155E-13	2.6155E-13	XRT
5.5500E+02	2.2681E-12	1.5208E+01	1.7768E+01	2.6164E-13	2.6164E-13	XRT
5.9000E+02	2.3665E-12	1.7768E+01	2.0328E+01	2.4010E-13	2.4010E-13	XRT
6.3000E+02	2.2655E-12	2.0328E+01	2.0308E+01	2.3495E-13	2.3495E-13	XRT
6.7000E+02	2.0600E-12	2.0308E+01	2.0290E+01	2.2088E-13	2.2088E-13	XRT
7.1000E+02	2.1226E-12	2.0290E+01	2.0274E+01	2.2133E-13	2.2133E-13	XRT
7.5000E+02	1.7418E-12	2.0274E+01	2.0260E+01	1.9809E-13	1.9809E-13	XRT
7.9000E+02	1.8551E-12	2.0260E+01	2.0247E+01	2.0313E-13	2.0313E-13	XRT
8.3000E+02	1.8191E-12	2.0247E+01	2.0235E+01	2.0050E-13	2.0050E-13	XRT
8.7000E+02	1.6744E-12	2.0235E+01	1.7673E+01	1.9272E-13	1.9272E-13	XRT
9.0500E+02	2.1903E-12	1.7673E+01	2.0216E+01	2.5451E-13	2.5451E-13	XRT
9.4500E+02	1.5515E-12	2.0216E+01	2.2762E+01	1.6636E-13	1.6636E-13	XRT
9.9000E+02	1.7399E-12	2.2762E+01	2.0198E+01	1.9799E-13	1.9799E-13	XRT
1.0300E+03	2.0715E-12	2.0198E+01	2.2741E+01	2.1757E-13	2.1757E-13	XRT
1.0750E+03	1.5445E-12	2.2741E+01	2.7843E+01	1.7006E-13	1.7006E-13	XRT
1.1300E+03	1.4119E-12	2.7843E+01	3.2954E+01	1.5140E-13	1.5140E-13	XRT
1.1950E+03	1.2732E-12	3.2954E+01	3.5498E+01	1.3679E-13	1.3679E-13	XRT
1.2650E+03	1.3048E-12	3.5498E+01	3.2907E+01	1.4302E-13	1.4302E-13	XRT
1.3300E+03	1.4969E-12	3.2907E+01	3.2888E+01	1.7154E-13	1.7154E-13	XRT
1.3950E+03	1.4764E-12	3.2888E+01	4.0558E+01	1.6407E-13	1.6407E-13	XRT
1.4750E+03	1.1976E-12	4.0558E+01	4.5666E+01	1.3786E-13	1.3786E-13	XRT
1.5650E+03	1.4550E-12	4.5666E+01	4.8200E+01	1.6346E-13	1.6346E-13	XRT
1.6600E+03	1.4414E-12	4.8200E+01	6.6225E+01	1.6740E-13	1.6740E-13	XRT
1.7900E+03	1.1568E-12	6.6225E+01	1.0791E+02	1.3271E-13	1.3271E-13	XRT
2.0000E+03	9.2833E-13	1.0791E+02	1.6593E+02	1.0812E-13	1.0812E-13	XRT
2.3200E+03	1.0270E-12	1.6593E+02	2.4311E+02	1.1835E-13	1.1835E-13	XRT
2.7850E+03	1.0058E-12	2.4311E+02	5.0979E+02	1.1597E-13	1.1597E-13	XRT
3.7350E+03	6.2351E-13	5.0979E+02	5.9037E+02	7.3250E-14	7.3250E-14	XRT
1.3038e+08 	7.8350e-12 	3.0384e+07 	3.9616e+07 	2.0121e-12 	2.0121e-12 	Fermi
2.2583e+08 	6.9043e-12 	5.5832e+07 	7.4168e+07 	8.2699e-13 	8.2699e-13 	Fermi
4.0620e+08 	6.3819e-12 	1.0620e+08 	1.4380e+08 	7.7209e-13 	7.7209e-13 	Fermi
7.4162e+08 	7.5887e-12 	1.9162e+08 	2.5838e+08 	6.5889e-13 	6.5889e-13 	Fermi
1.3038e+09 	6.5400e-12 	3.0384e+08 	3.9616e+08 	6.3698e-13 	6.3698e-13 	Fermi
2.2583e+09 	8.0339e-12 	5.5832e+08 	7.4168e+08 	7.6835e-13 	7.6835e-13 	Fermi
4.0620e+09 	8.0636e-12 	1.0620e+09 	1.4380e+09 	9.5291e-13 	9.5291e-13 	Fermi
7.4162e+09 	8.0147e-12 	1.9162e+09 	2.5838e+09 	1.2555e-12 	1.2555e-12 	Fermi
1.3038e+10 	7.4363e-12 	3.0384e+09 	3.9616e+09 	1.6982e-12 	1.6982e-12 	Fermi
2.2583e+10 	6.2950e-12 	5.5832e+09 	7.4168e+09 	1.8982e-12 	1.8982e-12 	Fermi
1.2247e+11 	5.1210e-12 	9.2474e+10 	3.7753e+11 	1.5577e-12 	1.5577e-12 	Fermi
1.9640E+11	1.3967E-12	0.0000E+00	0.0000E+00	6.4273E-13	6.4273E-13	VERITAS
3.1130E+11	5.8690E-13	0.0000E+00	0.0000E+00	3.7419E-13	3.7419E-13	VERITAS
4.9340E+11	2.7264E-13	0.0000E+00	0.0000E+00	2.6406E-13	2.6406E-13	VERITAS
7.8200E+11	1.1659E-12	0.0000E+00	0.0000E+00	0.0000E+00	0.0000E+00	VERITAS
1.2390E+12	7.2556E-13	0.0000E+00	0.0000E+00	0.0000E+00	0.0000E+00	VERITAS
