!E(eV)		F(ergcm-2s-1)	delta e(-)	delta e(+)	delta F(-)	delta F(+)	Observatory
1.9024E+00	3.2835E-11	0.0000E+00	0.0000E+00	3.8524E-13	3.8524E-13	Tuorla_R
2.2990E+00	3.8076E-11	0.0000E+00	0.0000E+00	6.8788E-13	6.8788E-13	UVOT_V
2.8678E+00	3.7691E-11	0.0000E+00	0.0000E+00	4.8338E-13	4.8338E-13	UVOT_B
3.5444E+00	3.8751E-11	0.0000E+00	0.0000E+00	5.0997E-13	5.0997E-13	UVOT_U
4.7157E+00	3.5894E-11	0.0000E+00	0.0000E+00	4.9780E-13	4.9780E-13	UVOT_UW1
5.5660E+00	3.8648E-11	0.0000E+00	0.0000E+00	7.4732E-13	7.4732E-13	UVOT_UM2
6.1171E+00	3.8137E-11	0.0000E+00	0.0000E+00	5.8731E-13	5.8731E-13	UVOT_UW2
3.0500E+02	4.9759E-11	5.0000E+00	5.0000E+00	4.9436E-12	4.9436E-12	XRT_deabsorbed
3.1500E+02	2.9482E-11	5.0000E+00	5.0000E+00	3.5175E-12	3.5175E-12	XRT_deabsorbed
3.2500E+02	2.4537E-11	5.0000E+00	5.0000E+00	3.2319E-12	3.2319E-12	XRT_deabsorbed
3.3500E+02	3.0397E-11	5.0000E+00	5.0000E+00	3.2584E-12	3.2584E-12	XRT_deabsorbed
3.4500E+02	2.7399E-11	5.0000E+00	5.0000E+00	3.0500E-12	3.0500E-12	XRT_deabsorbed
3.5500E+02	2.7978E-11	5.0000E+00	5.0000E+00	2.9615E-12	2.9615E-12	XRT_deabsorbed
3.6500E+02	2.7153E-11	5.0000E+00	5.0000E+00	2.8692E-12	2.8692E-12	XRT_deabsorbed
3.7500E+02	2.3387E-11	5.0000E+00	5.0000E+00	2.6951E-12	2.6951E-12	XRT_deabsorbed
3.8500E+02	2.2900E-11	5.0000E+00	5.0000E+00	2.5325E-12	2.5325E-12	XRT_deabsorbed
3.9500E+02	2.0238E-11	5.0000E+00	5.0000E+00	2.4138E-12	2.4138E-12	XRT_deabsorbed
4.0500E+02	1.9237E-11	5.0000E+00	5.0000E+00	2.2898E-12	2.2898E-12	XRT_deabsorbed
4.1500E+02	1.9726E-11	5.0000E+00	5.0000E+00	2.2654E-12	2.2654E-12	XRT_deabsorbed
4.2500E+02	1.9323E-11	5.0000E+00	5.0000E+00	2.1519E-12	2.1519E-12	XRT_deabsorbed
4.3500E+02	1.8747E-11	5.0000E+00	5.0000E+00	2.1422E-12	2.1422E-12	XRT_deabsorbed
4.4500E+02	1.6853E-11	5.0000E+00	5.0000E+00	2.0843E-12	2.0843E-12	XRT_deabsorbed
4.5500E+02	1.8575E-11	5.0000E+00	5.0000E+00	2.1091E-12	2.1091E-12	XRT_deabsorbed
4.6500E+02	1.8497E-11	5.0000E+00	5.0000E+00	2.1228E-12	2.1228E-12	XRT_deabsorbed
4.7500E+02	1.8795E-11	5.0000E+00	5.0000E+00	2.1319E-12	2.1319E-12	XRT_deabsorbed
4.8500E+02	1.7184E-11	5.0000E+00	5.0000E+00	2.1662E-12	2.1662E-12	XRT_deabsorbed
4.9500E+02	1.6492E-11	5.0000E+00	5.0000E+00	2.0576E-12	2.0576E-12	XRT_deabsorbed
5.0500E+02	2.0297E-11	5.0000E+00	5.0000E+00	2.3435E-12	2.3435E-12	XRT_deabsorbed
5.1500E+02	1.6707E-11	5.0000E+00	5.0000E+00	2.2111E-12	2.2111E-12	XRT_deabsorbed
5.2500E+02	1.5976E-11	5.0000E+00	5.0000E+00	2.2169E-12	2.2169E-12	XRT_deabsorbed
5.3500E+02	1.7201E-11	5.0000E+00	5.0000E+00	2.3158E-12	2.3158E-12	XRT_deabsorbed
5.4500E+02	1.8151E-11	5.0000E+00	5.0000E+00	2.3221E-12	2.3221E-12	XRT_deabsorbed
5.5500E+02	1.5369E-11	5.0000E+00	5.0000E+00	2.3551E-12	2.3551E-12	XRT_deabsorbed
5.6500E+02	1.7623E-11	5.0000E+00	5.0000E+00	2.5206E-12	2.5206E-12	XRT_deabsorbed
5.7500E+02	1.3817E-11	5.0000E+00	5.0000E+00	2.3226E-12	2.3226E-12	XRT_deabsorbed
5.8500E+02	1.6513E-11	5.0000E+00	5.0000E+00	2.4501E-12	2.4501E-12	XRT_deabsorbed
5.9500E+02	2.1664E-11	5.0000E+00	5.0000E+00	2.6834E-12	2.6834E-12	XRT_deabsorbed
6.0500E+02	1.6204E-11	5.0000E+00	5.0000E+00	2.4416E-12	2.4416E-12	XRT_deabsorbed
6.1500E+02	1.8971E-11	5.0000E+00	5.0000E+00	2.5771E-12	2.5771E-12	XRT_deabsorbed
6.2500E+02	1.5524E-11	5.0000E+00	5.0000E+00	2.3913E-12	2.3913E-12	XRT_deabsorbed
6.3500E+02	1.8825E-11	5.0000E+00	5.0000E+00	2.5108E-12	2.5108E-12	XRT_deabsorbed
6.4500E+02	2.1663E-11	5.0000E+00	5.0000E+00	2.6332E-12	2.6332E-12	XRT_deabsorbed
6.5500E+02	1.5917E-11	5.0000E+00	5.0000E+00	2.2957E-12	2.2957E-12	XRT_deabsorbed
6.6500E+02	1.9395E-11	5.0000E+00	5.0000E+00	2.5013E-12	2.5013E-12	XRT_deabsorbed
6.7500E+02	1.7366E-11	5.0000E+00	5.0000E+00	2.3789E-12	2.3789E-12	XRT_deabsorbed
6.8500E+02	1.3631E-11	5.0000E+00	5.0000E+00	2.2214E-12	2.2214E-12	XRT_deabsorbed
6.9500E+02	1.9791E-11	5.0000E+00	5.0000E+00	2.4922E-12	2.4922E-12	XRT_deabsorbed
7.0500E+02	1.9461E-11	5.0000E+00	5.0000E+00	2.3970E-12	2.3970E-12	XRT_deabsorbed
7.1500E+02	1.3525E-11	5.0000E+00	5.0000E+00	2.0506E-12	2.0506E-12	XRT_deabsorbed
7.2500E+02	1.1934E-11	5.0000E+00	5.0000E+00	2.0129E-12	2.0129E-12	XRT_deabsorbed
7.3500E+02	1.2416E-11	5.0000E+00	5.0000E+00	1.9889E-12	1.9889E-12	XRT_deabsorbed
7.4500E+02	1.3805E-11	5.0000E+00	5.0000E+00	2.0165E-12	2.0165E-12	XRT_deabsorbed
7.5500E+02	1.7546E-11	5.0000E+00	5.0000E+00	2.2656E-12	2.2656E-12	XRT_deabsorbed
7.6500E+02	1.4723E-11	5.0000E+00	5.0000E+00	2.1453E-12	2.1453E-12	XRT_deabsorbed
7.7500E+02	1.6781E-11	5.0000E+00	5.0000E+00	2.2201E-12	2.2201E-12	XRT_deabsorbed
7.8500E+02	1.8818E-11	5.0000E+00	5.0000E+00	2.3043E-12	2.3043E-12	XRT_deabsorbed
7.9500E+02	1.5186E-11	5.0000E+00	5.0000E+00	2.0899E-12	2.0899E-12	XRT_deabsorbed
8.0500E+02	1.3157E-11	5.0000E+00	5.0000E+00	1.9794E-12	1.9794E-12	XRT_deabsorbed
8.1500E+02	1.6152E-11	5.0000E+00	5.0000E+00	2.1438E-12	2.1438E-12	XRT_deabsorbed
8.2500E+02	1.3708E-11	5.0000E+00	5.0000E+00	1.9841E-12	1.9841E-12	XRT_deabsorbed
8.3500E+02	1.5370E-11	5.0000E+00	5.0000E+00	2.0807E-12	2.0807E-12	XRT_deabsorbed
8.4500E+02	1.3032E-11	5.0000E+00	5.0000E+00	1.9291E-12	1.9291E-12	XRT_deabsorbed
8.5500E+02	1.3007E-11	5.0000E+00	5.0000E+00	1.9254E-12	1.9254E-12	XRT_deabsorbed
8.6500E+02	1.2410E-11	5.0000E+00	5.0000E+00	1.9132E-12	1.9132E-12	XRT_deabsorbed
8.7500E+02	1.2344E-11	5.0000E+00	5.0000E+00	1.8707E-12	1.8707E-12	XRT_deabsorbed
8.8500E+02	1.2323E-11	5.0000E+00	5.0000E+00	1.9031E-12	1.9031E-12	XRT_deabsorbed
8.9500E+02	1.4870E-11	5.0000E+00	5.0000E+00	2.0022E-12	2.0022E-12	XRT_deabsorbed
9.0500E+02	1.4380E-11	5.0000E+00	5.0000E+00	2.0216E-12	2.0216E-12	XRT_deabsorbed
9.1500E+02	1.3073E-11	5.0000E+00	5.0000E+00	1.9352E-12	1.9352E-12	XRT_deabsorbed
9.2500E+02	1.3376E-11	5.0000E+00	5.0000E+00	1.9242E-12	1.9242E-12	XRT_deabsorbed
9.3500E+02	1.1698E-11	5.0000E+00	5.0000E+00	1.7995E-12	1.7995E-12	XRT_deabsorbed
9.4500E+02	1.4808E-11	5.0000E+00	5.0000E+00	1.9784E-12	1.9784E-12	XRT_deabsorbed
9.5500E+02	9.1175E-12	5.0000E+00	5.0000E+00	1.6042E-12	1.6042E-12	XRT_deabsorbed
9.6500E+02	1.2485E-11	5.0000E+00	5.0000E+00	1.8921E-12	1.8921E-12	XRT_deabsorbed
9.7500E+02	1.3394E-11	5.0000E+00	5.0000E+00	1.9285E-12	1.9285E-12	XRT_deabsorbed
9.8500E+02	1.1758E-11	5.0000E+00	5.0000E+00	1.8285E-12	1.8285E-12	XRT_deabsorbed
9.9500E+02	1.0251E-11	5.0000E+00	5.0000E+00	1.6824E-12	1.6824E-12	XRT_deabsorbed
1.0050E+03	1.3905E-11	5.0000E+00	5.0000E+00	1.9278E-12	1.9278E-12	XRT_deabsorbed
1.0150E+03	1.2018E-11	5.0000E+00	5.0000E+00	1.9045E-12	1.9045E-12	XRT_deabsorbed
1.0250E+03	1.0516E-11	5.0000E+00	5.0000E+00	1.7242E-12	1.7242E-12	XRT_deabsorbed
1.0350E+03	1.3599E-11	5.0000E+00	5.0000E+00	1.9405E-12	1.9405E-12	XRT_deabsorbed
1.0450E+03	8.5068E-12	5.0000E+00	5.0000E+00	1.5951E-12	1.5951E-12	XRT_deabsorbed
1.0550E+03	9.0172E-12	5.0000E+00	5.0000E+00	1.6139E-12	1.6139E-12	XRT_deabsorbed
1.0650E+03	9.2753E-12	5.0001E+00	5.0001E+00	1.6129E-12	1.6129E-12	XRT_deabsorbed
1.0750E+03	8.4696E-12	5.0000E+00	5.0000E+00	1.5212E-12	1.5212E-12	XRT_deabsorbed
1.0850E+03	9.2344E-12	5.0000E+00	5.0000E+00	1.6068E-12	1.6068E-12	XRT_deabsorbed
1.0950E+03	1.1589E-11	5.0000E+00	5.0000E+00	1.8296E-12	1.8296E-12	XRT_deabsorbed
1.1050E+03	1.0256E-11	5.0000E+00	5.0000E+00	1.7304E-12	1.7304E-12	XRT_deabsorbed
1.1150E+03	1.0294E-11	5.0000E+00	5.0000E+00	1.7368E-12	1.7368E-12	XRT_deabsorbed
1.1250E+03	1.0603E-11	5.0000E+00	5.0000E+00	1.7425E-12	1.7425E-12	XRT_deabsorbed
1.1350E+03	7.5565E-12	5.0000E+00	5.0000E+00	1.4811E-12	1.4811E-12	XRT_deabsorbed
1.1450E+03	8.9317E-12	5.0000E+00	5.0000E+00	1.6287E-12	1.6287E-12	XRT_deabsorbed
1.1550E+03	8.2242E-12	5.0000E+00	5.0000E+00	1.5534E-12	1.5534E-12	XRT_deabsorbed
1.1650E+03	1.2033E-11	5.0000E+00	5.0000E+00	1.9222E-12	1.9222E-12	XRT_deabsorbed
1.1750E+03	1.1319E-11	5.0000E+00	5.0000E+00	1.8355E-12	1.8355E-12	XRT_deabsorbed
1.1850E+03	9.9064E-12	5.0001E+00	5.0001E+00	1.7960E-12	1.7960E-12	XRT_deabsorbed
1.1950E+03	8.2734E-12	5.0000E+00	5.0000E+00	1.6178E-12	1.6178E-12	XRT_deabsorbed
1.2050E+03	1.0985E-11	5.0000E+00	5.0000E+00	1.8301E-12	1.8301E-12	XRT_deabsorbed
1.2150E+03	1.1393E-11	5.0000E+00	5.0000E+00	1.8723E-12	1.8723E-12	XRT_deabsorbed
1.2250E+03	9.0694E-12	5.0000E+00	5.0000E+00	1.7095E-12	1.7095E-12	XRT_deabsorbed
1.2350E+03	9.0103E-12	5.0000E+00	5.0000E+00	1.7004E-12	1.7004E-12	XRT_deabsorbed
1.2450E+03	9.0926E-12	5.0000E+00	5.0000E+00	1.7160E-12	1.7160E-12	XRT_deabsorbed
1.2600E+03	7.0115E-12	1.0000E+01	1.0000E+01	1.0796E-12	1.0796E-12	XRT_deabsorbed
1.2750E+03	7.2578E-12	5.0000E+00	5.0000E+00	1.5463E-12	1.5463E-12	XRT_deabsorbed
1.2900E+03	6.8189E-12	1.0000E+01	1.0000E+01	1.0765E-12	1.0765E-12	XRT_deabsorbed
1.3050E+03	6.6319E-12	5.0000E+00	5.0000E+00	1.4829E-12	1.4829E-12	XRT_deabsorbed
1.3150E+03	9.4002E-12	5.0001E+00	5.0001E+00	1.7765E-12	1.7765E-12	XRT_deabsorbed
1.3250E+03	8.4556E-12	5.0000E+00	5.0000E+00	1.6911E-12	1.6911E-12	XRT_deabsorbed
1.3400E+03	7.4264E-12	1.0000E+01	1.0000E+01	1.1450E-12	1.1450E-12	XRT_deabsorbed
1.3600E+03	6.7232E-12	1.0000E+01	1.0000E+01	1.1043E-12	1.1043E-12	XRT_deabsorbed
1.3750E+03	8.2556E-12	5.0000E+00	5.0000E+00	1.7214E-12	1.7214E-12	XRT_deabsorbed
1.3850E+03	8.7289E-12	5.0000E+00	5.0000E+00	1.7818E-12	1.7818E-12	XRT_deabsorbed
1.3950E+03	1.0657E-11	5.0000E+00	5.0000E+00	1.9789E-12	1.9789E-12	XRT_deabsorbed
1.4050E+03	9.1355E-12	5.0000E+00	5.0000E+00	1.8636E-12	1.8636E-12	XRT_deabsorbed
1.4150E+03	7.5614E-12	5.0000E+00	5.0000E+00	1.6908E-12	1.6908E-12	XRT_deabsorbed
1.4250E+03	9.0303E-12	5.0000E+00	5.0000E+00	1.8817E-12	1.8817E-12	XRT_deabsorbed
1.4400E+03	7.9955E-12	1.0000E+01	1.0000E+01	1.2487E-12	1.2487E-12	XRT_deabsorbed
1.4550E+03	8.9950E-12	5.0000E+00	5.0000E+00	1.9164E-12	1.9164E-12	XRT_deabsorbed
1.4700E+03	8.4692E-12	1.0000E+01	1.0000E+01	1.3223E-12	1.3223E-12	XRT_deabsorbed
1.4850E+03	8.3208E-12	5.0000E+00	5.0000E+00	1.8606E-12	1.8606E-12	XRT_deabsorbed
1.4950E+03	8.4706E-12	5.0000E+00	5.0000E+00	1.8941E-12	1.8941E-12	XRT_deabsorbed
1.5050E+03	1.0380E-11	5.0000E+00	5.0000E+00	2.1604E-12	2.1604E-12	XRT_deabsorbed
1.5150E+03	9.4115E-12	5.0000E+00	5.0000E+00	2.0522E-12	2.0522E-12	XRT_deabsorbed
1.5250E+03	1.0028E-11	5.0000E+00	5.0000E+00	2.1365E-12	2.1365E-12	XRT_deabsorbed
1.5350E+03	1.0968E-11	5.0000E+00	5.0000E+00	2.2827E-12	2.2827E-12	XRT_deabsorbed
1.5500E+03	1.0598E-11	1.0000E+01	1.0000E+01	1.5794E-12	1.5794E-12	XRT_deabsorbed
1.5700E+03	7.6990E-12	1.0000E+01	1.0000E+01	1.3610E-12	1.3610E-12	XRT_deabsorbed
1.5900E+03	6.4446E-12	1.0000E+01	1.0000E+01	1.3112E-12	1.3112E-12	XRT_deabsorbed
1.6100E+03	7.5402E-12	1.0000E+01	1.0000E+01	1.4002E-12	1.4002E-12	XRT_deabsorbed
1.6350E+03	5.4451E-12	1.5000E+01	1.5000E+01	1.0098E-12	1.0098E-12	XRT_deabsorbed
1.6550E+03	1.1854E-11	5.0000E+00	5.0000E+00	2.6444E-12	2.6444E-12	XRT_deabsorbed
1.6750E+03	4.7429E-12	1.5000E+01	1.5000E+01	9.6752E-13	9.6752E-13	XRT_deabsorbed
1.6950E+03	1.1933E-11	5.0000E+00	5.0000E+00	2.6683E-12	2.6683E-12	XRT_deabsorbed
1.7100E+03	7.8663E-12	1.0000E+01	1.0000E+01	1.6004E-12	1.6004E-12	XRT_deabsorbed
1.7300E+03	9.1494E-12	1.0000E+01	1.0000E+01	1.6990E-12	1.6990E-12	XRT_deabsorbed
1.7500E+03	7.6941E-12	1.0000E+01	1.0000E+01	1.6033E-12	1.6033E-12	XRT_deabsorbed
1.7700E+03	1.0691E-11	1.0000E+01	1.0000E+01	1.9193E-12	1.9193E-12	XRT_deabsorbed
1.7900E+03	1.0188E-11	1.0000E+01	1.0000E+01	1.8919E-12	1.8919E-12	XRT_deabsorbed
1.8100E+03	8.1483E-12	1.0000E+01	1.0000E+01	1.7743E-12	1.7743E-12	XRT_deabsorbed
1.8300E+03	8.3918E-12	1.0000E+01	1.0000E+01	1.7891E-12	1.7891E-12	XRT_deabsorbed
1.8550E+03	9.8206E-12	1.5000E+01	1.5000E+01	1.6362E-12	1.6362E-12	XRT_deabsorbed
1.8800E+03	8.8575E-12	1.0000E+01	1.0000E+01	1.9329E-12	1.9329E-12	XRT_deabsorbed
1.9050E+03	6.0088E-12	1.5000E+01	1.5000E+01	1.3425E-12	1.3425E-12	XRT_deabsorbed
1.9300E+03	9.4692E-12	1.0000E+01	1.0000E+01	2.0664E-12	2.0664E-12	XRT_deabsorbed
1.9500E+03	9.1953E-12	1.0000E+01	1.0000E+01	2.0561E-12	2.0561E-12	XRT_deabsorbed
1.9700E+03	8.9754E-12	1.0000E+01	1.0000E+01	2.1097E-12	2.1097E-12	XRT_deabsorbed
1.9900E+03	1.1800E-11	1.0000E+01	1.0000E+01	2.3600E-12	2.3600E-12	XRT_deabsorbed
2.0100E+03	9.6843E-12	1.0000E+01	1.0000E+01	2.2161E-12	2.2161E-12	XRT_deabsorbed
2.0300E+03	1.0997E-11	1.0000E+01	1.0000E+01	2.3429E-12	2.3429E-12	XRT_deabsorbed
2.0550E+03	9.1561E-12	1.5000E+01	1.5000E+01	1.7611E-12	1.7611E-12	XRT_deabsorbed
2.0850E+03	9.1333E-12	1.5000E+01	1.5000E+01	1.8210E-12	1.8210E-12	XRT_deabsorbed
2.1200E+03	5.7528E-12	2.0000E+01	2.0000E+01	1.2544E-12	1.2544E-12	XRT_deabsorbed
2.1550E+03	7.3088E-12	1.5000E+01	1.5000E+01	1.6753E-12	1.6753E-12	XRT_deabsorbed
2.1850E+03	8.5922E-12	1.5000E+01	1.5000E+01	1.9128E-12	1.9128E-12	XRT_deabsorbed
2.2150E+03	8.3676E-12	1.5000E+01	1.5000E+01	1.9620E-12	1.9620E-12	XRT_deabsorbed
2.2500E+03	7.2444E-12	2.0000E+01	2.0000E+01	1.5809E-12	1.5809E-12	XRT_deabsorbed
2.2900E+03	7.7336E-12	2.0000E+01	2.0000E+01	1.8078E-12	1.8078E-12	XRT_deabsorbed
2.3400E+03	5.5986E-12	3.0000E+01	3.0000E+01	1.2812E-12	1.2812E-12	XRT_deabsorbed
2.3900E+03	8.2361E-12	2.0000E+01	2.0000E+01	1.9861E-12	1.9861E-12	XRT_deabsorbed
2.4400E+03	7.0610E-12	3.0000E+01	3.0000E+01	1.4713E-12	1.4713E-12	XRT_deabsorbed
2.5000E+03	6.8941E-12	3.0000E+01	3.0000E+01	1.4688E-12	1.4688E-12	XRT_deabsorbed
2.5600E+03	6.9280E-12	3.0000E+01	3.0000E+01	1.5086E-12	1.5086E-12	XRT_deabsorbed
2.6200E+03	7.2789E-12	3.0000E+01	3.0000E+01	1.5508E-12	1.5508E-12	XRT_deabsorbed
2.6800E+03	7.1135E-12	3.0000E+01	3.0000E+01	1.5869E-12	1.5869E-12	XRT_deabsorbed
2.7450E+03	6.5087E-12	3.5000E+01	3.5000E+01	1.4192E-12	1.4192E-12	XRT_deabsorbed
2.8050E+03	1.0495E-11	2.5000E+01	2.5000E+01	2.1423E-12	2.1423E-12	XRT_deabsorbed
2.8650E+03	6.7135E-12	3.5000E+01	3.5000E+01	1.4650E-12	1.4650E-12	XRT_deabsorbed
2.9350E+03	7.1948E-12	3.5000E+01	3.5000E+01	1.5339E-12	1.5339E-12	XRT_deabsorbed
3.0100E+03	5.9365E-12	4.0000E+01	4.0000E+01	1.3585E-12	1.3585E-12	XRT_deabsorbed
3.0850E+03	7.5717E-12	3.5000E+01	3.5000E+01	1.6856E-12	1.6856E-12	XRT_deabsorbed
3.1550E+03	7.5768E-12	3.5000E+01	3.5000E+01	1.6534E-12	1.6534E-12	XRT_deabsorbed
3.2650E+03	3.8396E-12	7.5000E+01	7.5000E+01	8.3723E-13	8.3723E-13	XRT_deabsorbed
3.3800E+03	6.7416E-12	4.0000E+01	4.0000E+01	1.5846E-12	1.5846E-12	XRT_deabsorbed
3.4800E+03	4.8620E-12	6.0000E+01	6.0000E+01	1.1400E-12	1.1400E-12	XRT_deabsorbed
3.5900E+03	6.5247E-12	5.0000E+01	5.0000E+01	1.4238E-12	1.4238E-12	XRT_deabsorbed
3.6900E+03	6.5000E-12	5.0000E+01	5.0000E+01	1.4535E-12	1.4535E-12	XRT_deabsorbed
3.8300E+03	3.9216E-12	9.0000E+01	9.0000E+01	8.9741E-13	8.9741E-13	XRT_deabsorbed
3.9900E+03	5.3350E-12	7.0000E+01	7.0000E+01	1.2229E-12	1.2229E-12	XRT_deabsorbed
4.1200E+03	6.5608E-12	6.0000E+01	6.0000E+01	1.5422E-12	1.5422E-12	XRT_deabsorbed
4.2600E+03	5.7455E-12	8.0000E+01	8.0000E+01	1.2837E-12	1.2837E-12	XRT_deabsorbed
4.4300E+03	5.6738E-12	9.0000E+01	9.0000E+01	1.2677E-12	1.2677E-12	XRT_deabsorbed
4.6250E+03	4.9182E-12	1.0500E+02	1.0500E+02	1.2173E-12	1.2173E-12	XRT_deabsorbed
4.9050E+03	3.5408E-12	1.7500E+02	1.7500E+02	8.7636E-13	8.7636E-13	XRT_deabsorbed
5.2850E+03	3.8431E-12	2.0500E+02	2.0500E+02	9.7672E-13	9.7672E-13	XRT_deabsorbed
5.9100E+03	2.7903E-12	4.2000E+02	4.2000E+02	7.6387E-13	7.6387E-13	XRT_deabsorbed
6.5600E+03	8.6978E-12	2.3000E+02	2.3000E+02	2.2105E-12	2.2105E-12	XRT_deabsorbed
7.6450E+03	3.0824E-12	8.5500E+02	8.5500E+02	1.4798E-12	1.4798E-12	XRT_deabsorbed
5.4772E+08	1.6083E-11	4.4772E+08	2.4523E+09	4.5441E-12	4.5441E-12	Fermi
1.7321E+10	2.4452E-11	1.4321E+10	8.2679E+10	1.2879E-11	1.2879E-11	Fermi
2.2361E+11	3.6013E-10	1.2361E+11	2.7639E+11	0.0000E+00	0.0000E+00	Fermi
1.7800E+11	9.9441E-12	2.0000E+10	2.2000E+10	3.5015E-12	3.2996E-12	VERITAS
2.2400E+11	2.9277E-12	2.4000E+10	2.7000E+10	1.5595E-12	1.5560E-12	VERITAS
2.8200E+11	4.7713E-12	3.1000E+10	3.4000E+10	1.8244E-12	1.7270E-12	VERITAS
3.5500E+11	3.6282E-12	3.9000E+10	4.3000E+10	1.5260E-12	1.4988E-12	VERITAS