4.3524e+25       1.6208e-12      1.2422e-12      2.4202e-12
4.4206e+25       1.5760e-12      1.2021e-12      2.3018e-12
4.4900e+25       1.5324e-12      1.1633e-12      2.1918e-12
4.5604e+25       1.4900e-12      1.1248e-12      2.0840e-12
4.6319e+25       1.4487e-12      1.0878e-12      1.9807e-12
4.7045e+25       1.4087e-12      1.0519e-12      1.8812e-12
4.7783e+25       1.3697e-12      1.0170e-12      1.7871e-12
4.8532e+25       1.3318e-12      9.8342e-13      1.7002e-12
4.9293e+25       1.2950e-12      9.5050e-13      1.6168e-12
5.0066e+25       1.2591e-12      9.1870e-13      1.5377e-12
5.0851e+25       1.2243e-12      8.8796e-13      1.4622e-12
5.1649e+25       1.1904e-12      8.5879e-13      1.3896e-12
5.2459e+25       1.1575e-12      8.3034e-13      1.3225e-12
5.3281e+25       1.1255e-12      8.0242e-13      1.2581e-12
5.4117e+25       1.0943e-12      7.7599e-13      1.1954e-12
5.4966e+25       1.0641e-12      7.5021e-13      1.1368e-12
5.5828e+25       1.0346e-12      7.2537e-13      1.0797e-12
5.6703e+25       1.0060e-12      7.0137e-13      1.0271e-12
5.7592e+25       9.7817e-13      6.7791e-13      9.7489e-13
5.8495e+25       9.5111e-13      6.5530e-13      9.2701e-13
5.9413e+25       9.2480e-13      6.3319e-13      8.8083e-13
6.0344e+25       8.9921e-13      6.1175e-13      8.3620e-13
6.1291e+25       8.7434e-13      5.9138e-13      7.9465e-13
6.2252e+25       8.5015e-13      5.7140e-13      7.5488e-13
6.3228e+25       8.2663e-13      5.5244e-13      7.1900e-13
6.4220e+25       8.0376e-13      5.3399e-13      6.8438e-13
6.5227e+25       7.8152e-13      5.1614e-13      6.5045e-13
6.6250e+25       7.5990e-13      4.9932e-13      6.1925e-13
6.7289e+25       7.3888e-13      4.8327e-13      5.9004e-13
6.8344e+25       7.1844e-13      4.6757e-13      5.6176e-13
6.9415e+25       6.9856e-13      4.5262e-13      5.3556e-13
7.0504e+25       6.7924e-13      4.3834e-13      5.1023e-13
7.1610e+25       6.6045e-13      4.2400e-13      4.8762e-13
7.2733e+25       6.4218e-13      4.1038e-13      4.6558e-13
7.3873e+25       6.2441e-13      3.9721e-13      4.4465e-13
7.5032e+25       6.0714e-13      3.8446e-13      4.2499e-13
7.6208e+25       5.9034e-13      3.7257e-13      4.0604e-13
7.7403e+25       5.7401e-13      3.6118e-13      3.8830e-13
7.8617e+25       5.5813e-13      3.4968e-13      3.7198e-13
7.9850e+25       5.4269e-13      3.3888e-13      3.5710e-13
8.1102e+25       5.2767e-13      3.2852e-13      3.4213e-13
8.2374e+25       5.1308e-13      3.1842e-13      3.2892e-13
8.3666e+25       4.9888e-13      3.0852e-13      3.1585e-13
8.4978e+25       4.8508e-13      2.9884e-13      3.0336e-13
8.6310e+25       4.7166e-13      2.8998e-13      2.9234e-13
8.7664e+25       4.5861e-13      2.8159e-13      2.8281e-13
8.9039e+25       4.4593e-13      2.7362e-13      2.7271e-13
9.0435e+25       4.3359e-13      2.6601e-13      2.6377e-13
9.1853e+25       4.2159e-13      2.5839e-13      2.5523e-13
9.3294e+25       4.0993e-13      2.5106e-13      2.4715e-13
9.4757e+25       3.9859e-13      2.4380e-13      2.4015e-13
9.6242e+25       3.8756e-13      2.3684e-13      2.3339e-13
9.7752e+25       3.7684e-13      2.3030e-13      2.2732e-13
9.9285e+25       3.6642e-13      2.2406e-13      2.2161e-13
1.0084e+26       3.5628e-13      2.1832e-13      2.1627e-13
1.0242e+26       3.4642e-13      2.1215e-13      2.1073e-13
1.0403e+26       3.3684e-13      2.0664e-13      2.0578e-13
1.0566e+26       3.2752e-13      2.0125e-13      2.0174e-13
1.0732e+26       3.1846e-13      1.9613e-13      1.9748e-13
1.0900e+26       3.0965e-13      1.9125e-13      1.9376e-13
1.1071e+26       3.0108e-13      1.8630e-13      1.8990e-13
1.1245e+26       2.9275e-13      1.8173e-13      1.8646e-13
1.1421e+26       2.8465e-13      1.7711e-13      1.8347e-13
1.1600e+26       2.7678e-13      1.7291e-13      1.8094e-13
1.1782e+26       2.6912e-13      1.6864e-13      1.7904e-13
1.1967e+26       2.6168e-13      1.6447e-13      1.7691e-13
1.2154e+26       2.5444e-13      1.6053e-13      1.7482e-13
1.2345e+26       2.4740e-13      1.5668e-13      1.7293e-13
1.2539e+26       2.4055e-13      1.5294e-13      1.7139e-13
1.2735e+26       2.3390e-13      1.4924e-13      1.6962e-13
1.2935e+26       2.2743e-13      1.4597e-13      1.6801e-13
1.3138e+26       2.2114e-13      1.4265e-13      1.6676e-13
1.3344e+26       2.1502e-13      1.3934e-13      1.6546e-13
1.3553e+26       2.0907e-13      1.3607e-13      1.6410e-13
1.3766e+26       2.0329e-13      1.3287e-13      1.6290e-13
1.3981e+26       1.9766e-13      1.2985e-13      1.6157e-13
1.4201e+26       1.9219e-13      1.2704e-13      1.6049e-13
1.4423e+26       1.8688e-13      1.2426e-13      1.5939e-13
1.4650e+26       1.8171e-13      1.2144e-13      1.5829e-13
1.4879e+26       1.7668e-13      1.1878e-13      1.5762e-13
1.5113e+26       1.7179e-13      1.1620e-13      1.5672e-13
1.5350e+26       1.6704e-13      1.1370e-13      1.5593e-13
1.5590e+26       1.6242e-13      1.1118e-13      1.5494e-13
1.5835e+26       1.5793e-13      1.0874e-13      1.5401e-13
1.6083e+26       1.5356e-13      1.0641e-13      1.5302e-13
1.6335e+26       1.4931e-13      1.0405e-13      1.5234e-13
1.6591e+26       1.4518e-13      1.0180e-13      1.5141e-13
1.6852e+26       1.4116e-13      9.9607e-14      1.5063e-13
1.7116e+26       1.3726e-13      9.7443e-14      1.4962e-13
1.7384e+26       1.3346e-13      9.5250e-14      1.4849e-13
1.7657e+26       1.2977e-13      9.3190e-14      1.4793e-13
1.7934e+26       1.2618e-13      9.1118e-14      1.4709e-13
1.8215e+26       1.2269e-13      8.9130e-14      1.4649e-13
1.8501e+26       1.1929e-13      8.7150e-14      1.4554e-13
1.8791e+26       1.1599e-13      8.5219e-14      1.4489e-13
1.9085e+26       1.1278e-13      8.3332e-14      1.4395e-13
1.9385e+26       1.0966e-13      8.1447e-14      1.4308e-13
1.9689e+26       1.0663e-13      7.9611e-14      1.4219e-13
1.9998e+26       1.0368e-13      7.7798e-14      1.4135e-13
2.0311e+26       1.0081e-13      7.6080e-14      1.4051e-13
