3.6270e+25       7.7640e-12      3.1947e-12      3.8597e-12
3.7123e+25       7.5838e-12      3.0433e-12      3.5886e-12
3.7997e+25       7.4077e-12      2.9023e-12      3.3347e-12
3.8891e+25       7.2357e-12      2.7636e-12      3.1090e-12
3.9806e+25       7.0677e-12      2.6354e-12      2.9011e-12
4.0743e+25       6.9036e-12      2.5187e-12      2.7134e-12
4.1702e+25       6.7433e-12      2.4090e-12      2.5434e-12
4.2683e+25       6.5868e-12      2.3133e-12      2.4009e-12
4.3687e+25       6.4338e-12      2.2260e-12      2.2707e-12
4.4715e+25       6.2845e-12      2.1512e-12      2.1594e-12
4.5767e+25       6.1386e-12      2.0827e-12      2.0699e-12
4.6844e+25       5.9960e-12      2.0165e-12      1.9917e-12
4.7947e+25       5.8568e-12      1.9674e-12      1.9378e-12
4.9075e+25       5.7208e-12      1.9247e-12      1.8998e-12
5.0230e+25       5.5880e-12      1.8894e-12      1.8700e-12
5.1412e+25       5.4583e-12      1.8589e-12      1.8562e-12
5.2621e+25       5.3316e-12      1.8341e-12      1.8527e-12
5.3860e+25       5.2078e-12      1.8176e-12      1.8552e-12
5.5127e+25       5.0869e-12      1.8056e-12      1.8821e-12
5.6424e+25       4.9688e-12      1.8001e-12      1.9150e-12
5.7752e+25       4.8534e-12      1.7944e-12      1.9518e-12
5.9111e+25       4.7407e-12      1.7935e-12      1.9944e-12
6.0502e+25       4.6307e-12      1.7909e-12      2.0447e-12
6.1925e+25       4.5231e-12      1.7910e-12      2.0912e-12
6.3383e+25       4.4181e-12      1.7943e-12      2.1482e-12
6.4874e+25       4.3156e-12      1.7934e-12      2.2100e-12
6.6401e+25       4.2154e-12      1.7952e-12      2.2709e-12
6.7963e+25       4.1175e-12      1.7968e-12      2.3237e-12
6.9562e+25       4.0219e-12      1.7971e-12      2.3850e-12
7.1199e+25       3.9285e-12      1.7969e-12      2.4497e-12
7.2875e+25       3.8373e-12      1.7985e-12      2.5113e-12
7.4589e+25       3.7482e-12      1.7973e-12      2.5764e-12
7.6345e+25       3.6612e-12      1.7957e-12      2.6451e-12
7.8141e+25       3.5762e-12      1.7923e-12      2.7052e-12
7.9980e+25       3.4932e-12      1.7871e-12      2.7773e-12
8.1862e+25       3.4121e-12      1.7819e-12      2.8421e-12
8.3788e+25       3.3328e-12      1.7748e-12      2.9053e-12
8.5760e+25       3.2555e-12      1.7654e-12      2.9680e-12
8.7778e+25       3.1799e-12      1.7560e-12      3.0337e-12
8.9843e+25       3.1060e-12      1.7467e-12      3.0955e-12
9.1957e+25       3.0339e-12      1.7349e-12      3.1559e-12
9.4121e+25       2.9635e-12      1.7223e-12      3.2179e-12
9.6336e+25       2.8947e-12      1.7087e-12      3.2847e-12
9.8603e+25       2.8275e-12      1.6955e-12      3.3408e-12
1.0092e+26       2.7618e-12      1.6816e-12      3.3979e-12
1.0330e+26       2.6977e-12      1.6667e-12      3.4573e-12
1.0573e+26       2.6351e-12      1.6507e-12      3.5085e-12
1.0822e+26       2.5739e-12      1.6348e-12      3.5605e-12
1.1076e+26       2.5141e-12      1.6174e-12      3.6125e-12
1.1337e+26       2.4558e-12      1.5999e-12      3.6686e-12
1.1604e+26       2.3988e-12      1.5816e-12      3.7234e-12
1.1877e+26       2.3431e-12      1.5636e-12      3.7758e-12
1.2156e+26       2.2887e-12      1.5454e-12      3.8216e-12
1.2442e+26       2.2355e-12      1.5269e-12      3.8733e-12
1.2735e+26       2.1836e-12      1.5078e-12      3.9177e-12
1.3035e+26       2.1329e-12      1.4880e-12      3.9672e-12
1.3341e+26       2.0834e-12      1.4678e-12      4.0195e-12
1.3655e+26       2.0350e-12      1.4480e-12      4.0659e-12
1.3977e+26       1.9878e-12      1.4281e-12      4.1145e-12
1.4306e+26       1.9416e-12      1.4078e-12      4.1581e-12
1.4642e+26       1.8966e-12      1.3874e-12      4.2073e-12
1.4987e+26       1.8525e-12      1.3669e-12      4.2514e-12
1.5339e+26       1.8095e-12      1.3463e-12      4.2920e-12
1.5700e+26       1.7675e-12      1.3259e-12      4.3382e-12
1.6070e+26       1.7265e-12      1.3049e-12      4.3851e-12
1.6448e+26       1.6864e-12      1.2842e-12      4.4286e-12
1.6835e+26       1.6472e-12      1.2641e-12      4.4718e-12
1.7231e+26       1.6090e-12      1.2441e-12      4.5134e-12
1.7637e+26       1.5716e-12      1.2233e-12      4.5503e-12
1.8052e+26       1.5351e-12      1.2030e-12      4.5915e-12
1.8476e+26       1.4995e-12      1.1829e-12      4.6274e-12
1.8911e+26       1.4647e-12      1.1629e-12      4.6625e-12
1.9356e+26       1.4307e-12      1.1432e-12      4.7000e-12
1.9812e+26       1.3975e-12      1.1235e-12      4.7383e-12
2.0278e+26       1.3650e-12      1.1038e-12      4.7713e-12
2.0755e+26       1.3333e-12      1.0842e-12      4.8044e-12
2.1243e+26       1.3024e-12      1.0645e-12      4.8373e-12
2.1743e+26       1.2721e-12      1.0451e-12      4.8744e-12
2.2255e+26       1.2426e-12      1.0261e-12      4.9030e-12
2.2779e+26       1.2137e-12      1.0074e-12      4.9338e-12
2.3315e+26       1.1856e-12      9.8860e-13      4.9647e-12
2.3863e+26       1.1580e-12      9.7001e-13      4.9936e-12
2.4425e+26       1.1312e-12      9.5193e-13      5.0215e-12
2.4999e+26       1.1049e-12      9.3413e-13      5.0579e-12
2.5588e+26       1.0792e-12      9.1628e-13      5.0832e-12
2.6190e+26       1.0542e-12      8.9899e-13      5.1091e-12
2.6806e+26       1.0297e-12      8.8166e-13      5.1396e-12
2.7437e+26       1.0058e-12      8.6476e-13      5.1662e-12
2.8082e+26       9.8245e-13      8.4804e-13      5.1976e-12
2.8743e+26       9.5964e-13      8.3150e-13      5.2199e-12
2.9420e+26       9.3736e-13      8.1512e-13      5.2472e-12
3.0112e+26       9.1559e-13      7.9912e-13      5.2796e-12
3.0820e+26       8.9434e-13      7.8321e-13      5.3030e-12
3.1546e+26       8.7357e-13      7.6760e-13      5.3292e-12
3.2288e+26       8.5329e-13      7.5221e-13      5.3570e-12
3.3048e+26       8.3348e-13      7.3701e-13      5.3834e-12
3.3825e+26       8.1413e-13      7.2218e-13      5.4047e-12
3.4621e+26       7.9523e-13      7.0757e-13      5.4274e-12
3.5436e+26       7.7676e-13      6.9321e-13      5.4515e-12
3.6270e+26       7.5873e-13      6.7905e-13      5.4755e-12
